480 1 -3980 35 35 35
144         -52826.833831901378      
141         -48651.526583179198      
142         -50142.461745984685      
143         -50463.393216241384      
141         -48381.095253019179      
141         -49139.957626896758      
138         -46892.009956269721      
137         -50317.519064604799      
138         -50778.280275894635      
136         -47972.899567283966      
134         -46710.590862310848      
134         -45980.586196339143      
127         -41708.195410530694      
129         -44272.844225317152      
132         -46086.961342370189      
128         -44157.594604765312      
133         -50439.251488425478      
133         -47697.193587682545      
137         -49800.123387585409      
133         -45797.10491240125       
128         -42215.094735613078      
130         -42108.821084780451      
129         -44470.354227866032      
129         -45919.721465886694      
127         -45831.786631373092      
126         -45851.771441696772      
124         -42861.434297452855      
122         -40393.114333343045      
121         -40818.48587970162       
129         -44178.525543141761      
130         -49058.965429692813      
133         -50122.874973158745      
127         -45835.896053832148      
126         -42259.210205593954      
128         -42721.019089689777      
130         -42864.277578958186      
132         -46021.043862552695      
129         -46030.306662740506      
129         -40677.746369963148      
134         -39050.050834428264      
133         -42911.330520966381      
132         -46511.755888041145      
134         -48152.395799236045      
132         -46820.87560513887       
132         -45709.470165265106      
126         -43095.668541362196      
123         -41589.368069121578      
126         -42268.225903310806      
127         -41025.230303455304      
122         -38516.124566557926      
116         -32927.799252744582      
118         -33652.136642963713      
121         -39873.26843447375       
126         -41588.308907351158      
123         -39855.514077999753      
126         -41569.54159362286       
134         -46967.406393208068      
135         -46611.771223702475      
135         -47204.348584426254      
137         -48033.914187097413      
132         -44934.845395741118      
134         -46440.404303002411      
137         -46526.709536244751      
133         -45012.145722821937      
131         -42712.556694785409      
126         -41213.374239430101      
132         -48913.773148692671      
134         -52123.993776088042      
133         -49479.015111668152      
133         -49521.778656679482      
136         -52566.76082268505       
137         -54665.718726771345      
142         -54274.632937949384      
141         -53914.463766770838      
141         -54405.403074162612      
141         -54856.324050630348      
135         -50660.172647391759      
131         -49151.293481764566      
125         -43848.872428366878      
126         -43799.238640571886      
122         -37210.621560249841      
120         -35399.185562067651      
125         -40530.732861858036      
131         -46423.170240213578      
129         -43607.860996991585      
125         -42280.411166689533      
131         -44485.05137626276       
132         -45985.78228153989       
133         -47235.402261355033      
126         -43213.405564102199      
129         -45036.080036098108      
133         -44745.643886403544      
133         -46398.049554925034      
132         -46715.859271442321      
135         -46090.647537979356      
137         -50480.174458677473      
138         -50229.735767532657      
133         -46611.253545075218      
135         -46814.722549631893      
136         -49064.152922189634      
137         -50625.687253431039      
