480 1 -3980 35 35 35
130         -97029.639711493306      
135         -101310.34291130661      
128         -90140.962039436185      
132         -96454.240954307214      
133         -99251.772911907203      
132         -99108.616929040247      
128         -94018.557679951075      
130         -96208.014067603974      
135         -104089.63993328498      
135         -103015.03574752751      
133         -100772.25680171093      
130         -98481.965264697763      
125         -86623.285671913371      
117         -77762.562009074478      
118         -77649.538973224233      
123         -84489.048221409539      
120         -80184.269103193234      
121         -83296.126749162635      
116         -76073.876972935512      
116         -78329.78877143703       
121         -85989.751513397685      
119         -83126.029759139041      
124         -87795.555323498236      
126         -91015.8804256398        
128         -93415.887930277357      
126         -91796.54190638283       
128         -93000.228515041119      
124         -89305.273219613446      
126         -89574.251767146372      
125         -86264.481747580197      
126         -89847.100100365817      
127         -87973.839465143741      
128         -94078.589847868221      
129         -95262.00514775941       
130         -97211.682664227119      
130         -95698.412927213009      
132         -96319.8871360825        
124         -86705.847432418173      
118         -80300.46292565827       
121         -86259.700441464054      
125         -90236.075438764776      
125         -88934.767092002861      
130         -93518.960156748988      
131         -95588.439395041263      
135         -103257.86728789465      
136         -103853.22895088208      
129         -96523.763238576241      
129         -96172.469171981837      
130         -95555.496764792842      
134         -103635.37390616737      
129         -96666.78510214109       
130         -99357.590462676599      
136         -106609.61024554643      
139         -110446.19278837559      
133         -103884.1577467873       
135         -107132.50586194184      
136         -105574.430297343        
140         -111413.35446825637      
139         -111804.56141776939      
142         -113558.74530250033      
145         -118394.69186506105      
144         -117707.71609088208      
143         -118130.57499066084      
146         -120780.60898974967      
143         -119377.96640536835      
142         -118772.58850912169      
144         -120936.72634577463      
145         -122743.67222220967      
147         -124761.49686435984      
150         -126739.26734019292      
149         -123926.80954980126      
147         -121167.08040595078      
148         -123058.21299639471      
145         -120791.56393617931      
141         -117099.9048450439       
145         -122591.31130892462      
144         -119974.11884899288      
145         -122770.42258640045      
141         -113985.17035333475      
136         -107590.72338465137      
137         -108528.56710697994      
137         -109088.67058192765      
135         -106615.26619874701      
130         -97747.809248107704      
135         -106323.4298743945       
136         -105062.13462672399      
137         -107187.55844899746      
134         -103198.237966516        
135         -106190.68862577705      
136         -107960.24232922065      
135         -104773.35488445967      
133         -101816.29581240047      
131         -97081.612557134562      
130         -98278.187916472903      
132         -102081.42453830453      
137         -108847.32321643752      
136         -107590.07849588942      
135         -104602.44156042699      
135         -103233.37831660206      
122         -88647.202365963385      
118         -86336.447131882334      
