480 1 -3980 35 35 35
129         -43623.931845140738      
127         -44164.829159922694      
132         -45839.901699321141      
134         -48107.804500946186      
127         -44748.92668806795       
132         -47695.49605165697       
132         -47688.579952827684      
135         -48071.789002592639      
138         -51771.039405725118      
136         -49485.683749886834      
134         -47970.797855286459      
134         -48592.089768250044      
130         -47520.579173478705      
133         -47014.167493043591      
131         -46738.569235292482      
140         -52886.244690989552      
140         -52685.52062295442       
137         -51118.602072737362      
138         -51548.366731370596      
136         -50237.022205739144      
130         -47273.185739757115      
138         -53441.827694018284      
132         -49146.498665375788      
137         -51188.403003403342      
137         -50085.878412403101      
141         -54640.508388754264      
141         -52721.708572874246      
144         -53909.0642140864        
143         -52202.866634823084      
144         -56715.993155670039      
143         -57024.708942159807      
144         -57495.877787168247      
140         -54569.455249860635      
145         -57486.675656057647      
144         -56899.341202362972      
143         -55818.350777718355      
140         -54799.622441774314      
134         -50928.538000467284      
139         -53443.518361970077      
144         -54925.873571588658      
142         -50348.294128522226      
145         -55340.040405780179      
140         -53110.057983460691      
133         -47473.309427623964      
135         -46783.347467126106      
131         -41627.372627213175      
130         -42272.525564818032      
132         -44689.837164152792      
126         -40124.695971531582      
120         -39579.425894228727      
121         -37078.591207585254      
130         -42368.944844696394      
129         -44433.185858984551      
125         -40974.937691490093      
130         -43952.631791177089      
129         -43901.397876155919      
127         -43737.009858143298      
126         -44036.255830048431      
123         -41102.036137144081      
123         -42092.892438498246      
124         -42984.403179963527      
122         -41434.048524196427      
122         -40112.429089931429      
122         -39522.363109996943      
118         -36196.137679518099      
123         -39230.689088328814      
127         -41412.283273350113      
133         -47938.206982712247      
132         -47126.989907041017      
139         -51607.618028948746      
140         -53167.77268377952       
141         -54407.89808015414       
140         -53321.354212406186      
141         -51478.682455358547      
138         -48831.761607064291      
142         -51609.126349695165      
140         -52808.863022362115      
140         -53350.395396319545      
138         -51673.945353269097      
140         -51839.994374665926      
143         -51359.502508757971      
139         -50601.099381745771      
145         -53342.97766045871       
143         -51350.95726214836       
143         -50742.84780333977       
135         -46605.597945981135      
129         -43378.849356422543      
126         -43183.638987552658      
128         -41448.782870134521      
122         -38847.336700807813      
128         -41828.275471490306      
129         -44219.232040412353      
133         -46074.019227976802      
130         -42183.579812312004      
123         -36205.531767285502      
124         -36014.350153720821      
118         -35797.279608281577      
112         -28998.930814537664      
118         -33456.818480146714      
123         -36057.313850185266      
135         -42899.873015414996      
