480 1 -3980 35 35 35
127         -41604.061376004262      
129         -40548.149188001553      
131         -41411.928656603915      
132         -44662.48439841254       
126         -40898.185390841019      
127         -42353.584488997178      
125         -42898.810504510308      
128         -44778.530911997506      
130         -46324.142657319921      
129         -46284.031561438736      
125         -45029.607884159181      
127         -45290.925825866332      
126         -42648.729108775566      
127         -43926.609593090121      
129         -46038.424256231738      
131         -47344.268119033361      
122         -42829.980776446078      
127         -45322.505065123114      
130         -45918.28630300318       
131         -48571.207706257446      
135         -49510.612829538011      
134         -49275.773579351473      
137         -51170.693400022959      
137         -47398.009043773971      
134         -45004.945207961879      
130         -46392.025171626912      
130         -47610.768193503995      
127         -46246.691408713043      
128         -45959.707486545929      
133         -49304.902469338318      
133         -49237.851678172272      
132         -48460.104928183828      
140         -53704.309602331174      
140         -54422.816430809136      
138         -53300.72547670619       
141         -52281.421520575976      
138         -48787.380768465489      
136         -47681.603568479375      
135         -49149.627244519499      
134         -49349.376836846946      
133         -49075.889428082097      
124         -40963.030517132451      
133         -47776.851104541958      
134         -49644.567506976564      
134         -48053.401848382535      
137         -48919.150434397685      
135         -49065.62537146714       
132         -46812.18380428035       
131         -48014.77784604804       
129         -46298.905141341726      
141         -54006.80273842415       
135         -50003.79227535145       
136         -49657.688654740625      
140         -50967.313489235312      
135         -47880.943896629789      
135         -48901.912004932623      
130         -44072.782180824979      
130         -44153.670303662577      
130         -40667.357830785608      
130         -41658.697614004202      
132         -45060.240197809071      
132         -43763.73934242894       
135         -45164.115333832342      
131         -45020.102164542805      
131         -43858.1167046712        
133         -48199.592280872406      
134         -49187.371454604167      
129         -44674.803979833508      
137         -46428.3345369366        
134         -48359.736293584931      
137         -50143.489951986514      
133         -48093.697232090082      
135         -47095.220923577697      
134         -47337.929962740156      
133         -48892.775327551397      
130         -46858.338286728293      
129         -46351.510883120791      
135         -50125.83926650638       
138         -52853.076795791807      
132         -44745.415188752515      
128         -42458.784654147152      
131         -45011.226332750281      
131         -44474.598508381212      
132         -45296.204076719601      
134         -47135.368730241207      
134         -48887.576959981707      
136         -47664.699157755436      
131         -45126.082149361981      
135         -46796.863115444525      
130         -43148.541707624267      
133         -45805.718250662329      
129         -41389.497023875083      
133         -44669.718871950208      
122         -38494.056790332172      
123         -39957.913835738218      
128         -42802.01683820592       
123         -39960.502992993352      
126         -42033.230586820202      
129         -43147.019673965238      
124         -38893.609609812265      
131         -43999.692217706783      
