480 1 -3980 35 35 35
140         -110625.62911266119      
138         -107091.33508225778      
138         -104598.09421434966      
134         -101396.74331228658      
131         -98255.02428522901       
128         -91334.871843390923      
130         -96340.843377211291      
133         -101878.2258993336       
133         -103310.35165821819      
138         -106252.37287762936      
139         -108802.07382116765      
142         -114447.09250959854      
142         -116053.2688784792       
141         -116136.5339167286       
136         -107084.44942151062      
137         -107686.54805560691      
136         -106621.53618072183      
132         -101102.82067152573      
130         -100378.44506421934      
134         -104876.9931146544       
134         -106919.96352551585      
137         -111385.30182877062      
138         -110984.79407601531      
139         -113664.03012295024      
135         -105322.05540763935      
129         -95592.201195286863      
134         -103417.62314701857      
135         -104757.31996997476      
132         -103476.13343696712      
133         -106094.27194418476      
134         -106810.70267036212      
136         -110262.1634831962       
138         -112403.47074844279      
135         -105210.18017329839      
131         -98597.719637904476      
135         -105532.77826859239      
136         -106082.31109841852      
135         -106615.1188875774       
136         -108003.30580996122      
134         -103671.69897457765      
134         -107283.01944933781      
135         -107409.90985980658      
138         -112976.22408610577      
138         -112494.10298686261      
138         -111842.61643690131      
135         -104619.44614174207      
134         -104463.78980043989      
138         -109921.38354028476      
141         -114154.3627214314       
141         -113089.29588823173      
145         -118218.74130211867      
140         -111523.8242804706       
141         -113486.11797671937      
142         -117879.40834758071      
140         -117066.80197904621      
137         -111386.99230008559      
143         -121558.63937824036      
143         -124260.69040300974      
146         -126980.30659479482      
147         -129327.22844214052      
145         -127441.56059846487      
145         -128572.31995777838      
143         -125853.85244264187      
143         -122309.8943108274       
143         -122738.09500497441      
143         -119450.49650045784      
140         -117214.51648916844      
141         -116467.89220411547      
146         -124121.86781662167      
145         -123612.01909476967      
148         -128860.06186682363      
146         -124445.95159724023      
145         -122368.52809425291      
143         -120115.97156757393      
138         -111380.0266192312       
140         -113972.0217181114       
141         -113924.02441876307      
140         -114224.58311749042      
136         -111581.95257280453      
141         -113498.66084417338      
142         -115434.29245052199      
144         -118840.58439293479      
142         -116553.87575848139      
141         -116656.34022317898      
135         -108256.9121689755       
134         -104274.08716602738      
138         -107999.70910433677      
132         -101830.98136774196      
135         -104093.32578078864      
130         -97507.242597289805      
134         -102469.36883756753      
131         -96932.247404277441      
135         -104082.26182556181      
137         -107361.48448450385      
134         -100200.04975811351      
136         -104444.85611602012      
135         -101863.80782300644      
135         -100352.06171580037      
131         -97659.989434624222      
132         -99146.888981983837      
134         -103605.30168253809      
