480 1 -3980 35 35 35
142         -118499.91421281773      
138         -111704.39983676073      
142         -116693.54550064563      
136         -106863.17148886573      
143         -115924.62101535258      
139         -112279.6693906033       
138         -112358.09911309225      
137         -112576.34982881097      
140         -114655.24478571654      
135         -107615.17885638739      
132         -100978.87883528964      
140         -112694.45464644594      
141         -112790.44562514825      
141         -113718.99926663037      
134         -100212.27370966377      
130         -94539.311437361815      
133         -98783.837167193327      
133         -100532.71396249378      
135         -102931.74241571449      
130         -98948.840328093967      
127         -94955.657548999574      
128         -96860.469223166932      
122         -91057.776516652593      
126         -94227.344210657786      
129         -99619.773005920928      
127         -96660.885242149699      
133         -104289.19162089276      
135         -109271.14844627795      
134         -104156.4558561396       
136         -109591.91097730566      
135         -108501.71289183645      
138         -114284.42869432153      
143         -121225.29605797157      
143         -119833.71358780994      
144         -119421.66893540056      
142         -121536.09156253452      
144         -124093.86815597593      
146         -127523.83969160203      
144         -124259.84454793761      
146         -124082.55595287982      
143         -120201.97644531523      
140         -115729.7713522305       
141         -116543.66427540657      
141         -116113.44926515577      
143         -118711.18040095389      
136         -109743.6211799392       
134         -106669.02502030681      
131         -101962.80730374245      
135         -106728.01214606647      
135         -109876.85985271671      
136         -111976.2591124974       
138         -111232.08118797214      
140         -114752.5678700752       
138         -112900.17004937057      
135         -110189.7518530128       
134         -106210.12248932864      
130         -100022.19472485369      
134         -104593.43084434833      
135         -108481.70772339095      
133         -105700.92182192448      
142         -116431.57488082856      
143         -116833.88457363637      
144         -118482.60336172131      
144         -116370.76600741563      
137         -108628.00277678337      
142         -117173.62988414167      
144         -123408.18350933972      
144         -119894.29783319305      
141         -117309.15987744999      
140         -115704.40267950013      
138         -109793.44065185005      
138         -109242.43862269087      
136         -107378.32452069824      
133         -101633.66349683405      
135         -104109.7512774299       
140         -110159.48809814005      
142         -114171.45446514756      
131         -100945.80572896649      
130         -101023.08169860113      
135         -105287.45665226693      
138         -111516.31893841487      
136         -105659.31994575051      
134         -106651.59651867079      
139         -114226.40779553787      
135         -106481.50068141254      
139         -110823.35614161269      
135         -106804.2977535816       
135         -104175.67042461451      
134         -105634.16675907801      
139         -109485.93184834787      
136         -104213.1385031831       
140         -113560.88034509744      
139         -112442.16615743916      
136         -108882.04718523599      
134         -102895.15288203757      
133         -103551.86358368212      
127         -97553.884974271627      
134         -106038.58396688654      
138         -114354.52868955363      
139         -113868.03449126595      
140         -114964.0798247427       
