480 1 -3980 35 35 35
125         -255023.16557186679      
128         -266276.68319660582      
137         -298502.90288589027      
134         -290783.90307497181      
132         -277589.03097387729      
128         -264903.70036427904      
125         -255318.56635203422      
124         -257725.84540895265      
130         -278859.65342138486      
117         -231493.88356255583      
120         -241929.05413174839      
128         -265652.75903299742      
130         -278174.46441818576      
136         -300379.2295322881       
129         -272220.68647043884      
133         -286483.29717026977      
133         -290508.36485425435      
136         -298757.0635934638       
133         -287994.77501295792      
131         -280982.33949844085      
131         -274767.72045093973      
130         -267125.72539613722      
130         -273183.24453878251      
131         -274613.77002734476      
132         -277101.2783135284       
130         -271894.39008880605      
137         -293291.32034763449      
133         -281680.70736908005      
136         -300190.69962176454      
136         -300932.11393556691      
139         -315777.70110048336      
134         -296750.10439352755      
139         -312135.44150945003      
138         -306415.47606274142      
137         -307574.38519847329      
134         -292348.4489834173       
130         -277866.87899805536      
132         -288702.93640087446      
129         -277799.67086506577      
135         -299519.37837355823      
134         -292841.30363689939      
132         -283796.41635912197      
127         -262836.51203521254      
131         -279206.14305198798      
133         -285118.28805747052      
130         -274295.87055893487      
132         -281170.75701292016      
124         -248722.37984190017      
127         -264173.41372393986      
134         -289298.59138550481      
127         -256949.78657848231      
123         -243285.8478975172       
122         -239936.80596083935      
121         -240887.60663351248      
123         -246238.68084008558      
115         -214053.33549733192      
117         -222779.39741775047      
122         -240701.49820988523      
122         -237917.50661394451      
118         -221431.92620408096      
121         -231301.89837725082      
123         -237127.73651690132      
127         -250988.29564067605      
131         -271165.36731015111      
128         -263603.03719632409      
127         -263168.76527372148      
129         -271885.70400506177      
123         -260252.97703010842      
116         -235425.52614710879      
120         -244943.34703909396      
122         -252780.82041142686      
123         -254166.97031193334      
123         -253193.84237294787      
124         -256703.11989042061      
133         -289815.95905880659      
133         -291639.43623312877      
137         -303392.77153134427      
134         -289719.09493579972      
135         -291681.23302450491      
134         -287084.71537298831      
133         -281790.55391456594      
136         -298348.73560518207      
132         -284981.91391015833      
132         -285553.8510236229       
135         -297183.23530434357      
137         -302687.81735776336      
136         -302375.98891730042      
136         -306328.34347126464      
135         -301371.68446095329      
131         -289494.61054118542      
130         -287136.76137764589      
129         -277823.13348682743      
131         -282806.61639035161      
125         -259267.29942392756      
127         -264783.13421984855      
136         -298542.27290508919      
136         -299615.32195143116      
138         -310648.57967894251      
137         -304516.40879554494      
133         -285326.443270199        
139         -307191.61371174856      
