480 1 -3980 35 35 35
147         -55272.074937975129      
150         -58141.094880094759      
154         -59633.221627650229      
149         -56137.14007634078       
150         -56865.823192436226      
150         -57738.674506133524      
146         -55147.61108746814       
141         -51424.020186324087      
140         -50701.24614995021       
139         -50410.346382572789      
143         -53554.128194931131      
147         -55701.295152430241      
150         -57715.248776443084      
142         -53446.602526307448      
140         -52581.100963620411      
143         -54335.125321049964      
152         -60491.938656033351      
150         -57354.413484001343      
147         -56104.134246599206      
142         -51890.774068574334      
139         -51747.166150495024      
141         -53621.53140069548       
134         -49305.417697627512      
134         -50324.625122372956      
135         -49091.613429872901      
139         -46883.757845888853      
138         -45852.214288975098      
139         -46189.594933943983      
133         -42523.794633456309      
141         -46528.557915382182      
138         -49068.672181656031      
134         -44689.089057322963      
138         -49500.475260786166      
138         -51556.661173981054      
145         -56102.47253346513       
145         -56027.28111143579       
145         -55771.182490699604      
145         -55486.613923508819      
142         -54729.848426149663      
142         -53722.04590104919       
142         -54669.580062805879      
144         -54565.538141890342      
139         -50211.661023019122      
133         -44598.185103043514      
134         -44714.552856100192      
136         -46836.590836110714      
136         -47601.381666711597      
135         -45358.460371818161      
132         -46028.934856428255      
133         -47654.130034736132      
129         -45446.171049563585      
129         -44527.650953600933      
136         -49499.486256785698      
139         -49949.759497459403      
143         -53362.929115350147      
146         -56664.698780739702      
144         -54756.296426685418      
141         -54794.52578893242       
139         -53212.180174725348      
138         -52302.596541228333      
134         -51165.224531470616      
131         -48111.299176418208      
136         -46349.365969361745      
134         -45688.532293272256      
140         -50456.543542682659      
140         -53440.93539306274       
138         -51249.844967327939      
139         -52138.228920870715      
145         -56025.320247211923      
145         -55605.765764826057      
146         -56685.811972856034      
141         -52893.887548161721      
142         -54693.100377421557      
141         -53269.033706899827      
137         -49593.887002450821      
134         -49392.813620920082      
134         -47913.956726610086      
138         -51637.109364548509      
137         -50869.991653942154      
133         -48418.312490179618      
132         -46986.029063039445      
130         -45537.102826414746      
131         -44280.198215862212      
132         -41001.627272786303      
123         -36295.987131403148      
121         -39441.472764082282      
125         -40652.531765346648      
124         -41936.045950512605      
130         -42526.566059443125      
130         -42206.574131460729      
126         -42047.975297180252      
123         -42128.244094173271      
129         -41381.176744688775      
127         -39925.018852274588      
126         -41145.558161175511      
134         -46395.04101441973       
131         -46382.648101867635      
135         -45683.095075469319      
130         -43789.705974257915      
129         -43089.549626412801      
129         -43623.931845140694      
