480 1 -3980 35 35 35
140         -112450.62755274215      
132         -101097.17885208713      
138         -110094.03825617624      
148         -123477.91697140111      
148         -122537.62107027516      
148         -122741.33292160444      
141         -114642.42406525521      
143         -119006.37852365396      
138         -113379.89749924037      
135         -106119.11564148018      
139         -109843.30372444353      
140         -113112.35790935832      
140         -114592.23692783715      
144         -121857.90210130285      
138         -112326.96406724055      
143         -117745.24692002207      
136         -105385.64305942664      
139         -113072.31288743195      
136         -109396.26953176169      
142         -116221.78631438824      
137         -111284.62352900922      
136         -108198.93593233048      
136         -109175.64401865887      
133         -105151.48084058557      
134         -104167.27442399933      
137         -109514.55519407614      
140         -113698.7719527236       
138         -109654.42050947643      
139         -108890.78109261427      
138         -109887.02065778842      
132         -103786.0787461782       
129         -98211.125985238716      
113         -77559.068860531857      
116         -75809.095215226786      
117         -77757.517511540049      
116         -79453.607828426582      
114         -74760.404471315487      
123         -83893.530628960478      
128         -87902.463176505786      
134         -98760.48763823678       
130         -92718.237026918883      
126         -91145.165271208301      
131         -99269.722919588559      
131         -97175.101555332803      
129         -93113.45412219342       
132         -98934.660361510687      
133         -100927.3370490979       
137         -107404.46833638642      
135         -106601.34029052255      
135         -107910.02818799631      
134         -102790.9202726862       
139         -113086.98225284577      
143         -119222.24182722505      
146         -126398.2679817164       
145         -124756.74270330786      
143         -120209.38032281317      
143         -121623.68642242117      
145         -124568.01553686602      
144         -121471.30688221061      
146         -124160.22598867702      
140         -116222.69839128274      
138         -112306.63711741623      
137         -110806.36927515095      
135         -108440.66360158657      
137         -109185.84648620033      
142         -118213.39803549368      
140         -115143.94134931696      
139         -112776.72925141671      
140         -115146.24611573826      
136         -108688.70209027498      
136         -109355.15255483193      
143         -117126.24653615503      
140         -114198.09430494088      
140         -113860.32470369378      
135         -107165.45558557491      
134         -104588.9711881543       
131         -100537.29057495503      
133         -102190.25718008628      
136         -104349.92208194784      
129         -96092.702507089532      
127         -96249.746354620875      
122         -87708.993409460061      
127         -93863.401631931294      
128         -97711.746330014867      
131         -101350.93874886481      
135         -107880.05581096039      
135         -105411.3485954022       
136         -110593.29126578249      
139         -112218.66095622627      
138         -110083.96143790615      
139         -113691.71718749062      
138         -109219.88744564624      
135         -103242.43712194935      
120         -85987.297050557114      
133         -99152.146531747276      
138         -105439.63297831242      
135         -100743.81524619105      
133         -101958.12974199202      
136         -105298.88206131577      
127         -93892.653100668496      
129         -96544.156655269704      
