480 1 -3980 35 35 35
128         -271057.68086359621      
129         -279846.89845255273      
136         -305189.65138265881      
136         -299552.65799323266      
133         -288928.29794366652      
131         -274159.09892933496      
138         -306376.48020269145      
133         -292900.36131175002      
136         -301567.71935814334      
135         -295068.77010020282      
134         -292286.16737205238      
134         -288400.4129009723       
131         -278779.18811469909      
133         -288855.35489368881      
138         -309116.59727909591      
132         -284966.2706254152       
132         -289021.35784463631      
136         -307486.51137637621      
137         -311777.352012872        
139         -318802.7856861389       
140         -323939.77848149143      
136         -307720.26664896251      
142         -330792.77023865224      
136         -305834.00905222737      
138         -309377.49754034274      
139         -319139.95185058494      
143         -338290.5473988856       
145         -341098.91235766734      
144         -331382.19436940149      
140         -312998.25594636978      
136         -298223.06815768371      
138         -304700.31840733305      
134         -289701.92629580933      
129         -275597.68483017018      
130         -278898.699167346        
125         -259993.73211403532      
129         -270121.76919715112      
130         -274673.11770884978      
131         -278309.46869073674      
127         -267871.51393627579      
130         -279920.48986643588      
125         -257195.10372695196      
130         -268683.8500078994       
138         -300904.25561880594      
129         -267479.63076454174      
131         -275220.00077203137      
132         -284471.79663792608      
137         -303360.02366153966      
136         -295881.5008311604       
141         -313792.38882075675      
139         -311358.80936681153      
138         -309880.47193242563      
139         -315537.72367710527      
136         -304390.83424349903      
138         -303519.8698123467       
138         -303509.27542491362      
135         -291262.53562161495      
133         -286793.19796822767      
133         -287811.65639048949      
136         -298506.62731949985      
140         -307824.16144076118      
136         -290094.36722068966      
136         -293822.40880336636      
131         -276341.19595483597      
135         -290868.18571211834      
135         -284470.99381001136      
140         -310518.33020754642      
133         -287517.82387169858      
133         -288207.80771349114      
134         -292158.13965423359      
134         -295207.48887825885      
130         -280882.61564662022      
127         -269145.69148054667      
129         -274835.04749137699      
129         -273712.54390501656      
127         -263137.66249309364      
127         -265674.64028327184      
133         -283820.96213902737      
132         -282151.40025124059      
134         -283599.07178167341      
135         -289317.4895602247       
138         -304296.41081593535      
141         -313281.86273085966      
138         -298711.19455822784      
131         -278447.63493843924      
132         -278868.68317109242      
129         -266038.23315649852      
127         -257899.71150664083      
128         -264040.22531340533      
135         -288717.51169647154      
130         -271671.53260285332      
130         -271697.61974119162      
125         -258813.64435534299      
126         -262882.0479509643       
125         -262718.80500008579      
127         -271635.16382929258      
132         -287653.68582849903      
137         -303023.73075005808      
136         -295127.17217320885      
137         -308417.97233992402      
138         -308419.98828533333      
