480 1 -3980 35 35 35
134         -289864.15892691311      
134         -294309.39826470695      
127         -266885.35314699769      
126         -267330.56527274428      
134         -293807.42095602566      
132         -283689.80077236507      
130         -273677.54067998985      
133         -286086.685253245        
131         -278770.71188622696      
137         -295860.65218018537      
132         -279377.33753427543      
132         -278138.98040408141      
135         -290976.47700839123      
132         -281685.86551519216      
130         -276387.77015580935      
127         -266222.17827745428      
127         -273304.07013297064      
132         -289847.99720014283      
135         -291729.91916965629      
133         -281912.64883894054      
132         -280184.27585054608      
123         -256735.20470312043      
123         -256016.82773769594      
125         -251767.52804377989      
133         -285051.38517267857      
136         -304068.04360359575      
137         -304783.3987387087       
136         -302031.66697862314      
135         -303140.38422041555      
134         -301935.49932000443      
138         -311167.31126063032      
140         -317411.49785518646      
138         -312091.07989962009      
137         -305201.97880508692      
139         -314081.32572025171      
140         -317526.62929608882      
136         -310530.83965979744      
133         -296967.74301459588      
131         -291804.34797305486      
136         -312675.79605483898      
138         -319825.09841821768      
133         -299303.06528921536      
135         -301265.5222596458       
140         -318564.89612765389      
138         -313957.58929326234      
143         -328834.83115572762      
137         -308562.29526577611      
140         -321886.92012542766      
137         -308387.40992850217      
139         -314926.13004058524      
143         -330540.16837340867      
144         -335580.57129691349      
146         -345577.62182947726      
147         -349156.10183990572      
144         -336655.33827165671      
142         -326064.5790433354       
144         -334890.69077691698      
145         -337527.76586403721      
143         -328345.62089388858      
142         -325595.4464249938       
144         -336854.1401514376       
146         -345940.72333356645      
149         -361250.11134986253      
146         -346271.15172247286      
145         -337982.90194971953      
144         -331723.86846255767      
145         -336392.98049888609      
145         -335996.60500564374      
146         -337775.71977706591      
145         -332412.82863755652      
138         -310303.68932469684      
133         -290247.02933704521      
137         -305489.88361213636      
137         -303378.59335588349      
136         -302477.96732651943      
135         -297051.88710318157      
132         -290549.81455991091      
134         -299278.87224476069      
140         -324628.92794961215      
137         -312528.07480309583      
134         -296089.57192939467      
134         -295582.32234757213      
131         -278079.74221604882      
131         -276578.24695296906      
135         -293156.25350357423      
141         -320313.08217049669      
139         -309973.88742508908      
139         -306581.74299193092      
140         -310156.85639080545      
139         -306173.27910544997      
136         -295309.73378073872      
136         -297246.02069397259      
142         -323843.96702404402      
144         -338039.24102518766      
142         -329262.94859534584      
137         -308960.95413862728      
136         -301989.32835945929      
129         -274964.19023241592      
132         -281436.33381753368      
134         -288102.29614452663      
132         -281936.20452228724      
