480 1 -3980 35 35 35
147         -355814.5764924293       
150         -370999.96382223058      
154         -382551.62559703807      
149         -360153.54646839056      
150         -367834.99244350067      
150         -367020.16155883588      
146         -348557.15802785533      
141         -333752.86695007887      
140         -326923.44935474539      
139         -321573.14780657215      
143         -336588.64131125773      
147         -351085.78896084777      
150         -366287.7335498539       
142         -338519.48901848833      
140         -328579.25696227042      
143         -340586.34904916561      
152         -382098.81222635251      
150         -372188.02194730355      
147         -357496.15841902344      
142         -333807.04399388586      
139         -325979.01475535514      
141         -333205.48214995232      
134         -302512.14272846445      
134         -296961.44087758532      
135         -302193.15714986227      
139         -306968.96327031183      
138         -307920.07408488577      
139         -311287.18160538841      
133         -289145.887441737        
141         -313267.539793698        
138         -306378.39229376416      
134         -290791.8415589158       
138         -309088.90973257483      
138         -313132.28462507715      
145         -344425.99545961735      
145         -342691.84276688995      
145         -341849.62584741705      
145         -342779.24935457407      
142         -334701.69155380386      
142         -335027.56683201075      
142         -334694.3858128232       
144         -340827.94937887706      
139         -316029.27882651042      
133         -285987.41500740283      
134         -290083.81423275493      
136         -299490.24389958457      
136         -301982.56922403479      
135         -297542.81314761046      
132         -290857.60833113408      
133         -293117.47560087539      
129         -280951.69854750426      
129         -279914.21330839075      
136         -303565.94818842894      
139         -312050.47221079632      
143         -330588.50500397466      
146         -340289.79172738828      
144         -330322.52764486033      
141         -325020.85218626761      
139         -316815.56870228087      
138         -318483.94645643811      
134         -306516.96422181337      
131         -293543.62841483066      
136         -303480.40316045133      
134         -298348.64205101132      
140         -323660.58330532         
140         -326634.31271287688      
138         -320596.74920611206      
139         -329170.22199353448      
145         -351251.65440623806      
145         -346499.59628001018      
146         -344861.15727302321      
141         -326749.60239145742      
142         -328265.90513120836      
141         -322007.97614170407      
137         -303679.2750427908       
134         -293094.90781510447      
134         -295089.11266979534      
138         -315850.48311721673      
137         -313706.0394930293       
133         -299987.9431298984       
132         -288992.48940462607      
130         -275350.47289833432      
131         -280918.8858995795       
132         -279024.3190966181       
123         -248059.70235011014      
121         -243302.85085944663      
125         -253347.27644245446      
124         -249674.85397410337      
130         -269082.86511124298      
130         -274682.63923541358      
126         -269265.13151974906      
123         -253230.80897674477      
129         -268467.60835229885      
127         -267539.36760922056      
126         -265347.13309754769      
134         -293939.49144148733      
131         -283490.24722221645      
135         -300599.70648432302      
130         -282358.96607519925      
129         -276008.4084069808       
129         -276422.4393655837       
