480 1 -3980 35 35 35
142         -114229.79559750677      
141         -114372.79377261233      
142         -115976.51407264981      
145         -124147.41873320125      
143         -118738.5277881502       
146         -123744.56072926996      
144         -122297.52092908043      
143         -120366.66426792265      
143         -120998.12316369101      
145         -121100.73134106665      
138         -111547.61739717942      
139         -111300.74452450554      
139         -109812.2259246726       
130         -95080.396562909897      
132         -98528.869396508409      
131         -95230.784999684794      
131         -96715.555794149332      
131         -94772.311398370584      
126         -89446.823727756433      
129         -93364.175475674492      
132         -96278.912539286292      
123         -86691.836345046497      
123         -84898.065277377784      
116         -77890.144701155179      
118         -81126.344890278153      
119         -81799.372302607619      
118         -80309.026320363279      
109         -71649.478973487887      
115         -77879.754622234323      
122         -83641.08445696834       
124         -86622.495265801379      
125         -88588.681641092859      
132         -97879.218055379708      
133         -99946.162045713631      
132         -99942.615729715981      
129         -96037.230656299274      
126         -91915.896221781761      
129         -95520.738158566892      
128         -92912.706559280865      
128         -92772.415104914864      
126         -86922.470149617759      
124         -86130.852863500564      
128         -92906.970999464043      
129         -94479.377801468523      
129         -92038.112766305261      
128         -92826.352833986384      
129         -92011.279240671967      
132         -95255.665382250765      
132         -95221.306778371916      
131         -93920.571991862496      
130         -92842.564880843522      
130         -91234.254094017742      
128         -88928.146799721988      
128         -90298.632099982948      
124         -86997.138668961765      
129         -92548.250584293244      
129         -91684.391283189019      
129         -92272.366013194071      
134         -102133.08156592831      
135         -103975.19083624531      
131         -96372.493139059734      
129         -94838.173187291468      
129         -96569.992815149002      
134         -103167.26330677317      
135         -105079.94732630589      
135         -102826.91018791024      
134         -104906.89499911682      
136         -108771.27532701855      
139         -110993.744583591        
141         -111092.89017887357      
134         -101025.96990028546      
138         -106557.10234367261      
142         -112917.50283704861      
134         -104094.80997310489      
131         -101388.72212401223      
142         -114021.64174095995      
136         -105216.49768129602      
139         -108603.01234485753      
135         -104200.55856064729      
133         -99989.728657418658      
135         -105611.87698906107      
129         -96623.684225620484      
132         -98478.240636172282      
130         -94659.733153839348      
133         -99516.143731897784      
130         -96064.309149826469      
124         -87769.606403427402      
127         -90647.971404602169      
126         -92314.046276995898      
127         -91785.006524954806      
133         -99683.741840262344      
135         -100065.37708076983      
136         -104106.59767953589      
139         -107788.45409628983      
137         -104815.8178892432       
129         -93340.307175401642      
126         -91844.745758734804      
128         -96517.531668783515      
129         -96551.375595900885      
122         -88085.661265760151      
127         -92544.366556108755      
