480 1 -3980 35 35 35
136         -107318.40083256135      
134         -103574.90966672558      
132         -100454.29915295122      
129         -98023.43411206927       
135         -105092.64918689264      
133         -107005.9449029907       
135         -112827.23845507466      
130         -104910.21953983433      
128         -101240.61446901172      
128         -102148.15331263188      
136         -109218.18501551585      
136         -110512.02623722357      
136         -111726.92173084813      
131         -101892.43539535234      
135         -110094.98537983661      
136         -109208.66685300069      
132         -106940.7594618869       
130         -100519.43295308197      
126         -93825.099567311991      
124         -93271.683711096994      
133         -104458.5485872547       
126         -95483.393190040166      
128         -98884.966180675023      
134         -105711.38053333189      
129         -100692.07847269689      
133         -105905.38390560189      
127         -99140.619144255921      
131         -99734.281511701411      
128         -94454.037867800478      
131         -93823.889201072248      
125         -87295.242761574555      
122         -84695.474307491662      
127         -90223.202356231064      
125         -89858.801955465358      
127         -89161.687439424146      
128         -92285.639673748694      
127         -91132.692413360972      
127         -90376.755598092699      
127         -89981.294679097264      
126         -92379.473967794052      
128         -90228.374787634646      
130         -96987.900419348662      
132         -100905.46792775202      
137         -107514.98402123323      
135         -104056.63291189808      
129         -97212.759540893574      
132         -100526.21078550306      
126         -92846.622393136058      
123         -88129.214702138139      
128         -96580.530540217063      
127         -96052.170342784579      
134         -105673.76859356096      
135         -107089.14105051151      
136         -110725.77769403336      
136         -111242.89227092959      
136         -111420.27127559391      
131         -104060.24579518498      
138         -114503.71513931161      
134         -109371.99695879576      
125         -96959.45403984205       
132         -103233.61414134559      
129         -100089.56169894963      
131         -102724.73614569625      
134         -104549.68844665127      
128         -96073.679901183757      
126         -95292.006251647632      
128         -99334.094327684084      
133         -106769.75673957515      
135         -111120.67115109843      
138         -112741.77353318736      
133         -103347.17025404521      
135         -102926.51463049215      
135         -103100.9301624074       
139         -108013.66702743356      
140         -110091.09935877417      
137         -107995.57129330996      
138         -109682.49266024776      
139         -109475.54200468988      
142         -116585.00402597117      
139         -112863.53042684293      
136         -106706.26259559528      
137         -106194.71290062722      
128         -92881.822584977344      
130         -97460.256857942353      
139         -112494.68671100527      
142         -118520.52598027952      
142         -115764.20412883676      
144         -120140.41436267263      
142         -117746.29290444679      
144         -122148.57673046713      
142         -117402.64013110909      
140         -115071.95596669067      
134         -105774.63071770704      
131         -102266.67531798096      
138         -112586.91803406994      
135         -108128.50207521042      
133         -102626.6849224889       
135         -104095.66822185356      
135         -105313.94182107369      
135         -105766.27697509518      
133         -100434.17870332141      
