480 1 -3980 35 35 35
139         -109051.47727148516      
139         -110079.59327803789      
139         -108590.58358335496      
136         -105318.42691600778      
138         -109155.50876566705      
137         -108156.80209238261      
133         -100836.08748677641      
130         -96290.924149157101      
134         -101905.11796388667      
136         -103763.61093487449      
136         -103771.29499834096      
134         -101616.39561411677      
135         -105463.36073779968      
131         -98818.777059743152      
130         -97444.357886687416      
133         -99223.021920075756      
131         -95763.129442010249      
134         -97788.320377528988      
134         -96634.123070226779      
130         -92287.000735355279      
133         -99251.895971976541      
125         -89714.159199619535      
126         -91066.987813301152      
130         -95022.678894447497      
136         -100567.98256292292      
136         -100401.18297722146      
139         -107098.8665622071       
136         -105066.91816281175      
137         -103659.35697992005      
137         -102850.75333192016      
134         -101820.72335426946      
129         -94487.751994280421      
137         -101346.1383892848       
136         -99464.587652544462      
131         -98769.59501608272       
132         -102841.66886499112      
131         -98445.469854286843      
130         -96618.980242737656      
122         -87405.431699489302      
121         -87175.586069076395      
120         -85505.055292006218      
118         -84555.37068355098       
125         -91755.433148729833      
126         -92829.15873056477       
123         -89537.436885987656      
121         -84334.089243634444      
125         -87705.495604105075      
122         -85766.545650128624      
123         -85689.225126313453      
122         -86127.194456724523      
122         -83198.673079961009      
117         -78581.947105378393      
124         -89154.881502398523      
123         -90978.329685916382      
121         -90018.082013558524      
125         -94080.40814357654       
129         -99091.546398035192      
129         -102585.88130158471      
133         -108363.05550357146      
134         -111951.93333613715      
135         -113089.62440347315      
137         -115301.75487808853      
133         -109995.51778231566      
134         -107768.26990333133      
134         -108570.72870716642      
134         -105641.00504620236      
137         -109762.4831828484       
134         -108930.46552387445      
138         -114697.29626887894      
135         -110064.01870811898      
140         -117217.05082379156      
140         -114459.75977499549      
136         -108774.66023557451      
130         -99996.040829198726      
127         -96439.685954732602      
126         -93233.214770428327      
133         -103958.86449547554      
129         -100674.61274833672      
126         -95556.894798946552      
128         -98653.477971686283      
132         -99618.022386337994      
125         -92440.145846474436      
126         -91878.598700772651      
120         -85323.04178844906       
127         -94720.371105457292      
133         -103136.85310734937      
137         -109889.53483056427      
132         -102533.67351861582      
131         -101974.03540704667      
135         -105363.36732327353      
136         -106863.14483324214      
136         -105456.54049141479      
132         -100027.2166572289       
130         -99361.03936515277       
133         -102076.83072212392      
135         -104884.79019388385      
135         -104835.79523369402      
132         -98791.312779138141      
129         -95130.839116346542      
135         -105054.20146890184      
132         -101526.64122144041      
