480 1 -3980 35 35 35
132         -282153.01679441531      
134         -292802.48594756483      
132         -281925.50354600826      
132         -285269.25514726096      
137         -306379.35680274817      
137         -307667.98169029283      
140         -323444.67370053916      
136         -303985.65082496562      
137         -304383.54025026655      
137         -304231.60189952678      
145         -336197.71020235948      
143         -333048.77023562894      
142         -332070.44603111071      
143         -335099.28867573879      
146         -351427.56325152615      
142         -329424.33648991073      
142         -326220.07884943159      
140         -319771.26406761276      
135         -299652.7087121951       
135         -295990.95288878743      
135         -299756.1934694089       
137         -305218.30172526737      
142         -325141.73265027523      
140         -320240.77002446546      
138         -311499.54485195043      
140         -322329.76583774429      
142         -324558.27638556855      
147         -343141.17292599834      
147         -347422.52070929995      
143         -322369.78971880861      
142         -331282.62321482366      
143         -332055.19121817825      
144         -332318.70209752         
141         -321824.82538752491      
141         -322010.68377800257      
140         -317365.78111109691      
140         -316123.49689419993      
140         -314870.97085278947      
143         -328497.86117088853      
138         -311655.81548643881      
136         -301206.41080905276      
135         -298429.15472246858      
141         -318948.62060214626      
135         -292119.92962609796      
129         -271504.03572081483      
126         -265271.05444809987      
125         -262171.39319756493      
124         -252611.5007663416       
122         -241803.41521514236      
126         -253499.66566054386      
129         -265331.21530985722      
125         -252162.90455698167      
130         -268537.74608303886      
131         -270086.40757760883      
128         -260554.67420523646      
126         -252432.98909323418      
126         -253932.78868304967      
123         -243500.0341944746       
125         -254424.40351243303      
131         -269549.1173353921       
129         -265309.97500867705      
129         -263621.97168362897      
127         -258111.00750472929      
132         -280011.50057738647      
136         -297801.00638923672      
132         -284446.33308136271      
138         -309642.16816136322      
131         -284485.83432923903      
131         -286994.02156436822      
129         -275698.81752862054      
129         -276406.86606813752      
140         -316592.18528449774      
134         -292301.246083893        
131         -280641.10175157397      
130         -275465.10474663932      
129         -264222.57285279647      
131         -275131.79647651821      
122         -244412.97194600181      
125         -252278.59714769031      
132         -282250.9420495684       
128         -263361.53600028803      
130         -273571.76851275197      
126         -252357.95302717667      
123         -243400.86376040435      
120         -235446.72988293649      
129         -264276.94369368046      
130         -270569.88958839071      
126         -253298.98448761902      
124         -251394.06366426506      
126         -247764.06151905138      
129         -257689.52521680057      
120         -220858.72380811136      
119         -221226.98398159124      
117         -213219.23006976172      
112         -193819.73048685936      
112         -200750.67595303338      
109         -191415.47006699766      
113         -199845.6691504014       
101         -165256.54900341836      
112         -209275.74155829143      
112         -207230.86943291253      
