480 1 -3980 35 35 35
143         -56805.804842191763      
139         -52444.563094198289      
137         -50255.248736885027      
139         -51475.432593814061      
135         -48104.204769909447      
140         -49953.084602653027      
139         -48257.738339002193      
136         -47112.553681611804      
135         -48310.601280206269      
138         -48936.188272739957      
140         -49158.974329615288      
139         -48131.706225987371      
138         -45972.569254548675      
136         -48603.646370416398      
139         -50406.625905798435      
143         -53085.748496409738      
140         -49762.472876821077      
142         -52227.399651009175      
134         -47578.232024228848      
136         -49147.418688437778      
138         -48094.289006220468      
136         -45820.155065443068      
131         -44454.435575548647      
134         -47043.522514446406      
142         -53472.447139962518      
144         -50461.48283136775       
143         -51669.989038597283      
138         -48207.537514548509      
137         -49720.314227316259      
140         -51084.061769495711      
145         -53866.914768910079      
142         -52272.697755486515      
144         -55577.538586309252      
146         -57959.427098687011      
146         -55716.723349398831      
147         -57005.476590538841      
149         -58684.969393389758      
150         -59774.101052747843      
149         -59397.884507023206      
153         -63525.03186652693       
150         -58280.550905904798      
150         -57617.104280260945      
146         -52489.122389823096      
146         -56149.493370761076      
137         -52681.738154460785      
138         -51661.030333919254      
143         -54205.701174226662      
140         -52334.352947407642      
144         -54489.72226936595       
144         -55158.247195218137      
144         -54450.316594939308      
141         -51478.64713085135       
135         -50124.299871143703      
133         -49240.415925864429      
137         -51671.665630467818      
135         -49108.511439335089      
135         -50923.261428779595      
135         -50487.321576335271      
139         -54534.60061822534       
141         -54659.879064937639      
138         -54127.966193110027      
137         -53149.938765916988      
137         -52976.330283470939      
138         -54976.406970297154      
139         -50738.931604380567      
139         -51760.568111109649      
141         -56209.700932237836      
138         -53713.533669626886      
142         -55173.48098481835       
142         -52884.877683586252      
137         -50404.603124493849      
135         -50859.599189532943      
133         -48507.851906161522      
131         -47928.680774888642      
124         -43222.777112145792      
124         -44806.297359008808      
133         -50549.859291814282      
136         -48867.155458126588      
134         -49651.350454285996      
129         -45379.960674652961      
130         -46234.528168151541      
130         -44751.839284092748      
132         -43084.896595177808      
137         -44170.12028350457       
139         -46530.665025598537      
135         -45054.54003045179       
135         -45241.483271977027      
134         -47061.549843300767      
128         -44443.188426004235      
129         -44236.461130900811      
133         -46822.548436357923      
133         -46455.999765763059      
132         -45883.591121892932      
134         -47247.168825314548      
130         -41921.326474020556      
133         -43609.058394202584      
128         -40524.013219683635      
129         -43179.138300086372      
131         -48192.139003681295      
123         -41615.269006478404      
125         -44701.434183017205      
