480 1 -3980 35 35 35
128         -94383.294951225747      
126         -92361.759695159286      
123         -85344.802944995812      
119         -79803.616752200687      
123         -86713.930372223986      
126         -90745.75371114169       
119         -83279.121727498903      
123         -89411.205762507903      
119         -83668.934230495346      
124         -89319.853652672056      
125         -89734.332614938685      
127         -89569.688019382156      
136         -103203.40063327024      
131         -96963.797123369368      
138         -105432.33760123719      
136         -106588.59976259086      
141         -111464.63743668418      
142         -113065.357073823        
143         -116007.87012111492      
145         -118130.92397913587      
138         -107679.02086299435      
135         -104274.23587385695      
132         -100321.51702829172      
140         -110536.82897390189      
138         -108304.05306541253      
134         -103026.00400559731      
136         -107744.87326372339      
130         -100325.79257581079      
136         -103786.34607972935      
138         -106255.93026294548      
131         -96322.527721623264      
133         -96757.073870687716      
127         -91766.269421186706      
121         -85989.807767097227      
117         -82312.124884916295      
108         -71113.636727269637      
117         -79672.510742348517      
126         -90480.271216183275      
126         -92217.745927135125      
121         -82467.150894446444      
123         -86764.010697365316      
124         -89328.887665578222      
133         -100091.45075454901      
131         -96781.025845309618      
129         -95169.983820097361      
123         -88897.881714593183      
123         -87395.908267715684      
122         -86006.158660602596      
122         -87650.24715058408       
123         -88611.965637756541      
124         -88003.506500535776      
122         -83665.084943290814      
116         -78364.482134302394      
121         -83611.860590505152      
123         -86501.08609837039       
123         -87898.500098384684      
135         -101630.34204274158      
139         -109473.54792484156      
141         -112898.25328188587      
140         -108648.74497611112      
140         -112472.79551013756      
139         -108548.34849919265      
131         -97345.919684084845      
136         -105856.16143271868      
136         -105581.82393501836      
137         -106706.30672968029      
137         -107259.53321387207      
136         -104743.98986833723      
135         -104075.86242928526      
137         -106006.08994429935      
140         -110724.36574519672      
139         -109560.20679987568      
142         -113585.26688256286      
137         -109752.43100892445      
141         -117828.67193093475      
136         -111028.2127603314       
143         -118208.32912738237      
141         -115065.06714953399      
139         -114261.04017216791      
136         -105432.60603084177      
134         -103370.99991697578      
134         -102353.42150707571      
130         -101914.29329877601      
134         -105246.81544724123      
136         -111856.35927646511      
144         -123974.88432500407      
145         -124669.66989665272      
143         -119756.54799318178      
145         -121635.51926118473      
144         -119497.34928288276      
137         -108611.96754379541      
128         -95749.58854524963       
131         -99987.674264678062      
134         -103699.85261406504      
140         -112462.4103058508       
139         -111972.74989639863      
137         -107437.70622980219      
138         -108186.98732066862      
137         -106544.27715337         
136         -106295.98885413239      
135         -104631.28311669598      
