480 1 -3980 35 35 35
129         -43038.03006580806       
128         -42358.062434275678      
129         -41961.865849229762      
127         -42002.941566271242      
132         -45826.174338761011      
129         -45068.541217849139      
132         -44789.296731660514      
129         -44096.975151719533      
128         -43456.979000034233      
125         -40052.954543213717      
122         -39264.286122454687      
121         -38346.040138849334      
124         -38018.325584849641      
122         -36840.389017317466      
118         -36058.972320006666      
118         -37535.510396333542      
120         -39923.841547090778      
123         -39857.288037129423      
126         -40476.89909426462       
134         -45515.130688916564      
134         -46848.427063207251      
132         -47006.613574979237      
132         -45544.23545811548       
127         -44215.099783333171      
121         -38817.836653576102      
125         -38870.409963137456      
126         -41361.828334726779      
125         -41467.090605148136      
132         -44214.613014973504      
130         -42864.730136873019      
127         -42485.481144714635      
126         -38348.591088803216      
128         -41825.806489129609      
125         -40518.538365022672      
125         -40070.085411677923      
122         -37854.016492929273      
125         -40715.268262060607      
129         -43679.87637807618       
124         -42187.468169219705      
120         -38968.275047638206      
122         -39402.983918572754      
112         -34786.828298282802      
119         -37996.031102124063      
121         -38501.239922372188      
118         -37288.085869448289      
121         -39746.49310123219       
129         -43521.709294262007      
122         -39114.149820176666      
124         -41146.268840447359      
125         -43374.432179968921      
130         -46234.474297032117      
128         -44326.284948753302      
122         -39751.514086578711      
123         -38112.979805323848      
119         -39269.80032344292       
122         -41894.008668467308      
128         -44291.633682002546      
130         -47126.853042184033      
132         -45486.244550440279      
135         -49624.013673765076      
136         -50738.303924603104      
128         -44993.328049274889      
133         -48932.447847723182      
128         -46994.310637147682      
133         -46629.892613622345      
137         -50368.419608603159      
133         -48077.537356201821      
132         -48865.312662646938      
133         -51420.175287895821      
131         -48786.028763744733      
135         -49599.052905878321      
136         -49252.524912528526      
136         -49100.333326948537      
135         -49434.741460384292      
140         -55334.082402606786      
136         -51488.58017967143       
133         -48032.083521883389      
132         -47173.235723771468      
135         -48215.050073736857      
134         -47550.995199158133      
130         -44758.953513363733      
139         -50074.642208582001      
134         -47054.042314586397      
135         -47182.038059481209      
131         -45489.94285787944       
121         -39703.820814327875      
122         -40447.028743914605      
123         -39239.738304774844      
124         -38873.501095914122      
122         -37614.13675998999       
125         -38262.292417282391      
121         -36678.293308978878      
126         -40104.520719448054      
122         -37142.811687791473      
121         -39039.628078703856      
128         -42738.743004724522      
121         -39474.637931771002      
119         -37753.573656691966      
120         -39641.960430297273      
116         -37439.979802684022      
123         -41760.07315348096       
