480 1 -3980 35 35 35
135         -295293.96366909548      
135         -294729.85316643195      
137         -302561.95544614457      
130         -278952.22525788256      
133         -289489.7221143631       
132         -283316.22253234079      
130         -275854.73827872868      
126         -257915.25547422294      
134         -284051.38771811046      
131         -271356.52363058564      
123         -248007.7644262597       
135         -294037.53885789274      
131         -274335.00764288148      
128         -269328.61536783003      
136         -299802.01333728473      
130         -281259.2887229058       
130         -275230.97258008865      
138         -308556.23808630259      
135         -295311.27370892873      
124         -254598.76383315466      
126         -256456.37593258728      
126         -263718.68661473977      
128         -266339.71793188073      
130         -271604.67734131048      
133         -286643.87859353435      
134         -286010.54719327332      
136         -298185.14397687989      
136         -301187.83374448057      
139         -315148.43455362896      
135         -299697.13416864653      
130         -273878.19609325053      
128         -267014.71141499013      
130         -272991.49533527007      
126         -258177.65119654604      
122         -249237.53497135991      
124         -257067.08936559784      
131         -280506.42396521423      
135         -292491.10922978347      
141         -319508.57263090566      
139         -311104.13475653069      
134         -292290.85983805399      
128         -269081.72347219597      
130         -278904.1046125869       
130         -275654.10684797796      
131         -283896.53136668704      
130         -282843.08640054084      
124         -257638.38808873677      
121         -248256.41418402875      
119         -239601.03922565473      
118         -241387.76429221182      
126         -269052.66054601991      
129         -282182.16939479014      
129         -280803.18474043132      
134         -296719.18128074746      
134         -297405.4339051813       
129         -276542.73469958344      
126         -262014.63523302469      
132         -283844.43285439728      
135         -296197.47236466961      
132         -284933.30049611354      
133         -287923.13196855737      
130         -273779.99040823581      
126         -260554.18792305057      
129         -272157.81060545967      
134         -291368.91271588224      
129         -275173.82106378151      
130         -278452.05297630379      
127         -266651.43045357609      
124         -251426.53848542753      
123         -246849.37558019158      
123         -249050.50454603796      
125         -257213.04795506503      
126         -263950.09619349951      
127         -267293.05866997543      
125         -255275.6848485345       
123         -243953.19367209511      
124         -245486.48872849683      
126         -252568.92132215956      
125         -245040.23155360328      
126         -257166.35519540482      
122         -241216.21138786356      
127         -258532.46839058964      
127         -258731.24868350956      
126         -258796.09859562412      
129         -266943.19619819435      
133         -283724.33118544123      
124         -254819.7533260959       
131         -274846.23987818474      
130         -269635.62127551984      
128         -257180.16443681557      
128         -256866.33945825277      
129         -261764.30669684109      
132         -282591.24544049852      
134         -288224.37623796792      
128         -264066.75930942723      
128         -263350.28331788717      
131         -270186.58838294947      
129         -267990.70158837677      
125         -248494.71989642704      
119         -227015.23201087269      
121         -231434.39793645707      
