480 1 -3980 35 35 35
142         -51326.994060488716      
141         -53315.549711580032      
144         -53490.353299918614      
146         -55462.216615969817      
144         -53755.259480564273      
142         -50670.201592768957      
137         -48689.516646317679      
138         -49343.840247623084      
137         -49646.140266325798      
137         -50167.7389174778        
132         -45919.811976484518      
135         -50227.16949939508       
133         -47047.769576984552      
134         -47807.585758532885      
136         -48693.527799536991      
131         -45294.399429757716      
130         -42928.609645626333      
129         -42475.273289479075      
134         -46149.113432042905      
135         -44324.641661043686      
139         -50548.137532002584      
133         -50307.773262623792      
138         -51653.815893445411      
136         -46993.049057319993      
135         -45074.713199222846      
136         -45213.924594329343      
138         -47067.582694717858      
129         -42073.007568789573      
126         -43777.996930740781      
131         -47637.544804946709      
131         -48307.842972439248      
134         -49422.39981674905       
131         -45174.503015973103      
134         -47384.082613363389      
134         -48697.46719165636       
133         -49320.094164522809      
135         -50658.317946884315      
137         -51970.161740852353      
140         -54248.881461602854      
140         -56211.813423628264      
139         -52733.727731730076      
138         -55672.200829819005      
142         -55857.725512502009      
140         -53405.476689901465      
140         -51358.476903911826      
134         -48854.016291051077      
138         -50021.959607576355      
144         -53189.342996257779      
142         -51845.429567081745      
148         -56528.214674500778      
143         -54279.552426381008      
145         -54611.677139304098      
140         -52155.256023852933      
138         -48238.125437568         
137         -49753.63259985175       
141         -52053.066520781162      
139         -50541.24553578443       
140         -51657.534607947222      
137         -48972.400941092776      
136         -48918.069808089211      
139         -50906.587879092127      
141         -52092.543625092891      
139         -51003.508996340068      
139         -49036.11278131359       
141         -51183.549990392996      
138         -48802.643438541971      
136         -46928.164943110831      
138         -47615.068938819502      
132         -45296.868067891206      
129         -45517.133583882205      
130         -46585.925352691193      
137         -51747.169757534641      
134         -48665.841489089951      
131         -45985.399204074754      
134         -48844.110379561542      
131         -47999.163396189702      
131         -49306.413687422821      
134         -51529.311318213346      
137         -53308.718552708066      
136         -52559.953935344267      
140         -55703.352340589743      
138         -53261.894398087417      
138         -54914.887591850711      
135         -51064.926414560709      
134         -50742.411480385999      
139         -52590.067105542679      
139         -51878.138219474095      
141         -52886.314573349671      
138         -50010.949139958728      
135         -47774.610056486854      
137         -49951.068608291207      
136         -51277.086810788031      
136         -49714.246899241327      
137         -50490.915656878205      
136         -48796.362443284954      
135         -47401.405002526328      
133         -46329.522942588017      
143         -52815.578749046275      
145         -55043.474373202553      
151         -56712.097807811806      
147         -55272.074937975114      
