480 1 -3980 35 35 35
134         -99373.057813635009      
134         -100892.37423467578      
127         -90497.072742678356      
126         -92748.617309729816      
134         -103367.34317839475      
132         -100062.13519213528      
130         -95918.431674925116      
133         -100211.70673772531      
131         -98169.255540111364      
137         -106736.3707552049       
132         -98999.738430617974      
132         -97783.719338758485      
135         -103069.41247891878      
132         -99932.212547847725      
130         -97574.326091666444      
127         -93692.903371048553      
127         -97365.702627371196      
132         -103778.55817804662      
135         -104072.53061129995      
133         -103296.28216202215      
132         -101398.42588047702      
123         -90659.211276549948      
123         -91853.266895341862      
125         -91443.635210541295      
133         -103200.82490434         
136         -107888.40264129253      
137         -109162.30526277686      
136         -107635.97426434346      
135         -110076.01975271803      
134         -109505.2218354962       
138         -112572.17913444557      
140         -115481.95848077028      
138         -112154.80444617555      
137         -109157.0455907658       
139         -110985.14783467977      
140         -110503.91399865456      
136         -107314.8281237241       
133         -104810.49212504498      
131         -103844.17794640851      
136         -112881.18977442867      
138         -114342.8995371437       
133         -106636.28275728412      
135         -107826.25818864902      
140         -114716.88091719519      
138         -114268.65004380145      
143         -119770.0468333699       
137         -111398.95079118341      
140         -116605.15625371442      
137         -111037.35131420821      
139         -115209.73988927809      
143         -120934.20341618313      
144         -121470.1075454707       
146         -125259.73092419564      
147         -126366.6598217743       
144         -122037.93720093287      
142         -119898.95405860398      
144         -122654.41944389809      
145         -122907.24838874246      
143         -119235.06157246153      
142         -115752.31135667938      
144         -119165.10498256252      
146         -124786.37554945162      
149         -130188.37588789727      
146         -125341.45049507018      
145         -122423.4822012909       
144         -120222.34641344762      
145         -121396.68440963919      
145         -121382.31987385718      
146         -122332.27274574584      
145         -120207.84838420775      
138         -112189.54177631151      
133         -105821.63562685618      
137         -110595.34207067419      
137         -109765.38410752553      
136         -107192.9798749312       
135         -105939.49982661198      
132         -103596.66707042178      
134         -105934.19094708926      
140         -114220.04155955328      
137         -109308.82422935571      
134         -101765.01514067722      
134         -103757.32362815863      
131         -97375.223152813356      
131         -97528.365626215644      
135         -102948.98088938901      
141         -113782.07967795164      
139         -109327.12454033074      
139         -107753.46668184553      
140         -109625.54572102509      
139         -108718.01748545239      
136         -104578.36743980863      
136         -101960.63333140775      
142         -111900.40548609126      
144         -117843.9559133015       
142         -115451.56532825752      
137         -106942.54683423747      
136         -106572.14062120569      
129         -95889.429035438778      
132         -99009.457335825515      
134         -103014.41171088864      
132         -100213.7305162304       
