480 1 -3980 35 35 35
113         -74146.965502317544      
111         -69379.316557105092      
120         -83461.437295446784      
123         -87055.949630395349      
123         -87614.677038670095      
124         -86842.881882874935      
122         -83493.728222046877      
125         -87270.677173892371      
123         -87297.652477220297      
127         -91919.381742762882      
129         -92965.326534581167      
135         -104126.22322049321      
132         -100038.58765400886      
137         -106717.3699631061       
132         -103858.53800612755      
130         -101649.15065263057      
138         -111425.81808456247      
138         -112731.7334746105       
139         -113151.55268355743      
141         -115873.55734238817      
142         -119221.447198094        
138         -115024.35503922454      
137         -113318.60976825056      
140         -115999.28331665618      
144         -122388.34403939983      
137         -114375.9547937164       
139         -116598.56831049842      
140         -118362.95593391795      
136         -111619.74946533938      
135         -109294.38790695372      
138         -115685.59282173151      
140         -118216.65205793238      
139         -116292.886522791        
134         -109100.34349071464      
131         -104252.80913697297      
128         -99780.322590406548      
127         -94718.154609262012      
123         -89423.705805964564      
125         -86932.803804498457      
128         -95635.735715963121      
126         -92440.26574631031       
133         -100930.72788852538      
131         -100734.08564652051      
131         -99723.058541939245      
125         -87664.707323886789      
121         -86355.794207133862      
129         -97248.420194139311      
131         -96617.3323067374        
130         -94833.074430255074      
130         -94818.842886680475      
132         -95551.862269388992      
134         -101205.97868562525      
130         -92980.166651611711      
133         -101684.08486945883      
133         -102300.83000992981      
131         -99468.733065767592      
138         -108028.77222526788      
140         -108332.4851813102       
136         -103226.28738188748      
130         -96067.104068616376      
136         -107181.259431078        
135         -103410.8398314603       
135         -106196.6019590059       
130         -99359.250587369403      
133         -104562.51613095003      
136         -109153.82094308097      
137         -110184.65171890424      
134         -101947.1850368951       
140         -110504.49347011988      
139         -110184.62571373749      
139         -111988.59797789252      
143         -117963.44098091772      
144         -116586.57929422807      
140         -111290.69178322663      
138         -104600.3828455082       
137         -106690.4297017925       
138         -109905.19011407591      
144         -119426.98608593039      
143         -118083.19563247051      
140         -113028.38856418016      
135         -105241.8845311745       
134         -103319.04398292617      
133         -103863.29440130491      
133         -103002.35926602884      
132         -98829.075493924582      
131         -97227.125258882006      
133         -100641.60964273143      
138         -107661.96200121498      
131         -99939.63395004379       
136         -105132.22140643111      
133         -102518.53581144326      
124         -89378.630612790876      
124         -88813.798814712034      
126         -91497.341371584931      
130         -97690.973701489333      
132         -98114.832237550741      
133         -101453.32081055504      
127         -91423.410148347073      
132         -99082.958496594874      
136         -107087.76206946284      
132         -101206.82407739614      
