480 1 -3980 35 35 35
122         -241564.16508922711      
121         -244710.10436380128      
122         -241440.6662094628       
120         -238991.29516377795      
124         -251876.91053646605      
123         -246953.43243026035      
119         -235253.72935766797      
122         -237717.94866969512      
122         -244633.10459446337      
130         -270337.29623702267      
128         -262204.59900563938      
130         -271428.00441691716      
124         -252739.58859675314      
125         -255112.55928409178      
116         -223900.81128252018      
122         -246816.07095022989      
121         -238100.78324267417      
125         -254654.12382273338      
120         -244197.7203767944       
117         -234517.43590807545      
112         -217909.90182157961      
110         -211622.39596233054      
117         -228003.89991130284      
113         -213695.5459087372       
122         -242542.74128488882      
125         -246073.87796188681      
125         -244519.11776580551      
130         -266863.41577080527      
131         -271384.76368152618      
135         -287867.95520831447      
137         -297265.35443321924      
132         -281707.26223362354      
131         -271749.51737857843      
131         -277612.40728758229      
136         -298501.51350667235      
136         -298864.08562428044      
134         -287271.07216659631      
137         -300321.3398001251       
133         -290522.4005722162       
135         -294141.85237370979      
139         -308964.43749212427      
134         -297226.93843029253      
137         -304225.04848349351      
134         -298035.13386311079      
132         -287947.39251015137      
131         -289614.92776670476      
134         -292637.63268653245      
138         -318086.07996339106      
140         -323420.13768780878      
139         -319563.8995798481       
141         -325942.47090553842      
142         -330969.01280534652      
141         -325983.68950762105      
141         -326130.58201505739      
139         -313725.48754596856      
143         -330389.53193167085      
142         -326791.30880739843      
143         -334535.59747130575      
137         -313016.35949750867      
135         -305658.51083548786      
134         -301575.77626806893      
139         -320220.32168411993      
144         -337269.71057531016      
143         -333966.58270159108      
147         -348031.85940250533      
145         -336448.20548040827      
147         -341930.28935797192      
143         -325337.16490733944      
145         -330032.91919371323      
138         -305491.33990125998      
143         -322286.72834901151      
144         -328725.09589239385      
146         -336902.91529380716      
142         -322024.75372518855      
145         -340269.12621438928      
138         -306890.25568131183      
142         -325153.11494143424      
141         -324766.19442885061      
144         -338096.65403683751      
137         -308650.08867875853      
136         -303244.00847467507      
137         -313814.45592076599      
139         -322348.93344256631      
138         -318932.40068179427      
142         -329631.21218659577      
144         -335408.89982055954      
142         -332716.68921395892      
139         -314616.25411769684      
134         -300488.96176518907      
139         -317777.11685514322      
139         -313941.61254465143      
142         -323431.13568577473      
144         -333745.43975638261      
143         -332384.6751803715       
137         -306744.93188588845      
139         -310684.53669532813      
139         -311438.17691361415      
140         -317477.72657965956      
139         -310462.80275880615      
136         -299245.88486254687      
141         -311614.39042183303      
