480 1 -3980 35 35 35
139         -307960.19366729254      
139         -306292.22594171966      
139         -303735.65860914666      
136         -293013.21812933631      
138         -305039.33540344716      
137         -305591.19622335472      
133         -284726.73907290556      
130         -271074.44184138626      
134         -287414.11877631064      
136         -299263.26254540164      
136         -300902.68402327824      
134         -293492.59827698977      
135         -297133.8013655956       
131         -281250.52674680791      
130         -276149.06146575627      
133         -282951.37526786095      
131         -278667.2598209292       
134         -291197.17830693495      
134         -284917.17728901305      
130         -268862.74485142168      
133         -282041.74148982443      
125         -256387.91965296929      
126         -258299.63567947052      
130         -274078.04255851643      
136         -296072.54230399139      
136         -297751.12852007465      
139         -305536.75353564305      
136         -294819.99476617429      
137         -294867.19148009451      
137         -294398.32308714394      
134         -289175.11597964156      
129         -268845.95431763091      
137         -293072.30004574213      
136         -284634.28329212358      
131         -273163.23148902442      
132         -280464.29445613688      
131         -275427.41902962193      
130         -274555.04125520145      
122         -243084.13770937547      
121         -240889.7426176912       
120         -236483.01771785086      
118         -234848.22458511448      
125         -256253.41229198861      
126         -261890.43280681068      
123         -251927.42266441605      
121         -243679.56468688391      
125         -250653.72491258755      
122         -234992.70289904412      
123         -240258.34338301004      
122         -239312.89431603716      
122         -236425.60146955354      
117         -221687.18274606045      
124         -243315.0050232342       
123         -251663.77658092501      
121         -248496.31858126388      
125         -255900.55674360006      
129         -271423.3874690716       
129         -272131.2548699964       
133         -287481.1524112394       
134         -292528.38440427248      
135         -291745.60945371463      
137         -305216.8118707317       
133         -292453.27454986767      
134         -291460.44414344704      
134         -292894.92351823341      
134         -289744.8205894726       
137         -304369.06623447459      
134         -298537.21569559484      
138         -315997.78831268463      
135         -304853.3079542162       
140         -321901.97710497363      
140         -318968.88432044256      
136         -302181.31946281838      
130         -278208.22074241564      
127         -266966.05033041711      
126         -261045.690400878        
133         -284623.60399855801      
129         -273350.85369257047      
126         -263758.14698820608      
128         -269210.47535725491      
132         -280577.53512993344      
125         -262362.79742663616      
126         -266836.95559986518      
120         -242151.53678834304      
127         -266209.16321485699      
133         -290742.86979194731      
137         -306978.29226892564      
132         -284541.77976534463      
131         -281888.6625241969       
135         -293829.06632869155      
136         -297431.64819310623      
136         -294039.17771553696      
132         -281253.19414522243      
130         -275190.48846485047      
133         -286044.4451048206       
135         -297535.47180791496      
135         -292076.1186791092       
132         -281839.18420253159      
129         -270894.70858693862      
135         -298305.28195370594      
132         -287346.33134044771      
