480 1 -3980 35 35 35
134         -292376.38584834355      
126         -262182.25963837281      
125         -263199.43236621429      
128         -269361.77195817814      
130         -276467.60295045085      
131         -284204.27841128682      
127         -265670.97945290158      
125         -256373.83014135627      
127         -267366.21248215094      
132         -279957.06154034392      
140         -307863.2130804403       
141         -314595.43608192808      
135         -288156.36321945483      
134         -292488.54580409377      
136         -298950.78120805073      
134         -292953.11006281368      
134         -292036.08329070831      
134         -287298.11881513841      
136         -295245.94617411616      
132         -287409.18440976075      
132         -290244.38577245537      
131         -279073.75798840204      
135         -289772.32532477216      
132         -279346.72740000009      
129         -270468.67444282182      
129         -269691.25921363087      
128         -264109.48920352146      
136         -288695.90163879521      
133         -276496.4171299439       
137         -290939.91658493743      
134         -281670.02409986692      
137         -294683.73464520893      
138         -302195.52834750008      
140         -315895.1433714662       
139         -310247.12493958167      
136         -295576.28259297571      
138         -309619.6692716087       
138         -305847.8946603873       
141         -324646.53475683555      
137         -304573.89665443817      
132         -287738.93415999576      
130         -278006.36305379227      
132         -283546.75801405928      
131         -278757.88598926761      
125         -257105.00754115672      
125         -259920.79561022879      
125         -255125.00061405305      
130         -272640.9847079037       
132         -279471.00554878218      
133         -279664.63214222598      
134         -291523.46082170302      
137         -300823.71836737101      
140         -304459.24952076899      
142         -316653.16274052404      
143         -324709.09867154091      
143         -330210.99703162449      
139         -317465.78090489045      
132         -293931.17684982182      
138         -311856.19900393393      
135         -303608.02863288735      
142         -329966.3932866531       
140         -322810.58957152336      
134         -301489.87665574532      
134         -302800.13069620257      
136         -306213.96073850326      
130         -286085.79245575762      
132         -291910.93964928703      
130         -280014.93877987214      
128         -274505.9729876194       
135         -300684.15793655108      
133         -287981.04068460671      
131         -281825.54881626228      
134         -290541.53503955941      
129         -272167.8571011977       
126         -261063.0338767737       
124         -256815.76632297842      
123         -252619.27454753558      
132         -285768.67046014499      
129         -274998.97245532641      
121         -239523.66443283838      
123         -247215.66372066204      
120         -232362.02517544519      
125         -247277.87242739991      
128         -258233.12998631326      
128         -262027.4942338627       
132         -277945.03681227413      
133         -280415.34040760517      
130         -275365.15836837428      
132         -283744.53484896908      
136         -297395.96674760652      
127         -271097.21094827179      
135         -299461.67272066855      
138         -312225.83602150611      
139         -313523.03985960985      
137         -300017.93181982334      
136         -292569.52119851822      
136         -290804.21420585905      
134         -285664.95130229695      
134         -288205.1841492122       
130         -276197.15193665854      
128         -265546.72912737512      
