480 1 -3980 35 35 35
132         -287346.33134044777      
132         -282019.15411428298      
136         -301630.30431056273      
140         -314528.48918452661      
138         -306913.2154950258       
138         -312220.42239285883      
137         -311633.11717450118      
138         -319330.00649102405      
140         -319384.59754836757      
134         -302125.28152666247      
141         -322844.26451044675      
145         -336135.304478226        
145         -339405.77849696041      
139         -305657.72641527856      
136         -298211.88846495637      
136         -299332.72581567749      
137         -297397.81367763941      
132         -282045.09606611519      
131         -282285.83900812618      
131         -282497.04375565285      
134         -286238.24757768796      
133         -281512.06603503437      
136         -294554.83636106749      
141         -319469.5923239931       
140         -307537.70276999113      
135         -298115.86818417563      
137         -305132.23430742143      
132         -292822.54199482402      
134         -294951.25113285595      
136         -301971.19223716937      
135         -299240.08921749541      
139         -310727.4314133983       
140         -318114.0802433308       
140         -319046.9605527657       
144         -331601.02297018655      
140         -318892.17061140493      
137         -301579.55347885791      
137         -301672.54327582632      
132         -282194.29042348231      
134         -291504.43821115827      
138         -300386.88503483339      
134         -282950.1491428981       
138         -297352.00104300008      
134         -290652.41298783559      
138         -304457.65465397522      
134         -295586.53380773979      
132         -284160.42329173029      
132         -283428.38614976383      
135         -295772.3408122338       
140         -320235.38046171772      
142         -321358.0113735632       
137         -297248.38781575975      
127         -259866.79561939271      
124         -252983.90709181651      
122         -247588.95260350022      
124         -252371.94040947658      
129         -270665.20464625215      
131         -276989.4032000468       
136         -297592.87347537995      
135         -292555.11185029062      
134         -285547.01593524305      
133         -282998.38051715057      
133         -282078.17484405753      
137         -303775.24598707486      
141         -322985.33249215293      
142         -329884.98507652897      
140         -315622.49478331301      
141         -319092.54482897575      
141         -320192.52348816767      
138         -309857.72058869811      
140         -321412.4629613061       
143         -329552.49599477142      
141         -322106.09279673785      
143         -328542.65670818643      
141         -320956.75721226586      
132         -285285.01318460895      
132         -285456.68244429136      
130         -277849.17686506617      
128         -270223.53854107298      
131         -284698.65593447199      
123         -250525.39753883026      
123         -253762.68424444416      
123         -259281.41778099639      
128         -270158.1290936424       
126         -257985.7952221263       
135         -295230.98894439626      
134         -288839.66710954841      
134         -287680.14847696171      
132         -280925.8659296406       
136         -300935.07497393526      
130         -277351.08026811783      
136         -300208.7774446918       
132         -282109.69912523666      
134         -286872.45131785626      
126         -258108.14969981479      
129         -267471.31412117637      
129         -265040.58653904515      
124         -246481.62522714035      
114         -216188.04340180938      
120         -231551.67012179035      
120         -229821.90180508347      
