480 1 -3980 35 35 35
132         -45554.938483145161      
134         -47137.496919326448      
132         -44205.451756590919      
132         -45364.884543178516      
137         -46273.305860729728      
137         -48634.814797112362      
140         -51076.425358069777      
136         -49841.584271883934      
137         -48541.618197018048      
137         -47702.59396732325       
145         -53209.718943519685      
143         -52415.883452319504      
142         -50878.325484835288      
143         -51679.450522553605      
146         -56605.040873254904      
142         -52067.610727036015      
142         -51267.749886738959      
140         -50972.427834252638      
135         -47802.558764191759      
135         -47706.015606004119      
135         -47599.275798676535      
137         -47860.43999850854       
142         -51551.899377117865      
140         -50780.261647448577      
138         -50637.301694611335      
140         -52761.764917134395      
142         -50042.613707118151      
147         -50453.364766780891      
147         -51256.599032800332      
143         -45648.897043867524      
142         -53271.340223897467      
143         -52546.325135069783      
144         -51668.125997532297      
141         -50699.969503831722      
141         -50973.50941793454       
140         -50940.233820787143      
140         -50147.805390312875      
140         -51277.793238854618      
143         -53784.752402485559      
138         -50940.004587762509      
136         -51228.562280860526      
135         -50293.722594731669      
141         -53920.515309161645      
135         -50175.847336709514      
129         -45804.624649211735      
126         -43896.885216551338      
125         -41373.956582308107      
124         -39671.9491367757        
122         -38406.848715173932      
126         -40618.21918473002       
129         -44897.498543230839      
125         -42410.744190396152      
130         -44699.378096429369      
131         -45216.877074246251      
128         -42288.712233113642      
126         -42174.299627301982      
126         -39673.875241571186      
123         -36373.405204568182      
125         -39141.466030812255      
131         -42927.452629665524      
129         -43355.891227705375      
129         -42610.093334747784      
127         -42692.982939738024      
132         -45116.121045502121      
136         -47003.105452600728      
132         -44800.958396053655      
138         -50007.666417362088      
131         -46744.998490306083      
131         -46151.682958524369      
129         -42254.415331016076      
129         -44341.434786606194      
140         -49106.63394791857       
134         -47036.271354861899      
131         -46994.604637076409      
130         -44489.302945667165      
129         -41175.362897658757      
131         -43390.518005349557      
122         -39615.265729076411      
125         -41170.288119679666      
132         -47108.243819386509      
128         -43788.494744750744      
130         -42883.271644260938      
126         -40058.219594553731      
123         -40094.0988148998        
120         -37471.048455060518      
129         -40867.404431687952      
130         -41748.050670048171      
126         -38847.047293966483      
124         -41534.169774879629      
126         -41533.120768317727      
129         -43240.052802884289      
120         -35136.809422726248      
119         -34005.818068065368      
117         -36507.489891704499      
112         -32102.766482981991      
112         -33559.902982590582      
109         -30947.964137979357      
113         -31027.327170670218      
101         -26256.794552124298      
112         -34210.235780083342      
112         -34976.572186555706      
