480 1 -3980 35 35 35
135         -301243.68934693967      
138         -314012.58385795937      
135         -300172.41629113455      
136         -303825.81026145018      
144         -345128.35240814101      
143         -342449.02415119647      
142         -334982.67964367603      
141         -325675.73559906625      
126         -264493.41583680495      
127         -271178.05277562764      
135         -300363.47502430459      
139         -313892.53970889637      
136         -302437.87337975978      
135         -302008.29968764464      
136         -304816.09178914124      
136         -299758.49831095338      
136         -299868.41131181637      
136         -302152.0330575406       
129         -274295.69218311372      
134         -289114.34002120583      
136         -299388.19305429427      
134         -294742.98783964728      
136         -300138.06457160792      
139         -307654.61964858457      
139         -309765.31720538071      
141         -319239.52892720082      
142         -322540.93902924622      
140         -314375.05317573802      
144         -332411.33960256219      
149         -356929.89977549831      
151         -363983.94245569134      
145         -338226.33673022571      
146         -343576.0986664212       
149         -356297.00566997979      
144         -336233.0604371751       
143         -330546.4019413155       
142         -328585.20667628373      
142         -330112.31790105742      
145         -337951.14997931739      
145         -338518.11470350705      
146         -343346.78284181975      
142         -327055.69260972156      
136         -303680.98252131772      
135         -304155.27171756141      
141         -324826.35138127627      
139         -313907.60434210347      
135         -303331.54579231585      
132         -294574.80100568011      
136         -310152.63370381558      
136         -308217.7270048412       
138         -312561.16987406422      
141         -323049.40901030396      
143         -333045.81173925864      
142         -324710.76832976087      
137         -315088.11991571035      
138         -312367.39277124812      
137         -310391.18398323643      
138         -311160.87581947231      
138         -317339.17687240406      
143         -333824.33293019311      
146         -342231.48262944171      
142         -325902.53574971925      
143         -331564.61253339029      
142         -329129.55972200981      
139         -318669.5983997992       
138         -315119.06649842812      
133         -301030.39123951597      
129         -282324.94261483313      
133         -293015.09793915879      
135         -292899.77951038571      
134         -290326.07021314808      
144         -327863.64033872786      
146         -343379.50719232386      
147         -347140.62096375605      
144         -337554.33027290739      
145         -338995.82308994659      
145         -336638.71283116285      
140         -317596.04072373459      
133         -287336.83811730955      
136         -303295.2482061481       
129         -267790.87516706466      
120         -239947.12661602788      
114         -226704.45474530014      
122         -251785.64328728878      
121         -246918.83951464295      
127         -261417.16515423486      
129         -270899.77356062632      
128         -269312.08051290741      
128         -273124.60749356274      
128         -275923.17944603285      
131         -280742.50157523062      
133         -289250.11647375644      
130         -277499.88095127413      
128         -270218.78010862338      
123         -259048.46284606482      
128         -281256.65017879545      
130         -288228.44051364064      
128         -282733.8440860713       
131         -286813.66115063732      
131         -287353.8648745307       
126         -266249.64127405651      
