480 1 -3980 35 35 35
121         -79678.847461888916      
115         -73983.074666754415      
128         -89809.479151804902      
129         -90562.367908963337      
128         -86201.873071805603      
125         -85515.345980459228      
125         -82931.270158426356      
125         -84045.505976988381      
124         -86029.558672542335      
119         -83136.864053638259      
125         -89627.250520254558      
126         -90566.921424124987      
124         -88275.493050461097      
129         -94811.432712125112      
137         -105914.67865055222      
142         -109174.1056219888       
134         -99472.715116844847      
138         -106718.12656242927      
139         -108453.2493525469       
133         -101066.76923360876      
136         -106257.30294837616      
138         -108229.42318370452      
139         -110408.05443884642      
142         -110517.14960168162      
143         -114122.33044619889      
143         -115039.45282165795      
135         -103547.62666172694      
132         -97547.422712554879      
136         -101814.93651041869      
136         -103636.5863279441       
140         -110405.83492027088      
144         -115665.34229914832      
139         -110614.9350293107       
140         -112139.73883841549      
133         -101655.00971665984      
133         -101092.09948764462      
136         -106399.73911620598      
136         -107595.2321674909       
138         -111667.00476675072      
140         -113909.1158567824       
144         -117832.6103869128       
141         -113390.55133840363      
135         -107090.28153606161      
141         -114837.65063421744      
138         -110480.8363213242       
141         -111449.12968187091      
136         -104338.59990877175      
136         -102764.61094883468      
129         -95511.401193380167      
136         -104973.08261446183      
130         -96185.260648689713      
132         -97272.252244004761      
137         -102986.82618493507      
140         -108514.1411908599       
133         -101656.06632396276      
140         -111673.14878337669      
137         -107636.23381116988      
135         -104942.37988737288      
139         -114028.70158361109      
134         -106427.896912036        
136         -108163.72098032536      
134         -104834.42270204909      
134         -104388.79724985601      
132         -101584.15812877474      
129         -94473.848885412808      
132         -101306.37649145887      
134         -103224.01448106748      
137         -107660.2089474923       
144         -118583.02911025296      
143         -111033.85664236969      
140         -107869.1476603328       
134         -103553.02435576777      
134         -102924.53355994578      
136         -105949.32717333111      
135         -105972.43089652689      
134         -104460.43587373159      
132         -102382.06995191952      
137         -108482.38765508801      
137         -111240.56523901426      
141         -116103.75447578587      
141         -113954.45677797766      
143         -116914.35282436699      
142         -113878.69999404544      
143         -112315.28056748117      
139         -108425.35289909859      
141         -110123.19186752259      
140         -107445.83165875661      
137         -108347.67274557233      
138         -109806.39662415178      
134         -103882.78906639457      
137         -105745.99109984263      
138         -108235.00919722188      
139         -110941.33721338265      
139         -110975.66998168749      
137         -107038.44117843329      
136         -106894.51023263636      
134         -103647.07603621781      
138         -107328.22184150835      
139         -106661.81159262414      
137         -106978.31740911632      
137         -103714.67452726203      
