480 1 -3980 35 35 35
134         -103605.301682538        
131         -101548.15928518811      
128         -97604.154087783609      
134         -106195.40476095599      
137         -106910.67925157836      
135         -101983.24742593257      
131         -98396.111716356841      
132         -102017.9889011912       
136         -107154.45738471713      
138         -108448.21800795263      
137         -107560.37935592291      
143         -115393.86906689941      
140         -110820.26615450288      
141         -114417.59182082879      
139         -109359.9939723642       
135         -103334.78425905008      
130         -99100.118291574923      
134         -104072.14058877727      
129         -99011.804709178323      
138         -112580.33243756618      
137         -111289.43053899858      
139         -115625.63332427826      
138         -114467.96137688815      
137         -115429.20990310838      
133         -108810.50209400471      
133         -106302.1018111287       
135         -108723.65530895304      
135         -108552.05327695432      
134         -105671.28648907345      
139         -109852.86263899147      
144         -116594.74398287298      
142         -114430.27587468295      
145         -117460.84905652508      
141         -112314.26480877602      
139         -110833.39586056779      
142         -116190.36446743633      
141         -115948.14008706268      
137         -109715.25199678622      
141         -115698.18058525094      
138         -108940.89151561094      
138         -109661.53887328948      
139         -113906.167317963        
135         -106630.9569656229       
141         -115231.87876329938      
134         -107143.28377672129      
136         -108158.30955775353      
139         -112222.19348043074      
139         -111998.64090931723      
140         -112672.19160635934      
143         -112606.26387547828      
139         -108683.46092853529      
138         -108828.44224230753      
137         -105860.72054417207      
126         -91165.474269237355      
119         -86176.983931060458      
123         -91553.647584184248      
132         -101773.31407365754      
131         -99608.900613476566      
132         -101907.53979071144      
135         -106282.60802629101      
132         -103450.00629190789      
135         -106998.79738742943      
140         -109635.15922690854      
138         -108666.28482115787      
141         -112121.8833261387       
136         -107702.15574048538      
141         -114153.22552402529      
144         -119498.42845645361      
141         -116206.25021351066      
141         -115238.06543706208      
137         -109744.73603991214      
141         -115051.01592292635      
134         -105237.68306861962      
133         -103956.13565075974      
136         -111234.60861731874      
135         -109399.99374939823      
133         -105399.58187196412      
138         -110641.68571058573      
136         -106985.94454088379      
131         -102207.54428130449      
136         -107979.1649474233       
134         -104620.89541159553      
132         -101113.76587036542      
129         -95010.048610970276      
131         -97859.544106161062      
131         -101233.98438628612      
131         -101403.67223457097      
133         -106697.79480874326      
132         -101916.90299608732      
133         -104175.01350784165      
130         -100644.93851747386      
129         -98622.969354210669      
130         -99680.681890045715      
131         -99776.017053100033      
122         -86780.76429061903       
122         -86619.911956274897      
119         -83839.016769071706      
119         -81730.07078293596       
122         -84870.219814578115      
129         -93924.660757310965      
127         -92111.861818225181      
