480 1 -3980 35 35 35
140         -54259.357531610935      
132         -48162.882354624431      
138         -50801.484662083094      
148         -58037.11703887389       
148         -58572.603427962393      
148         -59296.935308749133      
141         -53485.053062296764      
143         -55623.932630595817      
138         -51639.882186611467      
135         -49397.818013922726      
139         -53851.355258477073      
140         -54581.524066614234      
140         -54882.694384614872      
144         -58729.901136597749      
138         -51569.311969441449      
143         -55248.625742008655      
136         -50522.991716623037      
139         -51656.052695622544      
136         -48899.807720866658      
142         -52842.590706851355      
137         -50748.82592434268       
136         -50750.662267323081      
136         -49850.224063079208      
133         -44991.275733966519      
134         -46217.516638662979      
137         -49867.373442600445      
140         -51129.609778522543      
138         -49394.682638306549      
139         -50970.414094446387      
138         -48640.772370531573      
132         -46297.201646094021      
129         -44729.364876890024      
113         -34951.645644147393      
116         -36460.719368163664      
117         -36253.622785393469      
116         -36694.693542717629      
114         -33745.586643092072      
123         -39978.348335809809      
128         -42775.970432027163      
134         -46272.678522996917      
130         -42736.940102840352      
126         -40941.84394144555       
131         -46223.756225440629      
131         -43280.552649404104      
129         -42024.303447542865      
132         -44643.310710460857      
133         -45806.120639498746      
137         -51847.019067051566      
135         -49353.8774193063        
135         -48304.019863703965      
134         -48332.257834126875      
139         -51055.685324142607      
143         -52837.286782641102      
146         -56169.706001996463      
145         -53036.057831337515      
143         -51326.885533250585      
143         -51889.75773167186       
145         -54320.049396718954      
144         -53312.898116065851      
146         -53690.630619234835      
140         -50658.285516077318      
138         -49541.642994960552      
137         -47683.472950163661      
135         -46955.722526342957      
137         -48686.027077711733      
142         -51205.440431068819      
140         -50301.879818763417      
139         -48067.225394016576      
140         -50608.538243643372      
136         -47948.896707811575      
136         -47437.282755504806      
143         -48999.928570909622      
140         -48007.347861168673      
140         -48326.576815290777      
135         -44941.598352379442      
134         -47268.95825407299       
131         -45679.995318953865      
133         -46759.342530086993      
136         -47496.594034636255      
129         -43011.247139189734      
127         -40743.896442717894      
122         -39541.406335201347      
127         -43362.756128954643      
128         -45005.58538300178       
131         -43235.35082928589       
135         -46865.703798513787      
135         -49259.129056530452      
136         -50004.938364297908      
139         -52100.044221874145      
138         -51016.773410938578      
139         -52978.102048277302      
138         -52930.175466472749      
135         -50105.163772578511      
120         -41793.625982566286      
133         -50007.502936901823      
138         -53390.065315996661      
135         -51058.319162746091      
133         -48457.535002343189      
136         -49543.413278625034      
127         -43710.937101082614      
129         -44833.482755997415      
