480 1 -3980 35 35 35
126         -40144.096972132953      
130         -42343.979926461681      
132         -45548.271113122719      
131         -46533.417806673213      
130         -47808.554985980991      
133         -49363.209663152345      
133         -48955.853030789192      
136         -48974.524725873845      
134         -47681.946068312209      
128         -41805.918245884808      
130         -41307.395012702102      
127         -42697.754430195455      
128         -44672.248514985971      
124         -41139.781451423798      
117         -37656.301791090096      
120         -38928.680123809085      
118         -39207.700711930214      
117         -36576.912666920325      
120         -37114.558246317945      
124         -40571.157993355759      
119         -36889.469874779403      
123         -38027.104423531549      
125         -40720.337378350945      
119         -37504.098433141451      
121         -37627.895927098223      
123         -37514.342893619971      
116         -34048.422682976234      
124         -37835.657575016179      
118         -36032.638792549667      
121         -35899.177045511584      
123         -37595.002238403489      
120         -35246.69506094695       
128         -41976.04355103393       
131         -43869.42837374076       
139         -48679.736417642613      
141         -53413.222588756813      
143         -55227.693354602801      
137         -49763.946730285126      
143         -52824.525729963498      
141         -53277.361344667108      
141         -54001.371376251838      
140         -51996.775023936767      
141         -52448.66523605329       
143         -55756.264955911189      
137         -51349.545337973832      
137         -53515.180335233097      
139         -53718.383185669496      
137         -51720.342949206082      
140         -51982.068371695903      
138         -51158.283456382713      
141         -54383.741789477797      
142         -54675.086006601632      
143         -55847.77684149408       
142         -55185.073576081188      
144         -55407.712952287919      
141         -52531.3623344312        
131         -45290.425932688653      
137         -48689.902780136508      
138         -45563.627904053326      
136         -44487.012726237081      
134         -46258.444694667072      
138         -48828.066070243804      
141         -53696.355975248072      
143         -53124.528099522533      
139         -52427.81589017345       
140         -54575.509225303074      
144         -57166.728560947078      
139         -53756.196056896428      
141         -54720.888267886061      
143         -54822.335131421161      
146         -56781.247663441412      
148         -54956.842152477555      
146         -53711.689102406919      
140         -48584.165067794282      
139         -48186.172949176187      
141         -49624.71166375131       
143         -50930.325812278214      
143         -52723.557420060708      
141         -51731.759324675666      
134         -46535.605516817028      
136         -48753.616855570028      
131         -45699.840286769147      
136         -48912.099872947911      
141         -49643.351181452395      
139         -49006.528730332364      
135         -49379.526035979296      
137         -51669.149884924569      
138         -51081.335659674034      
132         -48805.934992423361      
132         -48249.94741993631       
131         -46076.569686400711      
125         -39770.53160921987       
126         -40083.674951915556      
129         -40835.821094642903      
131         -41541.702170689583      
132         -41904.48023095799       
128         -38178.649633527944      
127         -37186.684401859777      
121         -37683.795580734892      
119         -38068.755295192328      
130         -41109.474594158055      
