480 1 -3980 35 35 35
132         -280504.44976813404      
134         -291114.27619088819      
132         -280657.6068289855       
132         -283978.06357121607      
137         -304993.79348202236      
137         -306120.44193026307      
140         -321891.85621439572      
136         -302414.41309193632      
137         -302956.13507441379      
137         -302851.24280088674      
145         -334778.46360156813      
143         -331504.52548575931      
142         -330383.64748045802      
143         -333379.99664258392      
146         -349415.84249808773      
142         -327660.98755799315      
142         -324691.61310806411      
140         -318271.20578584529      
135         -298133.34989947634      
135         -294706.77104449668      
135         -298610.39069708972      
137         -304018.20319817157      
142         -323794.43258955824      
140         -318669.51875776413      
138         -309899.90593682718      
140         -320711.09827548719      
142         -323235.53873899253      
147         -342007.83595182525      
147         -346180.31499093166      
143         -321517.48606156098      
142         -329731.29021002387      
143         -330807.10358457203      
144         -331190.77896883793      
141         -320382.97070551163      
141         -320648.39016372641      
140         -315951.85392716771      
140         -314816.70787462057      
140         -313103.09542792465      
143         -326603.17297147319      
138         -309788.89376659028      
136         -299315.71364387468      
135         -296625.5104705033       
141         -317322.88163373806      
135         -290429.53128034616      
129         -269939.8700230947       
126         -263836.85146504961      
125         -260665.36800032435      
124         -251250.26224320501      
122         -240536.31660795127      
126         -252358.37517874865      
129         -264094.22911756492      
125         -250968.42886808619      
130         -267688.16188068117      
131         -268850.78420769924      
128         -259286.15206592626      
126         -250941.59884534081      
126         -252466.77209208705      
123         -242315.3956102333       
125         -252870.28173863745      
131         -268235.31536997855      
129         -263972.53665687901      
129         -262201.8530830887       
127         -256600.66425870775      
132         -278445.65250062913      
136         -296424.76587243698      
132         -283229.07221959508      
138         -308370.20844465308      
131         -283284.62344122713      
131         -285549.93381250615      
129         -274305.44817560806      
129         -275027.46625346004      
140         -315147.05745395843      
134         -290817.60646189452      
131         -279084.36214538722      
130         -274047.59619261522      
129         -262962.83945516049      
131         -273651.6217489182       
122         -243141.24480251333      
125         -250746.79843931855      
132         -280503.56280262652      
128         -261970.44994002464      
130         -271999.35032495414      
126         -251190.30467913349      
123         -242281.29985104501      
120         -234300.66660355104      
129         -263192.18761668605      
130         -269345.92290214438      
126         -252229.26640598022      
124         -250021.96308466105      
126         -246629.10380681531      
129         -256352.54125211688      
120         -220148.7718041084       
119         -220416.66314564663      
117         -212305.76530485498      
112         -192753.42546194972      
112         -199698.83800629555      
109         -190339.76612329707      
113         -198801.72995292168      
101         -164141.45512287354      
112         -207880.42151923236      
112         -205963.92474107246      
