480 1 -3980 35 35 35
122         -38463.713269768814      
121         -38533.597533940942      
122         -37814.237898296662      
120         -39130.128923214987      
124         -42308.299999015915      
123         -41643.836640403344      
119         -40513.875672845286      
122         -37745.625889787574      
122         -39547.179474010481      
130         -43839.079715285625      
128         -39972.365798576939      
130         -43404.024644083715      
124         -39362.647655892986      
125         -43095.535447110204      
116         -36374.941098000432      
122         -41358.073265407664      
121         -40720.668566176086      
125         -43505.250020311869      
120         -40630.657820596061      
117         -39065.739590765843      
112         -37324.503393973857      
110         -35792.547920218705      
117         -38707.689821661399      
113         -35673.068102641693      
122         -41038.699309880591      
125         -41340.09887915857       
125         -41526.445712765606      
130         -43343.060341688011      
131         -43294.008935150188      
135         -45478.417803628625      
137         -49305.724677210514      
132         -46543.82679544478       
131         -45121.758078983999      
131         -44802.911019740866      
136         -48780.355449862116      
136         -49182.744752630468      
134         -48176.420990686638      
137         -50888.117905814455      
133         -48123.617494842845      
135         -48022.498588694907      
139         -50864.647429179335      
134         -49428.086827934974      
137         -49461.14591067432       
134         -49064.24342613617       
132         -46947.249167299189      
131         -45924.004306281706      
134         -46653.248529031516      
138         -52309.290189937856      
140         -52281.613624269725      
139         -48582.405178664587      
141         -55040.703645316935      
142         -54682.308488072907      
141         -54889.809061183063      
141         -54607.658592017302      
139         -52869.28804091597       
143         -54022.876321494638      
142         -53279.028947111437      
143         -52757.762409727278      
137         -50324.243341984446      
135         -48073.146485908212      
134         -47171.252285534501      
139         -46915.416912038309      
144         -51367.96505713497       
143         -49628.785844795915      
147         -52313.328478492775      
145         -52741.679463616252      
147         -54225.606838221647      
143         -50724.636747907338      
145         -53706.28979761192       
138         -49726.209857584523      
143         -49895.256866226118      
144         -51416.103636419663      
146         -54312.364700848877      
142         -51048.087351862167      
145         -57436.926848106945      
138         -50221.484739392865      
142         -52009.676568190582      
141         -51898.593154210801      
144         -55112.213149719464      
137         -51286.797880387792      
136         -48333.09562062769       
137         -48492.656269059124      
139         -51073.899718543566      
138         -51418.52072595909       
142         -52062.274059638672      
144         -55305.182737752613      
142         -54556.559657591934      
139         -52664.475409436833      
134         -47960.225065655693      
139         -48636.646114291252      
139         -50583.305000187393      
142         -52833.742082612167      
144         -56258.999251351474      
143         -55220.874637168483      
137         -49871.303082449042      
139         -50623.060117830879      
139         -51332.145088804151      
140         -50419.526437333487      
139         -46989.02834979428       
136         -45492.324250505982      
141         -50229.280319509962      
