480 1 -3980 35 35 35
128         -89093.98675809268       
124         -85023.739703660744      
116         -74041.080896926927      
121         -79990.007851222603      
121         -79296.372034947082      
130         -91974.512240602053      
123         -85671.385912115365      
123         -84443.117707508805      
122         -85340.340576909352      
130         -95817.940623634058      
134         -103075.4561336225       
134         -103467.71966174559      
133         -103076.99201524969      
134         -105213.77654194075      
134         -102693.77569698874      
135         -103242.82569030501      
135         -100916.06730135475      
133         -98708.003363620577      
132         -97388.997813581605      
132         -97756.962476841669      
130         -94126.483857231418      
129         -95518.424952625821      
129         -96663.073495810211      
133         -103742.48866300049      
130         -97622.056354794768      
130         -97932.627098024532      
134         -103119.0944899584       
131         -99811.625099096476      
133         -103126.44837424986      
132         -102077.74011914838      
136         -108901.45273967751      
135         -106180.85339366429      
135         -105597.75120975694      
139         -111534.7113728158       
143         -116964.60822655581      
144         -119883.15980945976      
143         -118618.44582020229      
142         -118568.28926396793      
143         -119027.37111033476      
144         -121322.60023667177      
143         -119935.65183257534      
142         -118317.13598777346      
147         -125945.19520104984      
153         -137411.89782740775      
154         -134016.01050751982      
158         -139064.91906056093      
151         -128895.91903744015      
150         -125979.76345256258      
149         -129025.00941969707      
146         -122205.94178202051      
149         -127619.66633061957      
143         -118600.03956415062      
142         -120615.12514556701      
142         -118528.88332002384      
145         -125726.83893308825      
139         -114642.99016717022      
142         -117037.4340990358       
141         -115384.17072158642      
143         -118439.99114666294      
144         -119378.45754436385      
142         -114948.43425465035      
140         -111505.48507465274      
138         -110371.96506414305      
133         -105299.99533536343      
131         -99086.769433741749      
132         -100553.03687620276      
127         -94563.644864490212      
136         -106811.94211324224      
135         -106004.29988235247      
139         -110988.9432013138       
142         -116748.6805377105       
142         -114960.03550828101      
142         -114461.41229704015      
144         -118010.5165550337       
143         -117244.68998394828      
147         -124798.41043822284      
143         -116337.509941496        
143         -115272.39595513482      
141         -116706.62014474996      
140         -113578.93331296994      
143         -118188.90980423256      
144         -120260.03344187522      
139         -111809.33985085232      
143         -115939.82845210725      
140         -112989.3725786584       
140         -110733.36730153447      
143         -112389.94881055562      
142         -114957.5637914645       
140         -113417.55789786951      
142         -116103.14603955252      
141         -114253.61869208823      
139         -112925.15506179591      
138         -109975.15383634561      
136         -107321.8870778955       
136         -104687.08186723372      
135         -104270.31952602699      
133         -101963.17968583199      
134         -102671.71440369371      
128         -93485.732353065396      
125         -88998.113386320954      
127         -93100.536131715373      
