480 1 -3980 35 35 35
138         -50892.59133188393       
140         -49853.683063589488      
144         -53854.278677442264      
146         -53058.050622892501      
144         -52772.260251993917      
141         -53401.612744651218      
139         -54465.900924651178      
147         -58598.31450492829       
147         -55584.979478156085      
143         -54299.001495678523      
142         -54430.730848647778      
140         -50044.354935384166      
137         -47194.772212504242      
132         -46233.188122727952      
134         -48284.432218452603      
136         -49168.305065297842      
136         -49023.871746785204      
142         -53101.742054635841      
141         -52220.239752156667      
134         -49979.738172386817      
134         -50198.168132829123      
140         -52941.663592999932      
143         -53616.601997713144      
141         -52560.308513149655      
139         -52504.940844276083      
138         -51822.115091187516      
138         -51355.780676915965      
136         -51916.236898098934      
138         -53569.992485932948      
142         -55313.743079872285      
136         -50909.753006212115      
137         -49988.690186563697      
134         -47974.611633365261      
131         -46187.550753389718      
134         -47655.914010947075      
137         -48587.170702569063      
131         -45575.511706606398      
134         -46273.934302386115      
137         -48232.242993058208      
129         -44911.889265914353      
125         -45102.313328832905      
132         -46892.307755034941      
135         -46527.784269024916      
134         -45890.19655413663       
136         -48659.206154133906      
136         -48003.9028454785        
133         -45240.444512044247      
129         -43507.496917861718      
127         -41900.648831114646      
129         -43009.309559288646      
128         -43580.32109275314       
129         -44683.189887366905      
125         -41482.857002760153      
135         -48813.765783670038      
135         -49225.50003287576       
127         -44972.626865902377      
128         -46216.305751393484      
130         -45653.593033398472      
130         -46521.038216513865      
135         -48980.767581369044      
140         -52507.66677654456       
139         -51906.365614064336      
136         -49544.198106902855      
134         -47677.978182938452      
133         -47512.79442550653       
135         -48884.553088384695      
131         -46943.716993986694      
130         -45399.121710782703      
124         -40044.044228515748      
127         -42689.357730210126      
132         -44422.730238484204      
136         -47346.258275882647      
136         -47960.112912224926      
135         -48504.279884713578      
138         -51554.833287498768      
134         -49009.869886512839      
135         -48390.277332235448      
132         -48254.766287528706      
129         -45489.182393587398      
132         -47722.31065576047       
139         -51166.001784190659      
138         -52747.725427051941      
141         -57319.280061093588      
138         -53244.697864016009      
136         -51787.885551927022      
133         -49494.046172129871      
130         -47977.65097390829       
131         -48593.072976305979      
130         -49028.026643006378      
129         -47789.283560556411      
129         -47742.191492538397      
130         -46619.798298699243      
130         -44791.906869454688      
134         -47205.577376083813      
145         -53114.300330935846      
148         -58142.674682954712      
143         -53726.394097662669      
145         -54620.052536105271      
139         -51461.086792394031      
134         -47697.189616975702      
142         -51326.994060488731      
