480 1 -3980 35 35 35
143         -344388.86287281645      
142         -344186.97938891751      
145         -350453.02058891219      
145         -355171.13324896118      
144         -353159.01473268622      
149         -372515.0542263473       
148         -368568.27921893401      
149         -370356.25494069001      
151         -372751.62590612686      
155         -392798.17678153154      
152         -381771.60255163407      
153         -382617.64536472724      
151         -375746.48344768153      
152         -379533.57986048644      
151         -370260.05955346313      
151         -368096.58912049962      
146         -345794.43767173094      
148         -352857.41882058751      
148         -358086.41295913979      
151         -370303.83787096658      
146         -349527.22924349189      
144         -341631.72974424483      
146         -343943.50929930981      
146         -341083.82335680968      
145         -341752.79066271277      
141         -324208.1147854618       
142         -335532.439538932        
148         -360875.29070714174      
149         -366737.11606096872      
148         -362855.67461117997      
143         -346536.28996545257      
145         -351042.2938885481       
142         -337714.63589713466      
139         -324948.57334019692      
142         -334994.61861413653      
143         -331465.94979043299      
144         -335967.76335053926      
145         -346059.43261475454      
148         -360605.68791318772      
150         -367983.03168039152      
150         -367063.54997042287      
147         -360056.30873999622      
146         -351524.02360891417      
144         -342146.7634159663       
144         -338180.56244231702      
144         -338291.90002511756      
145         -342753.30277035967      
143         -337321.59815745981      
147         -353003.78569882736      
147         -358386.65244999842      
142         -339229.50219676725      
142         -337208.58489306219      
147         -352883.24648472422      
146         -349317.26247155044      
143         -338938.83207414421      
147         -355380.94817616011      
145         -347625.43086083513      
142         -334945.21753839613      
142         -337144.80075108469      
143         -338408.68440163985      
146         -353728.80721328355      
146         -356976.24676465028      
148         -363899.25416418334      
143         -343310.94173954689      
141         -333700.83943829278      
140         -334536.23459087859      
146         -356986.38848189899      
146         -355511.77683925506      
144         -344489.26642391167      
147         -358431.08866847848      
146         -352377.5952732662       
146         -357515.75791164546      
141         -337349.84279676236      
142         -337786.25269428536      
137         -315606.63370167761      
139         -323095.43559898756      
141         -328511.19931657793      
135         -317667.29119335947      
138         -318629.15607324609      
145         -349131.53779072128      
145         -346271.35302285571      
152         -375606.31953216484      
147         -360413.33854104753      
144         -350482.22483613912      
143         -347699.24664980982      
146         -358666.77266771393      
147         -363057.44163018122      
146         -356141.40325062035      
152         -380551.67004429287      
148         -360187.63087998453      
152         -373950.22433938377      
150         -363727.32146077114      
149         -363771.51343532774      
149         -367564.32029214368      
148         -361557.23133092863      
145         -347942.2732965789       
144         -340538.81048467476      
140         -325163.66938864609      
135         -303155.34088994237      
139         -315615.08406713972      
142         -325794.40276102722      
