480 1 -3980 35 35 35
122         -239917.88459339683      
124         -246951.798008449        
128         -263062.56473108841      
125         -252267.10571421249      
128         -264026.11789560918      
134         -285977.63807438768      
132         -276995.38066361501      
125         -251211.32042216713      
128         -263942.66516186908      
127         -257232.9073545805       
131         -276057.71388902818      
136         -291556.8671180681       
130         -273723.56236076343      
134         -291449.43745831767      
129         -278562.89392178494      
126         -271749.60003242781      
127         -271742.83567532804      
134         -287997.38985980145      
137         -300042.33995874372      
136         -294428.51546127273      
137         -301053.66835989855      
137         -300593.03461282741      
136         -294949.1077174797       
133         -281948.42602868925      
134         -290178.01781841362      
126         -257449.79198445028      
125         -257053.21104971576      
121         -238310.81408952066      
125         -246774.56321689574      
121         -236460.51298232307      
126         -255976.15289678655      
115         -214049.56346892385      
114         -208724.64544382886      
106         -187307.07837014608      
99          -169635.94276417792      
107         -188970.1931819836       
102         -174587.57951169717      
101         -170381.58722556464      
102         -168754.33367725732      
102         -169826.33600489626      
108         -190606.43890532182      
103         -173839.18135009828      
115         -209563.12077911248      
114         -206465.8546025081       
124         -239550.22020384343      
123         -237931.26637382209      
123         -243538.499048967        
122         -235441.20085508109      
117         -216442.13875564715      
119         -228123.3893719592       
113         -211824.81411415557      
114         -208630.36274661022      
115         -217819.96036379464      
112         -204811.81363967434      
106         -183112.25783021146      
119         -224431.87371197558      
117         -214817.30040310213      
116         -211910.76486772834      
107         -189734.29847487836      
111         -202569.23382105885      
118         -225292.21687312101      
123         -250763.13461369244      
127         -261701.49892456987      
134         -291095.96755958855      
133         -289847.90567205002      
132         -286582.70588095213      
126         -257546.78671357446      
130         -268450.60271692032      
125         -252007.67462618096      
128         -261892.16657058059      
131         -275902.44059493009      
131         -275052.64410585328      
135         -293950.4126705018       
136         -295078.67498293804      
133         -289313.67887192761      
136         -302911.99434798752      
141         -322006.74305028515      
143         -328599.53437935555      
134         -291590.84849777777      
133         -284807.15039301763      
131         -277484.5884426767       
132         -277479.77821882942      
132         -281840.14409091888      
129         -276806.04722361552      
134         -295274.64341586741      
138         -311385.61655568192      
137         -307913.5068689335       
132         -282754.93448887771      
131         -282315.40344777738      
127         -271165.45079173095      
132         -287502.59549829474      
138         -305887.57635330595      
134         -292194.40032848151      
141         -325828.23825838155      
135         -302928.90816671069      
134         -303337.23949103308      
136         -308103.80130271841      
137         -313395.25605363335      
144         -344666.80883185088      
147         -363178.34839361906      
143         -344388.8628728161       
