480 1 -3980 35 35 35
138         -112671.61700026655      
134         -106857.71610426392      
128         -97951.952427903831      
125         -95939.564492857753      
128         -99346.819000497868      
127         -96627.534013890603      
132         -101630.6057779835       
136         -104496.51457557559      
136         -103992.00624845998      
134         -101961.35728729349      
131         -97235.136496386825      
137         -105866.03337200424      
144         -114358.3832152492       
140         -107938.31763284151      
137         -104830.81027395751      
134         -102068.27695732439      
126         -92486.271202136486      
123         -88844.483311734773      
119         -82633.873035571029      
119         -83642.204524296903      
125         -87200.259906005856      
126         -87838.95288304078       
125         -84212.533293482295      
123         -79824.489026741794      
126         -88400.802183678563      
126         -87201.315054952094      
127         -89147.04858342951       
128         -91298.170517753446      
127         -89649.936015685787      
122         -84803.117145018099      
122         -82647.822792189676      
123         -85178.506609056451      
127         -89151.406116797676      
130         -93667.468466779144      
118         -77505.440499533419      
119         -77913.789647944723      
118         -78445.148030395183      
119         -77376.623583660112      
120         -79941.366756726158      
122         -81622.902217757175      
126         -89168.453158804637      
125         -90279.715472457712      
129         -95659.326836835549      
135         -103465.06256513887      
132         -100623.52535815425      
131         -98937.148228969891      
134         -101952.09015232207      
126         -89939.20021513314       
121         -83602.823428641772      
122         -86131.202955058965      
128         -92776.184730663983      
128         -91031.897063530341      
129         -91150.932371859439      
129         -96180.486966534314      
131         -96431.557173141904      
129         -94964.57882900293       
123         -88413.94008809427       
124         -88915.81466612377       
126         -91186.456220489272      
129         -94212.306123196482      
127         -93018.310118329595      
133         -100449.00649111514      
133         -99170.395239363104      
127         -93343.571697191073      
133         -99315.650760900084      
135         -98982.076262596544      
137         -103021.65253919434      
141         -110819.18746714141      
141         -112097.50397742561      
142         -112307.14735399219      
138         -105573.6067155521       
137         -103476.06236590064      
137         -105866.2485844925       
133         -99685.916499244631      
128         -93240.055695561445      
130         -94256.284110876339      
128         -90935.208685446574      
120         -82401.008108885944      
117         -80904.514695000107      
112         -76197.352008026894      
115         -80689.028722929346      
106         -70030.337856576036      
109         -72534.855431353819      
116         -81568.097860259557      
120         -87130.010719723577      
117         -82702.620129080169      
116         -78927.727120843381      
121         -84974.754854651823      
123         -89084.62892424778       
130         -95908.988830942471      
133         -101930.2850729723       
137         -105630.3433750235       
133         -100938.08148675482      
126         -91776.033573243112      
130         -97053.304710432829      
127         -92881.016372724174      
125         -90868.521800481802      
128         -95046.677981123066      
131         -98661.647385009797      
128         -91881.765324531661      
134         -98759.259117604073      
