480 1 -3980 35 35 35
142         -320544.53485620546      
141         -319440.46874588623      
144         -327816.90619790804      
146         -338386.19868633797      
144         -331442.95546850184      
142         -317958.76787190302      
137         -297429.48514211283      
138         -300836.83937289927      
137         -301203.28128465469      
137         -301958.69845517247      
132         -280196.59382582922      
135         -291656.41211055254      
133         -285236.08329863561      
134         -287178.13853719394      
136         -291713.04502302542      
131         -277388.42351445975      
130         -275056.41124743625      
129         -271723.66126014065      
134         -290061.68206088367      
135         -297746.08334764087      
139         -318162.81431551417      
133         -297597.08978086925      
138         -307482.30280992907      
136         -300042.53436345898      
135         -295376.96775132039      
136         -295042.20083535841      
138         -304689.03504570038      
129         -269381.2773833769       
126         -265307.13187991508      
131         -283694.83008621866      
131         -281764.3684351854       
134         -290051.3200747064       
131         -276846.18329702999      
134         -292303.2752851136       
134         -289598.87298877223      
133         -287715.73780871526      
135         -300016.65238269564      
137         -307914.60887428827      
140         -316827.20947587129      
140         -318289.86215051066      
139         -312116.56440571591      
138         -310260.72080122068      
142         -325802.51303038176      
140         -314626.5824775151       
140         -314879.20480738208      
134         -293169.56727008009      
138         -307764.23433594231      
144         -332015.76722784818      
142         -324265.44831914641      
148         -344845.68701954372      
143         -324957.7067230143       
145         -332452.5863737805       
140         -317925.12255682517      
138         -304194.98074516858      
137         -303397.33589086065      
141         -315969.29521087708      
139         -310398.1613042184       
140         -313264.96680969466      
137         -303078.53834297811      
136         -298237.40230746235      
139         -311843.00572388462      
141         -323651.2693461366       
139         -316662.8680669376       
139         -314008.22095518775      
141         -323280.91640272492      
138         -307999.85930437606      
136         -298470.29690766806      
138         -304387.81008007185      
132         -288203.46967433882      
129         -276406.66034953634      
130         -277732.72609242413      
137         -306933.31030360115      
134         -291470.58246143331      
131         -279744.94735210022      
134         -292550.20345077774      
131         -287792.56729108508      
131         -284796.71466507914      
134         -295904.64981543028      
137         -307659.53445198346      
136         -303910.23404121544      
140         -315795.97011036484      
138         -311493.34751410334      
138         -311664.47885093221      
135         -301825.90901486733      
134         -295847.95007526298      
139         -316020.79668464878      
139         -319513.17375883117      
141         -325029.53898999584      
138         -308075.96368793608      
135         -297924.85084835551      
137         -300600.29544475023      
136         -298312.01011297677      
136         -296015.12765199732      
137         -302727.88370101684      
136         -296669.83697910438      
135         -293073.78977914428      
133         -287496.0349127368       
143         -330092.58707512362      
145         -340757.0397700622       
151         -367546.28362450504      
147         -354235.57901124575      
