480 1 -3980 35 35 35
127         -258030.13449660823      
135         -283379.02922160091      
138         -295894.07716047205      
137         -294574.25009117048      
135         -285863.25937413558      
131         -271509.72575021826      
130         -264470.2113492639       
126         -255854.45227611688      
130         -268332.55694290879      
129         -269727.42377676367      
133         -288209.39662705461      
136         -305141.0398057616       
135         -301906.54219309584      
132         -287687.63551407866      
138         -308974.28122443613      
139         -314054.43179708993      
140         -315812.01912902482      
138         -305432.80593742512      
142         -321326.70642897347      
144         -331374.5213247753       
143         -328442.28052054014      
140         -318889.80669233773      
140         -317611.64440192829      
142         -323736.75398491503      
137         -308207.00290269218      
134         -288366.41421357612      
140         -311502.95793568657      
136         -297330.07552965393      
136         -297045.50040469936      
130         -276809.72709545022      
136         -302631.32202258514      
135         -301426.86386214482      
133         -297483.25896879932      
128         -275150.38661820831      
124         -256252.97511967167      
121         -246136.86256497004      
127         -262888.74531579681      
125         -258564.41102454497      
131         -278744.60648566514      
132         -280540.36997005984      
125         -256257.81283242884      
128         -267773.49212625151      
126         -251685.66245420714      
123         -243942.48763864962      
128         -264037.74080055114      
133         -286728.87013897992      
134         -290616.50573369296      
134         -288855.55949880643      
133         -290970.23035191884      
128         -267497.31251157442      
134         -288732.8976024696       
132         -278644.1264091687       
129         -272194.67511904001      
129         -269016.68268401455      
131         -278579.46632872929      
132         -279733.12960675074      
128         -265905.99321995978      
124         -249532.92472886416      
121         -241650.98560337082      
122         -244609.45480438235      
125         -251440.27406804747      
126         -252199.83359078298      
126         -252346.94396308865      
124         -248019.03759938868      
127         -257362.39018539432      
128         -255874.25153786433      
129         -260686.38130758455      
127         -258845.35224189211      
126         -257297.46610311267      
126         -259164.88089228774      
123         -246381.75214261538      
131         -279274.50205456605      
135         -293980.02679742163      
134         -293940.48533719021      
138         -308726.22835059155      
136         -299802.50494597002      
138         -307874.81162181566      
133         -286256.06765778974      
130         -269357.61399762146      
135         -296583.69795340503      
137         -308055.28674651415      
139         -318650.03918881505      
133         -286619.0765319959       
137         -299559.89900869178      
136         -292711.79025443731      
130         -264813.87839628709      
128         -258800.78659977193      
133         -277948.67296179081      
137         -291915.99058365129      
137         -294987.58293762954      
132         -278618.76916646899      
131         -276546.42564202967      
135         -294735.16287894855      
131         -277653.84677241097      
138         -302449.66883727349      
133         -284509.07101417193      
136         -293633.73783575225      
133         -286875.10131995863      
133         -281728.37915975624      
139         -301550.24530648364      
139         -305955.07721520081      
