480 1 -3980 35 35 35
142         -118415.59336358259      
146         -123488.7070726707       
147         -126515.90902349343      
146         -123634.36344031767      
145         -120197.39327175947      
144         -118778.663371116        
141         -117295.53172187586      
144         -122009.31832499734      
144         -122425.68169740932      
142         -118868.23353731133      
146         -123058.65294483205      
147         -125989.38640102102      
142         -119281.22571922984      
147         -125333.61895382362      
144         -119075.43092699049      
142         -117762.91922241781      
148         -127087.5936728091       
145         -119103.90941835211      
150         -131720.12026458894      
148         -127973.38626565431      
150         -131139.57404334738      
149         -128304.55144672559      
147         -123471.52076033688      
146         -119555.15003832245      
149         -124667.00635730423      
148         -123327.41062269434      
148         -123749.30520646471      
145         -122455.80861891372      
146         -122703.28883057111      
142         -119359.41340816156      
142         -117579.98578555261      
146         -123346.15912958344      
148         -123341.16950674997      
145         -120856.8177089477       
144         -119139.32195618674      
143         -118578.10052113625      
134         -105540.87863980685      
134         -103985.39048443447      
134         -103755.21829770319      
137         -110821.59131978497      
132         -107061.32105918269      
136         -112986.44540740222      
136         -113535.81798927163      
130         -104400.11244762586      
133         -106937.63159063595      
137         -111392.91767026355      
132         -102601.37013440627      
138         -108911.72573322796      
137         -107285.17604565273      
138         -107715.43180796895      
145         -118530.81786630971      
143         -116589.09103327377      
144         -116550.90420751371      
139         -107373.34654116092      
142         -113783.08763402645      
141         -112304.40323852         
143         -116763.59939773448      
145         -118923.6120430529       
144         -117643.25271160668      
144         -115416.961498274        
145         -117807.471479555        
143         -115011.53085087409      
143         -112025.65943437163      
140         -110226.79333119954      
141         -111972.1259835258       
141         -112580.21840788823      
138         -111238.11191975289      
136         -109619.97569123939      
136         -108149.06407279878      
134         -104217.66387266127      
133         -105615.12447417725      
132         -102459.26487681629      
131         -101111.83492134578      
133         -103406.28071301384      
131         -99849.615295252675      
135         -103614.92345667255      
129         -99890.111747424526      
129         -99853.69228676596       
127         -97510.494398685623      
124         -93417.171718474783      
126         -91323.149943967757      
120         -84077.58377676479       
123         -89423.169793937457      
125         -94583.836871095191      
127         -96673.843125474101      
124         -90525.802609709193      
122         -86464.475315019256      
112         -74240.97772423744       
119         -81295.934182567391      
122         -83557.418962882643      
120         -80998.879056655845      
110         -69889.42213851359       
112         -68576.882691271516      
110         -67820.980481253195      
108         -65099.33881731375       
126         -85530.177859890508      
119         -75883.831585431602      
125         -83712.591249310586      
124         -82910.631494446061      
126         -88525.26951891405       
125         -85848.311512266388      
