480 1 -3980 35 35 35
138         -110095.41161525004      
137         -110934.33871999968      
140         -115098.23416452522      
141         -117315.03635172166      
142         -116955.64539064551      
142         -117628.07392459229      
143         -118998.87274397704      
147         -125371.80747216044      
147         -125185.64514740618      
145         -120728.83799716036      
144         -119404.99075523975      
141         -113989.67808237157      
135         -105073.5784792964       
133         -102271.90304455481      
135         -105404.22147190299      
140         -114358.59262312179      
139         -112795.92945096953      
143         -119821.89032943457      
143         -121884.40897374321      
143         -122432.98421374423      
143         -122524.86454299193      
149         -130229.99552705952      
150         -132993.41845177353      
146         -127686.09358495846      
144         -124764.34637748991      
141         -118140.75824262809      
139         -115849.42623066674      
137         -115040.72874688219      
134         -107551.85413032722      
134         -107198.14255128217      
132         -105015.38480127507      
126         -96344.786180546056      
122         -88948.987419018566      
127         -93189.399879620032      
123         -89449.436471189751      
124         -89642.677448502625      
128         -95743.017219814938      
130         -98087.938662173387      
124         -91010.681524728978      
131         -98765.796355287588      
124         -90947.926898949867      
124         -87167.037960325863      
123         -87097.738183759546      
130         -94703.14770959095       
127         -89851.920565365479      
131         -96908.100210741686      
130         -95281.463627328092      
129         -93756.492595223928      
130         -96882.031832043533      
130         -96228.631590384626      
132         -100745.19869611652      
122         -85852.116500712567      
127         -91322.016167572423      
123         -88591.70395765701       
125         -90409.176619144186      
120         -84622.115246459027      
121         -83792.286355759046      
131         -98295.15477613821       
136         -105073.46813817581      
134         -103986.02248542158      
134         -104763.37531485422      
134         -102166.01451343247      
138         -107841.98619382805      
136         -106223.7590703427       
130         -98374.40511623722       
132         -100046.89996779324      
136         -105844.87911161929      
141         -112935.86561711163      
138         -109725.02553677696      
137         -109378.21326647697      
141         -114314.26745788385      
143         -118751.22972701164      
139         -113303.93856983411      
138         -109436.67002258326      
137         -106637.71936285174      
139         -109121.62014652394      
133         -101057.63423959434      
130         -96662.163127024673      
133         -99404.301588178554      
123         -88542.644535973377      
125         -91894.943533169106      
127         -96985.043290374684      
130         -97867.700822935803      
135         -105184.10233177042      
134         -101374.56462248179      
137         -103470.45553805876      
136         -103653.58676804474      
127         -94063.21144491437       
129         -97173.748430298045      
130         -98327.987854885898      
135         -102055.38712192941      
132         -97833.247631819904      
129         -92820.274144354597      
133         -97731.96115708031       
125         -84776.421684064029      
124         -86041.712956671749      
125         -87969.635884565752      
126         -88722.908068603574      
128         -87706.655673190835      
128         -87190.56852895669       
132         -93673.629185657803      
