480 1 -3980 35 35 35
127         -92544.366556108798      
126         -91402.462093077833      
126         -90307.043599289827      
121         -87390.748071863651      
124         -90642.557951121504      
124         -89308.994045736137      
127         -92892.549187723955      
131         -98682.481683127422      
130         -94301.742088315557      
134         -99453.403028904329      
137         -102761.82363540014      
134         -100934.77721178166      
134         -103573.6228689329       
133         -101994.44962131284      
130         -99112.057567669035      
132         -103356.95891736569      
130         -99619.891692688179      
127         -94241.282734972701      
129         -96793.13628981357       
126         -94595.937996888068      
126         -94826.269415213697      
122         -89392.129235982706      
113         -76052.356642583298      
109         -70677.513534587546      
122         -85641.985061637053      
124         -87523.679388951394      
125         -89304.128065639452      
134         -99905.16380112074       
132         -101052.14746765397      
134         -103740.23935313775      
129         -96145.72600723416       
129         -95230.386626093459      
130         -92805.432516283574      
131         -96339.663416684474      
130         -95764.592718407424      
130         -92556.097420873863      
131         -95820.898340975647      
131         -95782.256213997665      
127         -89696.91559100576       
123         -84567.634167126613      
128         -94812.48667745557       
124         -87148.069288953091      
129         -93514.813774085589      
124         -84758.814453771134      
129         -88707.544980427934      
123         -84263.386243480127      
124         -87470.996660731354      
126         -86577.663465479724      
127         -90181.221122557443      
126         -88771.531712526441      
121         -82408.188376905135      
121         -83729.878121704416      
129         -97335.099985638095      
131         -98077.212277374972      
134         -102299.53855867182      
131         -98841.210903212967      
134         -101905.63198296592      
130         -98419.319345163458      
133         -102044.43131290941      
135         -105137.12115929238      
137         -107841.90331836311      
135         -105939.55619034175      
131         -99432.374983918664      
132         -104175.98731062422      
128         -97328.683343861325      
131         -100549.00302131094      
137         -107819.78620832808      
137         -107416.43478880309      
144         -118397.30386838013      
143         -120269.47747606202      
141         -114967.47753476628      
137         -107233.48871585564      
133         -103989.70641929712      
135         -104563.26653523446      
136         -107034.96860738884      
130         -97293.546085822774      
129         -95721.073252917544      
125         -92787.407651672285      
126         -94130.727511822348      
128         -97238.335474745822      
131         -102208.29504990341      
137         -109615.84426106814      
140         -115583.14781174109      
140         -116127.52374546345      
140         -113275.18041446283      
141         -114503.98744980908      
139         -108704.89204006227      
136         -105457.66957623386      
136         -107191.76883823026      
134         -101150.96841085549      
132         -99245.479914782904      
133         -101479.081502193        
137         -108779.00714883658      
134         -105304.44342404505      
130         -97817.943411970002      
130         -95649.994473564686      
133         -96109.98150518653       
131         -95664.650172879017      
129         -94154.475037610842      
136         -102576.25265486201      
126         -89824.503359878552      
