480 1 -3980 35 35 35
142         -326165.01996597461      
146         -344037.32912021189      
147         -351557.32746168366      
146         -344273.11872937472      
145         -335960.32210382359      
144         -335355.25906109146      
141         -328296.4616297661       
144         -336837.34455348062      
144         -339619.35447472893      
142         -330791.59604169684      
146         -345881.04907767609      
147         -350710.17126923683      
142         -335239.11599734618      
147         -354128.35082822898      
144         -339111.25602511887      
142         -331499.29634105589      
148         -358138.04628801916      
145         -342510.28756764304      
150         -369203.16575793788      
148         -360253.52643611305      
150         -369691.81973304634      
149         -364107.64363363286      
147         -350886.93078599114      
146         -343648.41036595969      
149         -356512.72985382215      
148         -348293.10936762689      
148         -350011.67277133814      
145         -345026.64306681277      
146         -344559.92295493482      
142         -331911.72925367323      
142         -330308.05289792141      
146         -346633.17952152813      
148         -352982.32522987376      
145         -339232.64295880444      
144         -339058.40272727574      
143         -337211.06230268668      
134         -287925.83081858972      
134         -290716.71738440671      
134         -291807.70463243086      
137         -306659.84156612528      
132         -291474.05084054562      
136         -307549.93288408878      
136         -308740.90500665369      
130         -284912.22435112391      
133         -296730.72652721143      
137         -307664.74264610151      
132         -285397.68430916482      
138         -309413.29621841409      
137         -303752.83990042313      
138         -304064.37289596832      
145         -338637.2342537822       
143         -331735.32773808466      
144         -335734.72988674138      
139         -312200.82116508437      
142         -328622.94434699998      
141         -323535.53110124293      
143         -332413.10836875666      
145         -339378.53811372386      
144         -334191.25493725121      
144         -328420.43368241726      
145         -335160.19253851508      
143         -332127.69540466316      
143         -327826.93730221892      
140         -313844.35142374819      
141         -320560.62969839596      
141         -319733.82459301292      
138         -309060.54551297845      
136         -298202.20772625069      
136         -295191.73718794098      
134         -291869.60299448628      
133         -287873.64057250501      
132         -283224.1425063819       
131         -281941.0992555258       
133         -290396.9970476696       
131         -280626.16032296483      
135         -295846.04198878183      
129         -276611.91072719212      
129         -274188.25923043262      
127         -262619.28424867109      
124         -250092.26397060652      
126         -247899.64091989966      
120         -226953.41954041191      
123         -247560.79392765308      
125         -259407.56912883028      
127         -264793.89309876377      
124         -254185.24486074943      
122         -246738.27476099544      
112         -209186.17478726542      
119         -233531.30080129075      
122         -238234.6522002813       
120         -230501.38478007831      
110         -198795.05250440445      
112         -202864.39470512152      
110         -196259.42098980478      
108         -187385.77596698457      
126         -241984.65056152057      
119         -222700.31913402054      
125         -243520.0791545276       
124         -237697.01339093235      
126         -251819.7653285944       
125         -244103.77650722751      
