480 1 -3980 35 35 35
129         -46398.713271306478      
125         -43670.068159596776      
132         -46482.675892930332      
128         -40971.619809428885      
124         -41219.434780381838      
130         -43076.228228440763      
139         -47816.571513656076      
135         -46236.652690101895      
136         -47897.716479224327      
131         -45477.426029870738      
128         -43459.417998094934      
133         -48885.335089973429      
131         -46501.860690478352      
132         -46898.436305712283      
137         -50494.138418581046      
135         -50479.642724412886      
138         -51153.71726830634       
132         -47631.149576536205      
133         -47101.803160331903      
131         -45477.836281593518      
144         -53813.703817746267      
139         -50251.351116724254      
141         -53981.956130146347      
146         -58811.91443769238       
146         -59508.813177215736      
143         -56228.756571818725      
141         -55623.709259442716      
148         -59179.958025729364      
144         -56417.232543968392      
138         -52420.62650580371       
141         -53447.625352936746      
144         -54432.7909088702        
143         -55061.241009591176      
143         -53342.114002165843      
144         -52645.31738536476       
141         -49894.788253174294      
145         -53710.233965459454      
147         -53165.674975807859      
144         -50515.119595480122      
142         -50637.119822166416      
141         -50038.988038439558      
146         -54010.026932724948      
140         -51582.320742021562      
144         -54653.209582362775      
143         -55426.346302233091      
141         -53630.576445022576      
140         -52580.513412858549      
139         -51392.505757556144      
138         -52262.891621521158      
132         -50008.48517921436       
134         -48030.948001850535      
137         -48126.574301012319      
137         -46929.544001028429      
134         -43699.18418230852       
132         -45545.28471359775       
130         -45143.774283655242      
132         -47757.398840191185      
133         -46480.117026707994      
132         -46946.008495313974      
136         -48521.480790088113      
131         -45531.689273591197      
130         -46580.792484623948      
129         -45557.739949313225      
132         -46510.739044793518      
127         -41699.177342678879      
125         -41519.575456824314      
124         -43915.941206655945      
124         -42513.84012727259       
121         -40199.157072184418      
124         -38057.956030552785      
126         -40429.829977239933      
126         -41026.990668495411      
128         -43026.902068986499      
137         -45954.297834329947      
134         -46344.072183582575      
129         -43919.430107745204      
123         -40311.780213618709      
121         -39430.923361653244      
118         -36687.862375969155      
123         -40198.370894954736      
126         -39162.954674677967      
127         -39932.579525807771      
122         -38637.818135157497      
126         -41687.003333697859      
132         -44727.621867757931      
138         -47656.295670849519      
133         -45776.708698628783      
129         -45180.148815796732      
130         -45426.255410469137      
135         -48679.339384130653      
137         -49814.679936871347      
139         -48137.023575972336      
137         -44889.408646136355      
133         -43261.530413848952      
129         -41701.637639041517      
124         -40725.239082670392      
130         -44269.857838497403      
133         -44050.061110597599      
130         -41452.666548317909      
133         -43173.002904490706      
129         -43174.173888796264      
