480 1 -3980 35 35 35
112         -208246.91558811528      
116         -218036.22053576057      
121         -237225.47298089089      
129         -265013.19278362428      
132         -280257.76856732793      
132         -283016.18632612878      
129         -269533.87208801322      
134         -287526.02084076754      
137         -297409.56070991763      
134         -289395.41406324605      
136         -295752.2903132402       
134         -290366.14745137602      
132         -281513.73555694451      
131         -276481.42008591408      
128         -266326.40634422371      
132         -280450.35209578491      
139         -310874.78869650798      
139         -313294.02079686668      
138         -306453.79565295053      
130         -267425.81219721073      
128         -260903.64770341743      
128         -262497.82116210205      
132         -274030.04026100348      
131         -268745.90301264881      
135         -277602.90072411177      
130         -266807.82456481719      
132         -273280.77690754167      
133         -278854.53114121151      
131         -269503.15066655248      
129         -267671.34413378395      
129         -270079.15419287723      
132         -279985.07594309148      
137         -302918.34888621443      
137         -303948.283020576        
134         -293182.93595577887      
137         -306911.62493671611      
139         -317063.64775753056      
136         -302679.61752387945      
133         -290337.31025005097      
134         -291067.3536719805       
135         -292536.56279715482      
135         -296960.06335337419      
135         -290270.60503160505      
134         -291927.76173082605      
134         -289419.74003560824      
136         -295594.3515872134       
130         -273238.33182337682      
127         -261594.52646180795      
126         -257545.9573668392       
131         -276011.63996110036      
132         -277640.28398760478      
134         -290659.58472003747      
132         -283861.74447982386      
131         -271813.50481406233      
131         -273086.75642715103      
132         -272536.03411165904      
128         -258863.94220720264      
123         -244332.02087634479      
132         -280053.5454029339       
129         -270766.09968017292      
132         -284756.31712691562      
133         -287221.43366737547      
135         -296447.93075358035      
133         -286857.04717636516      
131         -282641.8657218361       
126         -263047.97390924487      
124         -260136.84860525638      
125         -263430.5655368506       
127         -267340.7165756452       
132         -288253.27002147736      
130         -279821.85441774782      
126         -260905.91236753514      
125         -255778.17989060847      
127         -262649.01539744408      
129         -275548.37228601653      
128         -276564.34458824433      
131         -283538.20883781184      
135         -302565.18566691113      
128         -267717.32173634449      
127         -266021.18067480676      
131         -280824.10434189293      
139         -313491.21885271341      
140         -322871.63168468629      
137         -311151.4943345518       
139         -319070.32081357751      
144         -340556.8725061008       
148         -354643.93465618801      
146         -346107.63763193414      
146         -344605.3557152499       
140         -328803.81705350947      
139         -322170.02812205598      
138         -316303.96495672473      
129         -286177.50794277387      
132         -292319.31357093184      
133         -290719.33450169506      
135         -301069.67953338422      
136         -300126.41672016727      
138         -305508.31026669848      
136         -300932.83667236543      
143         -334771.83086784306      
146         -345869.14642250893      
