480 1 -3980 35 35 35
142         -322751.70951999153      
141         -323929.55637745059      
142         -327357.060551606        
145         -345687.86668578011      
143         -332441.88579241297      
146         -344495.98806886037      
144         -335681.3101271136       
143         -335610.33723410929      
143         -333761.15027536877      
145         -339056.57772704121      
138         -308004.49007061403      
139         -307088.51510866144      
139         -303365.81178446236      
130         -268653.94542006147      
132         -279124.54719236947      
131         -274516.17502146465      
131         -276062.00773348537      
131         -276001.21008883487      
126         -260291.10765039895      
129         -271000.12478849606      
132         -276389.32814622205      
123         -242745.80473551009      
123         -239124.50985055347      
116         -220078.67168222342      
118         -225091.55540899088      
119         -229512.44948637713      
118         -228992.37735758422      
109         -200128.07696585564      
115         -219883.9571973964       
122         -238291.59417595324      
124         -244551.41182430679      
125         -249476.14944068747      
132         -279710.54339078593      
133         -284777.80479110224      
132         -282258.68005477858      
129         -268257.17360435129      
126         -253528.66548624841      
129         -263826.3309440607       
128         -258641.23981425364      
128         -261932.34704176371      
126         -248807.97785516898      
124         -243605.85232470525      
128         -259106.22511970025      
129         -267221.24255947443      
129         -265739.74995395116      
128         -263360.92992936447      
129         -259921.37996348893      
132         -272681.32756773033      
132         -273792.57928433293      
131         -268108.15836841415      
130         -265485.390401032        
130         -265952.40579840855      
128         -259122.33861857577      
128         -256929.76566383443      
124         -246692.28604749549      
129         -262263.2318981947       
129         -254199.23907859068      
129         -254145.68228614924      
134         -277573.06316710863      
135         -283350.88308462099      
131         -268514.83436766127      
129         -265674.22028208768      
129         -270546.31404583517      
134         -289525.42704212264      
135         -289931.65511476336      
135         -288644.91450670664      
134         -289617.73615163623      
136         -298831.6682995038       
139         -308080.48563357396      
141         -318537.03948484058      
134         -288405.60926251841      
138         -303333.52723690908      
142         -318341.6981677094       
134         -293647.29304861207      
131         -284793.45310239226      
142         -321999.91313860076      
136         -296578.83723878022      
139         -309444.76610330236      
135         -291448.75917584897      
133         -284676.83726542327      
135         -298858.92068231717      
129         -275114.85999463277      
132         -278358.16334293049      
130         -270348.30152928468      
133         -278244.32710459689      
130         -262124.74569392219      
124         -243796.27411145356      
127         -255245.69875818401      
126         -256766.18257567057      
127         -260460.31283948824      
133         -283793.64703169931      
135         -291739.97240235744      
136         -298940.23012452043      
139         -314224.27679791703      
137         -305245.1930797777       
129         -271331.49689780339      
126         -261892.44173394563      
128         -266180.51856493956      
129         -270745.30731599353      
122         -243369.2843801901       
127         -252420.98360801427      
