480 1 -3980 35 35 35
127         -257920.55954876394      
129         -266172.59875843185      
131         -271357.69006123306      
132         -280460.86999032879      
126         -251505.56919197546      
127         -257226.01519989892      
125         -258335.81888345248      
128         -266517.04281410313      
130         -272630.33804179996      
129         -268291.1555766635       
125         -252376.11441572249      
127         -260525.99627360803      
126         -251484.11892987808      
127         -256206.26714455106      
129         -271113.69760493084      
131         -277202.1767691478       
122         -248867.50518248818      
127         -267613.0946716867       
130         -282610.82237917627      
131         -287278.15886335145      
135         -299498.67172520846      
134         -294989.69273591758      
137         -305874.5075568388       
137         -303439.53468077886      
134         -289391.59686705156      
130         -274865.05754980765      
130         -280108.06316789147      
127         -266201.78338030161      
128         -269963.66364811681      
133         -290790.86595708277      
133         -290576.53847105318      
132         -282826.61224991421      
140         -315090.93173917662      
140         -316449.17091861391      
138         -313250.71373788547      
141         -320933.91283712885      
138         -306207.71860053053      
136         -300667.61907206435      
135         -298619.45074269315      
134         -295300.64792752109      
133         -289977.15672118781      
124         -251829.60749946735      
133         -283215.88234525314      
134         -283674.65330080205      
134         -286876.57606482011      
137         -301858.68095090974      
135         -296470.06581916544      
132         -286819.0706556855       
131         -287392.81377521437      
129         -275012.99446822965      
141         -316986.82477863436      
135         -294795.50674008281      
136         -300416.08606369025      
140         -311994.09569515195      
135         -290868.72570348124      
135         -291848.37841952278      
130         -275156.61736482586      
130         -274108.27566903317      
130         -275048.31907423621      
130         -274493.43421098648      
132         -280026.94036883244      
132         -274673.85307928361      
135         -286081.28201802686      
131         -269392.57518703828      
131         -269438.38413922966      
133         -282307.8766605297       
134         -286390.84589509817      
129         -266830.53855150234      
137         -294611.66082500515      
134         -285731.40080623317      
137         -295805.15979584854      
133         -283511.70835672517      
135         -292428.63090375043      
134         -289453.79665366001      
133         -287960.34245777485      
130         -272349.5531872171       
129         -276921.95033526205      
135         -294723.52331113809      
138         -303447.84032742353      
132         -278027.57131714444      
128         -266599.56660890183      
131         -277450.91020154563      
131         -278416.01638526883      
132         -275841.14223001245      
134         -288902.68196717539      
134         -297448.45228946087      
136         -301563.36886491167      
131         -280244.63006348209      
135         -292342.94955650956      
130         -268436.31427557999      
133         -280158.20035774785      
129         -264300.8904305867       
133         -278432.99443528167      
122         -237037.67971123185      
123         -241225.37784384924      
128         -254611.9063024616       
123         -236794.59848978563      
126         -253917.01631539114      
129         -259451.28423711623      
124         -243267.67457530973      
131         -264998.21504811459      
