480 1 -3980 35 35 35
146         -51552.35516468429       
148         -52191.265972053501      
141         -49492.284137448158      
145         -50359.67563407377       
149         -56128.610147653715      
151         -55852.39949042644       
152         -53738.81570889891       
151         -53757.86356213937       
151         -52902.081497466366      
147         -52517.053764687669      
143         -51399.81282291028       
146         -55118.291653781729      
145         -56914.303755357323      
145         -56634.242257499907      
142         -55772.082560547722      
135         -50334.695022607557      
142         -52956.66417950816       
145         -55220.934351974618      
143         -51279.148931438314      
143         -51475.89306985202       
145         -51482.888156051071      
142         -52091.785456464917      
142         -51711.006509726249      
142         -50557.164493960379      
138         -49022.521517869478      
137         -50962.813671461146      
132         -46504.839651915434      
132         -47959.431645851546      
133         -46515.61182349336       
132         -47666.744218829714      
135         -50140.480385492119      
131         -47827.055782071257      
132         -47289.7007402323        
133         -48575.740523220229      
133         -45788.336611633618      
133         -47119.196626366822      
127         -45121.506761477322      
138         -50907.848870881426      
135         -48358.469955472799      
136         -46944.217635480498      
137         -47674.581603346211      
136         -47597.75405866083       
137         -47903.167968779162      
137         -48810.062550522554      
136         -50384.183506113455      
131         -45993.257447480253      
132         -45789.803548893877      
134         -45635.850758434179      
136         -45553.442263517696      
136         -47083.129834189909      
136         -49049.29994695248       
127         -42017.171770491128      
131         -45159.408070996025      
131         -46486.639731201773      
133         -45505.10129364657       
138         -48770.258534402514      
140         -52139.273003658876      
138         -50539.011337366188      
134         -47962.1502189643        
132         -45498.658248105741      
136         -46173.596951011939      
136         -47548.015557592931      
140         -50667.976887088182      
139         -49969.2328914389        
134         -48590.083873844655      
138         -52746.735925543035      
135         -49607.023963941494      
134         -49484.047809252465      
139         -53271.07111876514       
137         -52960.66478622111       
135         -51303.27051620069       
131         -46777.076773815708      
125         -43518.802974718492      
131         -45851.131219730247      
129         -44790.702247174566      
133         -48419.31288640399       
134         -47032.088219754638      
130         -40532.370623367678      
125         -39772.362721059893      
125         -40892.397700103538      
124         -40621.415160629855      
124         -40649.895114050567      
128         -43990.885163834835      
128         -47268.141187400011      
130         -45823.956379263305      
135         -49096.714146038983      
135         -50669.270060865179      
138         -51057.044261329604      
143         -53690.320034636497      
141         -53148.984673049061      
134         -47839.696322373587      
134         -48525.94601404477       
133         -47023.50230454305       
137         -51121.420686302263      
137         -51734.495391282406      
137         -51566.606065024054      
137         -51073.397842443424      
137         -51338.392172060492      
140         -51655.04883223708       
140         -54373.722579031339      
140         -54287.020087233454      
