480 1 -3980 35 35 35
132         -281936.20452228759      
135         -291075.46840048471      
135         -295921.64999904559      
138         -306888.59329231747      
132         -289062.99304291094      
134         -298513.02840138524      
129         -277949.26508173859      
138         -304344.95209367096      
140         -317481.16670689592      
136         -303519.75544514338      
139         -316587.52129266376      
133         -296638.0174342852       
136         -300070.78505010373      
134         -288827.36612805794      
134         -289011.62545802473      
129         -275199.13811721321      
124         -256449.78854965465      
125         -254731.56815601164      
126         -259013.20378086335      
133         -285087.30667099549      
133         -290154.25890334003      
131         -287912.59815119317      
132         -289851.2517533619       
135         -299803.98396485456      
140         -321520.20721239375      
138         -316777.25342447142      
144         -340457.7507224711       
145         -340591.78082027263      
144         -334173.98393145832      
147         -348076.88289464987      
145         -341190.72105374048      
146         -352811.81546463724      
144         -342931.78676302131      
144         -339893.10019552818      
142         -326065.70105447556      
141         -330151.40786028979      
137         -314727.46155323851      
134         -296930.73186771449      
131         -288826.06020700186      
132         -289587.50494336348      
131         -276401.42338658497      
132         -275810.52037765284      
130         -268092.59037848189      
130         -271285.91907395562      
129         -274547.0022619199       
123         -254856.18694538446      
130         -273639.06630199461      
135         -289446.07807569724      
129         -270729.57587195048      
131         -283755.00484598096      
128         -271298.06986727094      
128         -268642.33330927591      
131         -279060.51071665116      
134         -291744.41569280723      
135         -295097.26439428196      
131         -277081.48802750348      
131         -283998.79339298327      
128         -273681.64405765524      
126         -268400.41206102032      
126         -271166.83458290627      
129         -282596.44568140886      
133         -288059.72812263551      
128         -267936.97151932411      
130         -274876.7300753271       
126         -259749.69953673394      
124         -249576.40894170606      
125         -249125.87190171774      
120         -235750.83322771153      
119         -224722.75456706199      
121         -230623.85952123551      
117         -220417.26903705971      
118         -226949.96798964834      
121         -234003.46151529835      
115         -218887.71089946071      
119         -230509.7732791937       
121         -230931.55240126231      
125         -246986.60198063706      
127         -254071.30193631959      
124         -240195.32118809497      
125         -247947.3002398808       
126         -248721.43899590781      
123         -241365.59607469349      
126         -250442.21384203233      
119         -230239.65249112624      
125         -253819.01841348235      
131         -277398.09094800142      
130         -275540.29491815006      
137         -298981.70116651384      
138         -303485.90624934481      
130         -269040.74213485955      
135         -291748.29741624184      
136         -296294.07731306378      
138         -303370.22204499564      
135         -289449.37052767782      
132         -278008.05499351094      
130         -267246.46314814512      
125         -247733.76244050407      
125         -247696.97112455172      
124         -247994.05065836196      
123         -247496.4998522799       
119         -225940.70590795687      
