480 1 -3980 35 35 35
123         -41723.749912671177      
124         -41074.038139112905      
119         -36205.444234014285      
121         -36641.998266180177      
124         -39383.580570327875      
116         -35968.796418445316      
114         -35233.118612607257      
120         -37967.400410794959      
130         -42847.46546813209       
131         -45526.945021322848      
126         -42470.958067879787      
122         -41556.897131315935      
123         -42661.419729942929      
120         -38702.417376424259      
125         -40997.504389223708      
130         -40354.988440973822      
129         -38342.028488025142      
130         -42020.297445549804      
134         -41032.565655819024      
131         -46903.955722812701      
131         -45575.666622388562      
131         -46084.211367289165      
137         -49071.162985292285      
138         -51663.423299120768      
139         -52251.659037831414      
139         -52379.901842450337      
136         -48928.190246936305      
134         -47058.255289507979      
132         -48799.303076671233      
134         -49449.395738078594      
136         -50293.266393713224      
132         -47131.360971811526      
127         -44139.340727276664      
125         -43522.404782410842      
122         -41980.75538841774       
130         -43560.180696509233      
132         -44698.023910598007      
133         -44663.271149897155      
128         -41337.49225320854       
133         -43033.900453931536      
130         -43360.070654907635      
133         -43628.0535359981        
127         -43612.97565597466       
134         -47688.24994589862       
140         -50531.05160846228       
137         -49127.965712925979      
142         -50731.612673299802      
141         -51981.264283643715      
142         -52898.298052440747      
147         -56691.468807144571      
146         -55759.424374637994      
139         -50138.844160546876      
141         -52169.617572273703      
140         -52748.57317955399       
136         -50086.875902393476      
133         -48904.634719009722      
133         -47233.90486595827       
127         -42415.582218803596      
126         -43961.369317401397      
131         -47767.076447817417      
133         -49098.599535452988      
130         -44573.537083650612      
132         -44640.252999542172      
133         -47411.290658435508      
136         -48756.960848411785      
134         -49913.890144739889      
136         -50741.037259328754      
133         -46162.934884795759      
133         -45770.413394332703      
124         -38883.625201397568      
123         -37336.358375522177      
122         -37061.507053368674      
117         -32516.253305298993      
119         -35923.013694233858      
113         -31825.425502268015      
112         -32500.131422426068      
116         -34656.866835625471      
108         -29858.802719084171      
105         -28793.754392848001      
99          -28335.490949166815      
103         -27809.116123697448      
105         -30058.693394420035      
104         -32086.542321710815      
108         -32400.599234422494      
108         -32208.679257232565      
108         -29270.936400750186      
113         -31939.557897039907      
113         -33839.301272012264      
118         -34199.22952208067       
116         -34865.865659874318      
118         -35157.53280060472       
120         -38044.633252217536      
118         -35789.080973449076      
122         -39705.022943563832      
113         -34118.754522420786      
114         -33786.610364824111      
111         -32991.735211679195      
107         -30298.831310663416      
107         -29370.159386677555      
105         -30339.014707514354      
106         -30089.91875572877       
