480 1 -3980 35 35 35
129         -45081.22710020408       
133         -49705.725371175053      
136         -49717.814361879849      
137         -50357.96665852303       
136         -50961.154883001996      
135         -47683.57178838236       
137         -47617.429267979067      
136         -49012.201618249062      
134         -46685.49787405871       
133         -45391.478892838124      
136         -49104.845374860342      
140         -52364.756787078732      
139         -52153.716326940274      
139         -52920.460749745944      
142         -56037.73038826765       
141         -54626.18814796579       
141         -53988.544465748011      
140         -53753.010308114426      
140         -53375.343522785319      
141         -52787.301974181049      
145         -55446.559136513708      
145         -55025.713788064677      
145         -54009.300617229455      
137         -48099.760734986186      
137         -49519.155558375845      
135         -49266.80750650019       
134         -50331.272669568316      
133         -49018.733298227002      
135         -48900.505421609581      
140         -51206.222049220276      
143         -52402.137643886235      
139         -51380.982082554176      
140         -50646.005109945094      
142         -48968.365784249225      
141         -47956.344468258045      
144         -50389.936133449759      
142         -48824.648472407462      
144         -49891.008183417573      
144         -50493.281831124106      
143         -54700.681171046119      
138         -51412.357836946845      
137         -49183.627886594288      
134         -45429.341221436764      
130         -44762.001817816978      
127         -41955.629254903972      
135         -47310.480169106821      
137         -50394.453386299661      
139         -52063.932884772257      
135         -50343.858990726287      
130         -46231.736884481346      
127         -43695.382774674879      
123         -43282.691635313793      
124         -42417.170013125309      
123         -42593.797930028741      
125         -43745.522408938414      
134         -47775.874280166456      
128         -42811.613736295651      
133         -44942.982648027231      
129         -46012.234623968536      
122         -41415.622524507453      
121         -38563.100359021679      
122         -39829.105177997881      
121         -37841.367624119666      
127         -37848.647744127469      
128         -41746.831412873602      
128         -44299.150812559339      
124         -41408.142010110285      
127         -42851.077006658626      
118         -37059.961435908321      
118         -35489.831244564099      
122         -38372.353217345335      
125         -40932.263312651667      
126         -40436.983060567909      
127         -41692.021980396501      
124         -41081.003087461475      
123         -39477.931139970133      
120         -37447.651557499805      
119         -38017.518644594296      
112         -34470.22639045697       
118         -36944.197858280968      
126         -42504.332901199239      
122         -39951.148337757484      
124         -39936.662806901048      
125         -40032.056402202252      
125         -40194.689768280572      
131         -44310.556805354943      
128         -42237.915346178968      
128         -41587.390275366284      
128         -42802.352597756675      
125         -41042.005303513593      
130         -43877.078284870498      
125         -38320.448220866965      
133         -41919.682537476445      
130         -39913.29163288221       
125         -37697.018243609782      
120         -37461.20555426705       
120         -37838.001176064616      
122         -38086.346835389188      
123         -41380.532255487473      
127         -42356.476418453443      
130         -46110.036884565867      
