480 1 -3980 35 35 35
135         -285865.86316631467      
130         -275980.53632402292      
124         -262775.56538955908      
125         -263830.17327422427      
127         -268842.8251685439       
134         -290599.46437725535      
131         -279632.8878971134       
133         -287424.76137432479      
137         -308942.51213990379      
140         -316601.90080165799      
133         -285267.89563134662      
130         -275108.349232618        
131         -275999.18883808173      
134         -287928.35789638833      
134         -292014.93859586568      
134         -292172.94750768732      
137         -300197.31250948564      
129         -267474.80890685297      
128         -258656.88844670929      
128         -259708.26268778733      
128         -260949.96914135994      
136         -288641.16183313174      
141         -316272.74558794015      
141         -312728.03429938009      
142         -318115.81473219034      
141         -318521.65497942397      
139         -318123.45677093131      
139         -321422.52959973796      
140         -322492.64385656262      
137         -307378.26031628199      
137         -307826.60621694918      
138         -307182.45322832157      
134         -292946.32184717507      
137         -306961.21150821232      
143         -325095.27866480302      
139         -316186.48054985743      
141         -321764.79391521163      
145         -338353.67211262585      
141         -321960.44521882728      
142         -327347.58699025086      
144         -334006.9903318939       
146         -349952.66845362022      
145         -342487.19435383647      
147         -346892.73661475937      
147         -349692.14742784284      
142         -332008.00606942049      
142         -333715.80158658046      
138         -316722.49012063112      
138         -315797.42413626204      
135         -306781.32401965483      
136         -314229.4798774214       
133         -294998.53677500662      
129         -276341.37847906066      
137         -303438.05475229159      
130         -273933.79317842436      
132         -283199.18603425875      
132         -282336.54670622683      
132         -282356.51704347902      
127         -264284.59736824437      
130         -279147.1018707297       
134         -291600.96561729902      
127         -265076.83528946573      
130         -273805.377495319        
141         -307982.10116805718      
139         -304389.96462997334      
130         -269316.84765892243      
132         -280642.71459234518      
133         -281208.38225496665      
133         -282382.45596120961      
138         -304990.8356181783       
137         -292490.10108277766      
132         -276692.58698771975      
135         -289837.7516241144       
141         -322821.9360240082       
144         -332577.31408145698      
139         -312050.65658171382      
135         -300157.03825522488      
133         -292605.50309024879      
141         -321606.75522002397      
140         -319314.20924643369      
139         -313466.00632281945      
134         -297209.51796552958      
133         -293347.43998544104      
128         -267165.32925612462      
129         -272107.80724925804      
133         -289265.22527767962      
128         -264202.60094055336      
134         -286803.47740677255      
131         -283826.28702860663      
126         -268195.58555658016      
133         -291111.57239077374      
130         -273577.63993394119      
129         -273331.33369404962      
127         -266397.76889550983      
133         -289433.02461475163      
131         -279634.92527378467      
134         -288228.75052640104      
137         -298288.79139315541      
135         -293884.69665439747      
132         -281040.63275630446      
134         -291923.40135935176      
