480 1 -3980 35 35 35
136         -45763.778266564164      
134         -47563.673713154923      
132         -46830.518911013351      
129         -44680.03725569239       
135         -46920.695232446364      
133         -47611.531437972939      
135         -50442.788524683157      
130         -47173.40208805466       
128         -44431.806949038706      
128         -45125.202492492921      
136         -49065.498247154472      
136         -50432.019226427692      
136         -50432.936510551437      
131         -47682.256035495258      
135         -51094.139939281638      
136         -47580.094098429967      
132         -45660.126419688058      
130         -45211.182716355092      
126         -38057.907835356469      
124         -39447.243209664302      
133         -45461.464056973076      
126         -41623.037687808588      
128         -40572.675062531802      
134         -47217.292825846926      
129         -45192.585446544319      
133         -47416.544895476989      
127         -45191.218270931626      
131         -47175.360860681139      
128         -41562.03188947116       
131         -44275.854160545874      
125         -40433.822091885595      
122         -41160.491097947255      
127         -45142.804331779087      
125         -43540.462498749432      
127         -44419.494453235573      
128         -43578.345789963023      
127         -39924.130347964638      
127         -41208.084503062681      
127         -44429.34259016865       
126         -44615.378883910984      
128         -44648.131877188302      
130         -47395.687262548461      
132         -48793.50755853852       
137         -50374.040523294352      
135         -47831.047324938147      
129         -42088.294409815338      
132         -45307.871626942331      
126         -40063.420091160231      
123         -37969.121043675725      
128         -38836.305098350473      
127         -39909.45509053718       
134         -44461.558443022812      
135         -45375.628998501175      
136         -47086.220463735714      
136         -47748.179913044944      
136         -46342.63685831667       
131         -42366.114439492652      
138         -46819.097232576729      
134         -49095.440699403109      
125         -42848.051855943078      
132         -46546.81066064621       
129         -44379.776169915691      
131         -45921.890344162326      
134         -48116.731975381008      
128         -44118.798007563099      
126         -42549.011392017776      
128         -47493.697401340934      
133         -47557.170122292628      
135         -50891.934788860541      
138         -53603.58743431959       
133         -50721.983836324544      
135         -50627.292120725171      
135         -50201.247781214755      
139         -51480.981804720774      
140         -51958.892803440132      
137         -48279.506641905995      
138         -50280.998494143249      
139         -50152.718022461348      
142         -51434.20245257872       
139         -49278.950886100014      
136         -48767.857773432544      
137         -50521.41724568123       
128         -45433.715284774815      
130         -48788.218289204728      
139         -52528.451814632732      
142         -53802.997674098842      
142         -51964.076298114443      
144         -55418.038114957089      
142         -54253.397214018762      
144         -53347.089023700726      
142         -51688.032213242164      
140         -48072.048339320296      
134         -44763.172163130577      
131         -43088.028535056103      
138         -44410.874729649542      
135         -44119.297433838976      
133         -42982.62180731049       
135         -43966.544877217952      
135         -43437.87812160945       
135         -41985.999215053816      
133         -40001.103354761995      
