480 1 -3980 35 35 35
106         -182387.24851313108      
119         -228536.41458758811      
123         -242819.02809890348      
119         -227887.46268016292      
115         -214788.62295895335      
116         -216544.83537266587      
107         -193730.85248086666      
114         -209171.85803562921      
112         -200005.07853694446      
112         -199621.43645508369      
114         -208727.59104591841      
113         -209784.3292163274       
120         -235019.14645641521      
122         -237656.66624238336      
124         -246149.21258437826      
117         -219442.18891391347      
112         -204259.38007543271      
111         -202297.80834807426      
120         -236405.22248114846      
125         -249279.85365071413      
129         -266432.14274293231      
121         -239400.54132323989      
120         -231330.53593432062      
127         -254790.89117399033      
132         -272806.14109639125      
128         -261970.69996891802      
126         -259083.97442077819      
128         -267389.66383641906      
132         -279454.46503695322      
137         -298171.01468414883      
135         -287196.82849560067      
137         -293842.05749559996      
140         -306565.09048298543      
135         -291499.84363573598      
137         -300539.79581505968      
139         -306794.04518138454      
143         -323584.75466519134      
144         -327743.24605411349      
142         -319897.74587911542      
136         -294743.92560818506      
136         -296556.13550153386      
135         -292022.14812598249      
132         -275908.64362545422      
125         -253068.00963483882      
121         -242279.69663901234      
125         -249961.04864669006      
120         -228291.16825139013      
124         -244527.36291151884      
121         -229953.57736769237      
114         -205735.33090501837      
119         -220083.27807806939      
122         -230770.91841477962      
122         -232492.33899431344      
117         -211129.18674679793      
107         -186783.76671102393      
114         -214168.90564671037      
121         -230081.79825325197      
122         -236774.34885849335      
121         -232807.10576895872      
119         -228756.03551225574      
119         -228958.02008590399      
119         -234411.93155793505      
123         -246352.01938505896      
124         -248030.88664111748      
127         -261838.42549871776      
130         -272874.27750361088      
125         -255165.12777457535      
130         -280109.72497044515      
131         -279300.25382731401      
131         -282001.06436629448      
133         -287663.97907085513      
135         -298139.90689060395      
134         -290068.03905693634      
131         -275439.89542434056      
123         -241306.31862411476      
129         -260798.86634849035      
124         -240851.48333040901      
123         -239549.82201613014      
116         -213900.93609277104      
121         -234134.99042333229      
120         -232754.56395224118      
125         -249434.69721289878      
123         -241686.5389553491       
123         -250695.55000065366      
131         -274961.02330625273      
126         -260041.16277499316      
124         -261571.93531209129      
123         -252413.92390190583      
126         -265322.05318541528      
130         -280080.85127710825      
134         -290178.75512366166      
139         -310744.42590304336      
137         -308009.51559075358      
137         -309108.26493352815      
133         -293680.43848763336      
134         -298976.17501148209      
131         -286858.08947388199      
136         -305119.06591265177      
132         -285598.89712158614      
129         -276676.90019033558      
134         -294072.97614389344      
