480 1 -3980 35 35 35
121         -85822.24968616775       
129         -94754.769644232496      
132         -97216.609901708216      
131         -95892.519724630023      
128         -90579.043385561905      
117         -77192.244215886065      
116         -75951.926472405597      
111         -69475.858433902264      
109         -67504.973603594801      
106         -65707.020491368225      
114         -76574.969552336537      
115         -77738.06268896065       
114         -78978.579216646773      
122         -85428.264156265592      
118         -81775.437413937034      
125         -87050.493628492623      
120         -79387.74585549465       
119         -79657.166035198432      
123         -81660.876566764418      
128         -87438.885155885102      
129         -85405.637583557836      
128         -88324.940108458395      
133         -97727.015353272669      
136         -103441.24357747189      
135         -103866.76205805075      
132         -101242.19788130875      
134         -100866.60550175598      
123         -89621.299771552891      
131         -98748.608801116585      
131         -100322.60725679106      
135         -106341.91553075932      
139         -106244.71200110078      
136         -104485.74781570614      
137         -106784.2817300282       
137         -105252.0117177011       
130         -98983.04421500428       
136         -106618.80101168843      
132         -103053.95753039085      
130         -99515.089140483207      
138         -109911.23572720327      
134         -102039.61331242314      
135         -103929.36216701433      
138         -107687.57945237363      
138         -107999.94050816573      
138         -109980.96852126831      
134         -106910.5312512597       
137         -107883.25304359665      
140         -111421.07310643863      
139         -110201.15325179385      
134         -104365.51595618387      
129         -97606.597325462819      
134         -105496.02256744757      
133         -105741.23842683554      
135         -106663.11831216421      
135         -105567.80971744886      
140         -112369.88003276667      
135         -106212.39982908097      
136         -107247.37076567968      
132         -104259.71310101367      
137         -113523.27340821536      
134         -108759.18106682991      
135         -105832.78414605383      
139         -112116.34446301547      
141         -113109.51180296525      
141         -114052.62377508402      
138         -110850.1924158473       
137         -108990.76993135035      
136         -107807.65688743097      
137         -106700.23167823686      
140         -112422.1997305056       
137         -108856.57446245682      
139         -111453.98534349399      
136         -106257.85515332603      
134         -102931.07968190219      
133         -103834.07571816789      
136         -107542.83033169307      
128         -93508.417041496461      
124         -88263.532300770719      
123         -87977.328621436493      
118         -83346.29446905831       
114         -78032.253021860946      
106         -69258.439641004428      
111         -70467.035862670396      
113         -73048.659135031034      
119         -81908.67574754938       
117         -81087.333568988004      
119         -86252.398105192769      
125         -93546.175924735071      
126         -91533.333899413294      
126         -91825.828861561342      
125         -91169.009858056656      
123         -89274.091293437654      
123         -89011.323212217467      
131         -100013.05121958029      
129         -97509.398631125194      
131         -99781.132864940097      
132         -102998.48891399233      
131         -98355.717800918239      
134         -101405.32722575444      
133         -100368.32994609021      
129         -92322.677661358553      
