480 1 -3980 35 35 35
131         -281609.30001809221      
127         -263518.17979675502      
127         -263056.0704557579       
119         -237998.4990593869       
123         -253879.30633047447      
126         -264148.53047151712      
131         -284343.67705453903      
132         -291509.12029203668      
130         -284930.79446453706      
128         -278496.3415296583       
125         -266117.42836935906      
139         -317435.87361606682      
137         -309718.54974129878      
137         -308644.12887608213      
139         -314396.65823091386      
141         -325534.75722732599      
141         -325963.40618330467      
143         -337545.97154030105      
131         -294518.11858452717      
139         -322940.9038435304       
143         -336149.01923627692      
143         -337640.20924423373      
140         -324147.78005611955      
140         -317891.26611361408      
142         -324973.90394916921      
145         -342262.62768604117      
138         -315757.60652867862      
141         -326786.04500522808      
136         -308715.57330256142      
143         -333864.04081563727      
140         -320944.18317198392      
145         -346642.48597570043      
146         -349970.77260646917      
143         -337587.26326956908      
140         -328212.98265710787      
136         -308469.11057920248      
133         -292586.04282401386      
131         -284090.6505016989       
128         -274525.23236903496      
134         -292432.61964863463      
131         -282293.85748112103      
133         -289436.45345475484      
134         -290749.64810836199      
134         -290250.44877767167      
135         -291068.37927716342      
132         -281521.88641991076      
133         -289955.97519423912      
135         -294389.14709581377      
136         -297194.22104004235      
137         -296275.9956208613       
133         -291347.82292409032      
134         -295506.12432424241      
135         -299444.43050335732      
133         -287325.45819548215      
130         -282008.55784445716      
135         -294511.34876070038      
143         -324421.83508527366      
141         -317012.70163552347      
138         -303816.25170434517      
142         -318683.25904691062      
139         -310612.78195797204      
140         -315376.21740945097      
140         -317471.71337587433      
141         -328027.53474487207      
139         -320816.7119012904       
138         -314898.33517373918      
140         -325105.58422520675      
143         -338782.5951889414       
138         -315186.29018403386      
141         -321445.67457046511      
135         -297981.26754002005      
138         -307368.74893667351      
136         -303015.52701571339      
138         -308928.48495622445      
138         -310564.280471823        
134         -293512.82301634311      
131         -280156.3946851397       
135         -296707.10364014201      
135         -298172.06451394368      
132         -286035.3340488926       
134         -291925.36152358836      
133         -291044.02492064185      
131         -281044.2775746556       
128         -266996.44379887846      
134         -288292.9580796599       
135         -292610.40627884964      
132         -284076.15848250641      
129         -275840.94354632264      
128         -265936.65401840833      
127         -265416.41422058479      
123         -245178.84206855763      
122         -238147.33627345288      
123         -239694.7875710933       
129         -261849.64892573131      
127         -258463.82567152195      
134         -289378.50775005372      
136         -302259.15432192344      
135         -297132.367676694        
135         -295827.57151445304      
129         -273344.48553148302      
125         -255448.9751550256       
