480 1 -3980 35 35 35
137         -109882.23502987374      
140         -115675.68483521989      
133         -105089.56403129234      
137         -109417.15093998086      
138         -111718.45461629708      
139         -112410.34962727388      
138         -107666.20455201775      
135         -102170.49512650259      
133         -98821.143916763918      
138         -107753.90443420051      
139         -109495.99993521291      
131         -96497.837119058357      
137         -108161.99253454154      
135         -106864.89111912277      
134         -102823.71694127939      
131         -98726.095596794097      
129         -98175.482427791983      
122         -88741.146615526974      
127         -93915.680474890149      
126         -94501.05562571896       
129         -97135.95914977559       
129         -94705.933464224581      
126         -92511.513584475892      
122         -87168.564912186805      
128         -98425.308223274595      
124         -90656.318650798814      
136         -105229.46040319819      
132         -99511.197674657786      
138         -109606.84374064095      
137         -107075.36499286388      
135         -103934.64519022981      
138         -108566.5304847668       
137         -112494.80853207539      
135         -107103.16574466345      
137         -109412.59523253441      
138         -108996.81786275316      
139         -112519.36751479266      
144         -117088.15985936632      
139         -112493.59073273909      
133         -105181.12617015146      
137         -112210.62894526574      
145         -123274.11250636743      
141         -117329.64996972866      
149         -128892.56219644079      
152         -133387.0092167714       
147         -125852.99596872674      
146         -122130.95467632796      
145         -123051.46936613361      
141         -118390.69137895243      
140         -113531.8547714032       
137         -110915.46042169009      
136         -111150.60232247233      
136         -109410.37019216166      
134         -104906.3110300368       
135         -108489.849121835        
139         -112508.63585992638      
135         -105576.91832373649      
134         -106808.91611665854      
135         -107615.2298693459       
135         -106375.18644943116      
137         -110479.63271743117      
141         -116312.3980165181       
138         -110991.35718612211      
140         -114010.18338688633      
134         -105625.98644554723      
139         -110165.51250552172      
138         -110480.24676131752      
127         -95248.453762880599      
130         -101273.6693233616       
141         -116549.47051520406      
146         -123203.77561108892      
141         -118626.8311327929       
138         -114067.39511961912      
139         -116222.09389063159      
140         -116735.71749304149      
142         -118179.90991740349      
140         -116044.95827486856      
142         -118265.28878479582      
141         -115766.05743304675      
140         -115911.18130706971      
142         -116437.36319906234      
142         -115227.64240262679      
140         -112977.07404416025      
138         -106881.37417640143      
135         -104562.3730561625       
139         -113528.21658665371      
138         -113876.33473084113      
138         -114370.03561817699      
136         -114334.98906252962      
141         -121208.51223058449      
134         -110998.80297218292      
137         -112878.70851336127      
141         -118570.79268270628      
142         -120919.7947053504       
138         -113500.51165005566      
133         -106731.6041109041       
141         -116390.89109018714      
142         -119212.54396149945      
141         -118310.28146030665      
140         -116152.24405679034      
141         -117744.07481975577      
