480 1 -3980 35 35 35
141         -52629.753577417032      
138         -51218.797951178531      
138         -53030.548567836107      
138         -53756.576600286448      
137         -52504.643149307638      
141         -54341.191140841816      
141         -54552.111139663219      
133         -49178.660593697132      
131         -46394.134779100648      
128         -44213.499690940575      
126         -42243.046195034105      
131         -43598.330304713927      
126         -40165.433305062565      
132         -44015.642613605865      
134         -44657.168817790305      
137         -44695.481846056311      
135         -43354.132145177231      
138         -45428.221522907763      
133         -44690.288608671195      
134         -45710.786582996479      
130         -44055.536371571572      
137         -46388.917358642953      
136         -46768.5120623564        
134         -47304.67313559683       
130         -43620.912812891969      
132         -45529.589069997804      
132         -45594.721500069427      
135         -49201.708864928463      
141         -52636.085905756372      
141         -51945.976065577393      
143         -53438.483540327201      
137         -46901.87104012075       
133         -46699.545570016606      
139         -50752.99951834909       
134         -47813.688089750176      
136         -48568.708891906179      
137         -51115.993306577999      
141         -55568.143635291512      
142         -55701.503233627969      
139         -52036.401165245974      
140         -52687.193217562861      
137         -50904.364620353881      
139         -51798.044422218532      
139         -52642.23378163427       
131         -46648.58942494863       
124         -42114.77795940284       
124         -41676.070869631803      
128         -44364.289706651289      
134         -48126.718735040587      
136         -49718.602015855548      
136         -50263.480805445404      
129         -46372.157323386884      
130         -46885.399092325926      
132         -49012.855343743133      
129         -47584.147997827167      
134         -50033.071395963401      
136         -52003.986409765836      
130         -46574.274401986826      
138         -50159.510602662478      
138         -50783.317506109343      
136         -49215.415266147225      
141         -51389.180384066509      
144         -55108.551787627315      
144         -56832.765698891017      
143         -55619.313710297822      
133         -50301.12077199042       
134         -49410.632095399618      
136         -51654.967778553815      
137         -50326.437767853386      
139         -51645.496257955027      
141         -53184.9951026048        
135         -47679.362100022496      
141         -49986.346475456972      
140         -50462.821813098344      
139         -52776.556716886393      
138         -53876.799092773806      
132         -46518.718107612862      
132         -44700.514829684107      
134         -47688.251168927149      
137         -52432.228328865283      
136         -48993.39570337964       
140         -52722.439386150232      
141         -52765.888357361728      
137         -50920.039388579113      
138         -51720.300151393058      
139         -53804.062283284286      
135         -50589.689228932759      
137         -49716.038723634774      
137         -49785.719925871352      
139         -52622.022048094797      
143         -55114.364328273296      
139         -50413.224333746934      
141         -52247.938445848806      
142         -54841.440925107949      
138         -52938.058791676107      
140         -54386.955021614434      
138         -53806.718611056807      
136         -51916.809452168658      
131         -46348.036890661308      
137         -51656.434540392911      
136         -50989.972135893062      
