480 1 -3980 35 35 35
142         -112424.99411159904      
141         -110325.35543784365      
144         -117436.70064693308      
146         -118422.16458793095      
144         -115692.10962296498      
142         -112108.75544990518      
137         -103450.46401661653      
138         -104726.95078911976      
137         -106296.55802831093      
137         -106174.83489960553      
132         -101640.20277082777      
135         -103462.69348381266      
133         -100256.54863388464      
134         -98784.114655405952      
136         -101794.95911431115      
131         -96409.008954998033      
130         -98503.038740594202      
129         -96214.575171326869      
134         -101499.52182596257      
135         -105272.21658486057      
139         -111210.4797102982       
133         -101406.12950582715      
138         -106049.29339873446      
136         -106059.49274465957      
135         -105248.14681353087      
136         -104961.00774332089      
138         -107914.79723010174      
129         -95503.543498605475      
126         -93959.60020444273       
131         -100245.46226954022      
131         -98318.364445920379      
134         -100237.56612100596      
131         -96060.963993385827      
134         -101446.50419384947      
134         -100748.59022661392      
133         -101107.32643892991      
135         -105510.95541569138      
137         -109577.96102290122      
140         -111761.66833781028      
140         -111460.11326548654      
139         -109656.74914425465      
138         -111791.51117374894      
142         -116886.23836047595      
140         -113172.81153584282      
140         -114324.35593981059      
134         -107905.39563502603      
138         -111898.41924758267      
144         -118395.00509392587      
142         -117237.14206203469      
148         -123644.96269425377      
143         -116293.95657586317      
145         -117458.78966012222      
140         -114485.82830582953      
138         -110229.2472183951       
137         -108989.2934436582       
141         -113917.89214522669      
139         -110520.21247011614      
140         -110889.46479295856      
137         -107897.84597759855      
136         -103266.10903612175      
139         -108812.75517877351      
141         -113387.88177470856      
139         -111482.73830697028      
139         -110597.15678949658      
141         -114748.35915775674      
138         -110665.54272321741      
136         -108346.13096150666      
138         -110756.81114989959      
132         -102427.20428268104      
129         -97952.671218587653      
130         -99129.412164290217      
137         -109857.81283741337      
134         -106135.95924218731      
131         -100601.63555256702      
134         -104075.29281607993      
131         -101880.38946001838      
131         -98772.837833483922      
134         -102920.72155686414      
137         -106902.10807220633      
136         -104419.89181951672      
140         -106642.86176430971      
138         -107292.72360925647      
138         -105499.73698850331      
135         -105782.19631412656      
134         -103012.3217191189       
139         -111790.82453897074      
139         -113819.89255863706      
141         -114783.69736319321      
138         -108519.3923686317       
135         -104446.65417309132      
137         -106331.87946925875      
136         -105265.50157833879      
136         -105100.74685660479      
137         -107295.26519300761      
136         -103696.40472772575      
135         -102910.03857837203      
133         -99264.027089528972      
143         -116891.52420639085      
145         -119468.91981866989      
151         -129500.62698135387      
147         -123576.47330165986      
