480 1 -3980 35 35 35
131         -45813.32804778577       
134         -48332.624288745363      
127         -43767.670164514588      
124         -39778.306161414133      
126         -40449.353657786691      
121         -38299.984918313734      
119         -36259.491518256953      
124         -37742.756232433618      
128         -44538.1100592601        
136         -48638.459695136698      
138         -51391.5116555364        
138         -49504.916145154399      
139         -51105.77394231801       
137         -49029.763712024978      
133         -47370.685618588752      
135         -49958.159780488939      
132         -48227.156650006938      
139         -52293.015504083152      
139         -53268.124581014657      
142         -53808.218396177283      
142         -55751.155961114986      
140         -50828.258158704673      
138         -51886.831483787741      
140         -51576.143620949588      
139         -51949.71961551511       
140         -49389.034075225878      
135         -46101.693204017931      
134         -48077.383270567858      
133         -49665.499903711301      
140         -52658.432445777202      
136         -50009.571184536078      
138         -50483.37564135361       
136         -51303.337188778161      
139         -49326.499371725717      
137         -51234.491267410544      
136         -50506.257676852605      
133         -48982.763017352212      
132         -46946.051906945133      
128         -44691.274169561439      
126         -44063.30026574005       
133         -47581.378178528103      
127         -43538.938951184085      
132         -45402.305897651313      
131         -46002.128465951879      
130         -46713.307455446418      
132         -47412.151370496031      
131         -42940.170539841864      
130         -44569.234067082092      
133         -47399.284645258434      
127         -43840.376462718181      
126         -39888.785995521124      
130         -41494.799538055398      
136         -43673.000058580168      
130         -39164.858046521716      
128         -42152.626271770212      
127         -42582.062644361315      
129         -40686.749929163423      
125         -41266.350508782547      
126         -41048.342711855184      
125         -42271.674623666688      
125         -43996.593891461496      
123         -44667.962473353189      
127         -43685.756794247645      
128         -42519.024587330437      
135         -48602.206186593081      
131         -46015.492946601626      
133         -48874.623233803606      
137         -51373.723658035567      
135         -48219.004466382663      
138         -50449.903738919071      
140         -54349.795110056628      
142         -58383.749386406358      
137         -54432.358898242768      
137         -53380.73654271198       
136         -50790.104348871508      
139         -50159.620781200414      
137         -49867.419783096055      
137         -47100.739705918495      
138         -47816.805911759257      
138         -49593.773824206823      
141         -51918.73654297657       
139         -51576.632711013539      
135         -48866.985555660074      
139         -54680.500476783003      
136         -50256.667216772665      
135         -49212.308217270336      
132         -47727.776819039667      
130         -46756.557155545212      
136         -50475.771547833028      
135         -47311.61119726098       
139         -49922.93713713991       
144         -55181.017350124683      
143         -55591.412484661429      
145         -55899.747028883241      
144         -54979.445309354596      
142         -54499.248847857751      
142         -52860.407284622823      
146         -53488.588315088404      
141         -52115.811116604171      
140         -51188.148924924928      
140         -53579.421883752337      
