480 1 -3980 35 35 35
138         -50850.322544790746      
140         -49447.416101509152      
144         -53465.976474241535      
146         -52353.46850372589       
144         -52253.41291898863       
141         -53420.613598347249      
139         -54750.314417925816      
147         -58760.304415899496      
147         -55486.884790586417      
143         -54402.590076745299      
142         -54485.466850705983      
140         -49767.566011683695      
137         -46794.707762192302      
132         -46100.654307345314      
134         -48342.275341343549      
136         -49051.381162888421      
136         -48927.480607757207      
142         -53084.911438700263      
141         -52244.536785109631      
134         -50394.52636683215       
134         -50680.526009230154      
140         -53297.696614439374      
143         -53738.186941576991      
141         -52643.641310441097      
139         -52680.423957190818      
138         -51894.595373860175      
138         -51346.958061827514      
136         -52166.458349486194      
138         -53885.381198279378      
142         -55529.352884829532      
136         -50985.162655291999      
137         -49988.182070122915      
134         -48108.618133956326      
131         -46145.061928309216      
134         -47578.326365498804      
137         -48441.96101198731       
131         -45571.182250785634      
134         -46272.507106189369      
137         -48240.463091802056      
129         -45093.937929460968      
125         -45593.521247837984      
132         -47059.961088286786      
135         -46392.981288775751      
134         -45804.103135896446      
136         -48633.529529012747      
136         -47929.398388096779      
133         -45179.413723140344      
129         -43538.107347414669      
127         -41898.10249783827       
129         -42980.158247397092      
128         -43570.817100206885      
129         -44791.970257482986      
125         -41469.242264523236      
135         -48996.002941058869      
135         -49419.062934311842      
127         -45295.894956233962      
128         -46667.871216490516      
130         -45891.060458032152      
130         -46682.887616776796      
135         -49149.484182383552      
140         -52613.333037588702      
139         -52150.949500322349      
136         -49709.456084217454      
134         -47675.233900668543      
133         -47643.222611718418      
135         -48978.674823802481      
131         -47039.825509723589      
130         -45414.098132895015      
124         -39971.154172307215      
127         -42649.599143039217      
132         -44171.737414120034      
136         -47205.130654544286      
136         -47745.344412904284      
135         -48578.378019633739      
138         -51790.580606325188      
134         -49161.463395131024      
135         -48440.671117018181      
132         -48415.212721677679      
129         -45470.874288891806      
132         -47753.296974030411      
139         -51199.239287936311      
138         -53042.483272307341      
141         -57822.515678185497      
138         -53495.954561764585      
136         -52184.893698802793      
133         -49987.558999444824      
130         -48443.275286708966      
131         -49125.434837540561      
130         -49534.209094900034      
129         -48315.214902915963      
129         -48230.009612183931      
130         -46883.451412394257      
130         -44809.083053319184      
134         -47115.674375812268      
145         -52867.315024019044      
148         -58102.968969202862      
143         -53627.520577420291      
145         -54518.86635400325       
139         -51408.985609722069      
134         -47614.972606724878      
142         -51061.287594155918      
