480 1 -3980 35 35 35
120         -80710.591373336632      
121         -81978.651763325586      
124         -84054.271887476483      
123         -85067.548306192941      
122         -84861.32223448185       
120         -83688.622667909469      
116         -75638.060878018834      
113         -73035.854572470766      
115         -73839.59686959612       
114         -73840.599103183456      
119         -79429.939791855693      
116         -76566.221433506362      
121         -81544.896287625044      
127         -87644.734483475098      
122         -83815.716954139047      
123         -84419.487476560607      
113         -75094.734284554361      
119         -84215.535026501922      
115         -78208.754069253308      
111         -74942.708857331119      
115         -78202.702633097768      
117         -81713.690185086831      
122         -88800.246202090348      
126         -91567.008069553456      
125         -90198.622101940491      
123         -86384.427522576996      
128         -94199.480675839965      
125         -91084.08804410827       
125         -90522.439664387042      
125         -89233.448039975265      
120         -84417.67247104783       
120         -85929.839017479026      
115         -79517.393806896638      
125         -89505.066982457705      
123         -84256.803920367107      
125         -88077.348016475677      
118         -81271.263436389752      
121         -84306.820563699715      
122         -84721.114222992226      
129         -96956.924636508731      
130         -97334.419429375077      
129         -94543.923009284408      
135         -103699.67156451964      
136         -105707.73560868751      
131         -96999.77067407014       
138         -107355.97838479397      
137         -105176.52287227822      
139         -109936.440021271        
141         -112804.90284680064      
141         -113786.17106022728      
141         -114659.48930711277      
142         -114993.17738895521      
139         -110479.81542845402      
140         -112100.59237070831      
142         -117282.66893843742      
139         -114755.3623163664       
145         -122225.32927261441      
140         -113497.9839427933       
138         -110864.32024985213      
139         -112020.18712861396      
134         -106281.73877841562      
133         -101837.15097219852      
138         -107501.67051119395      
138         -108188.80747615616      
136         -106891.79535721839      
137         -108881.29163032533      
141         -111308.87704341198      
141         -112045.13943614341      
138         -108762.22905706399      
143         -115924.36126624406      
144         -118094.76109504621      
134         -101854.24110392517      
128         -95000.04242424437       
127         -95553.4802751315        
122         -87841.28116909579       
126         -89935.819936252883      
125         -88713.830724144136      
129         -93294.270672031256      
132         -98412.475110488915      
128         -95144.358848479009      
136         -106544.66173344062      
138         -110246.07095699615      
141         -112457.01426659712      
141         -110210.51316931831      
134         -98944.538996973934      
133         -101071.24790119391      
132         -101545.57844684306      
132         -101430.67591275093      
131         -99913.71529138078       
128         -97849.623787046177      
134         -102927.74192885727      
132         -102290.94590231392      
134         -105758.26788079392      
132         -103097.97762408828      
134         -104036.3462777906       
132         -100010.44605803576      
142         -115409.27184825542      
142         -116707.03667017436      
138         -110612.19371331515      
142         -115412.76005553498      
140         -113526.00659010881      
