480 1 -3980 35 35 35
121         -241823.57289321505      
125         -250939.91799850171      
126         -255313.01377309865      
123         -239034.62611596717      
123         -241361.09291361587      
126         -250900.05659237216      
123         -249599.96102245437      
126         -256926.46404189692      
124         -246166.65273840455      
134         -282449.6703108009       
140         -309830.82048391615      
135         -291500.98909993295      
135         -292488.49393902632      
132         -283265.28462120378      
140         -315710.33982869907      
139         -311855.95290715573      
141         -324268.67236003047      
131         -276733.42719823995      
132         -277839.71184309165      
129         -271750.34169140609      
134         -287569.44158413785      
131         -277251.983094525        
132         -277960.85009477142      
132         -282654.71348247287      
125         -250960.26186908592      
131         -269484.57414834201      
126         -253957.99132285602      
124         -246326.11721863653      
126         -250799.54259067052      
123         -236376.29444273951      
115         -223800.38150159578      
114         -214209.61623652274      
117         -219843.01503154504      
120         -236996.59779195974      
120         -235397.0133485604       
117         -219588.40530646013      
116         -215865.64971330069      
115         -211000.0682830227       
122         -237796.33711806516      
125         -246678.07515457299      
123         -234786.77198687152      
122         -236438.47671080273      
118         -221204.26303916413      
126         -249822.0098850909       
126         -250819.65706326783      
129         -262914.58067783114      
130         -266065.94869087677      
127         -255411.24281574183      
126         -253963.43000008437      
133         -276013.27372552006      
126         -251332.50045531118      
128         -257081.56036198197      
129         -264007.11202781898      
132         -278164.49984019925      
134         -285354.06751609512      
130         -274870.86891365517      
132         -281845.78143423388      
129         -266283.5523100631       
128         -267702.33583389496      
123         -247477.52548676258      
127         -263612.59850397456      
118         -228902.52240329783      
115         -218590.82355658323      
121         -239172.19631450283      
123         -238312.74873142247      
123         -239151.47951329156      
122         -234450.66274491872      
129         -262836.77612741379      
130         -268558.84521910449      
131         -271089.26750599343      
127         -259621.54570068148      
125         -255036.32818659223      
130         -269702.40508743509      
130         -273361.82520415686      
130         -273238.46420856548      
130         -273218.68580980971      
133         -284231.28962208465      
128         -265453.98338776192      
136         -297532.83125308488      
138         -301338.56116732553      
136         -297447.67865743721      
133         -282916.07775245584      
129         -268256.04760549829      
135         -292500.22729254572      
133         -286050.0952097635       
131         -279437.80569500872      
134         -287513.71575972065      
131         -275873.47985993931      
130         -271029.61965034506      
126         -256159.03689804859      
131         -273519.8688471702       
131         -274738.97665427404      
129         -267429.39124538138      
132         -276258.39375845646      
130         -267567.08702188084      
130         -268958.03493581637      
135         -287104.73479936953      
131         -273994.92893551243      
133         -278959.64843170001      
130         -270983.86604648229      
134         -284174.09482725721      
