480 1 -3980 35 35 35
142         -324445.94185509556      
141         -325711.24031172629      
142         -329708.30452325882      
145         -348316.26420228404      
143         -334650.23514981329      
146         -347057.07889358891      
144         -338177.48605022498      
143         -338384.80206275609      
143         -336561.05090874416      
145         -342042.87936020183      
138         -310404.85247387079      
139         -309247.14798228722      
139         -305329.63713936473      
130         -270477.28443655139      
132         -281574.23592881195      
131         -277166.87743554154      
131         -278902.68843962223      
131         -278640.35261167504      
126         -262757.02573460748      
129         -273760.53562371951      
132         -278231.10144090425      
123         -244495.21693239984      
123         -241020.67039623231      
116         -221966.88543819808      
118         -226632.80431231094      
119         -231568.225170889        
118         -231117.59308547454      
109         -202183.96644400741      
115         -222192.34003251756      
122         -240749.99620185661      
124         -247150.40001391704      
125         -251970.19014000078      
132         -282247.37418456888      
133         -287486.98665414256      
132         -285245.98518887802      
129         -271248.15377502789      
126         -255933.48060096268      
129         -265866.01765970531      
128         -260942.88301199776      
128         -264394.86311300297      
126         -250652.35957510097      
124         -245857.11078866236      
128         -261494.77096885507      
129         -269928.70141749334      
129         -268305.68273264094      
128         -265714.76837159012      
129         -262210.11358233058      
132         -274954.55300852057      
132         -276265.14758433623      
131         -270375.37554073834      
130         -267260.39926507068      
130         -268313.93579443172      
128         -261561.36229766536      
128         -259384.14326613178      
124         -248943.22772018853      
129         -264635.07005134429      
129         -255669.70559920516      
129         -255898.97463430901      
134         -279731.92427429155      
135         -285454.47654231865      
131         -271053.57288013573      
129         -268099.45532204228      
129         -272900.94900728023      
134         -291580.69658913027      
135         -292253.425194362        
135         -290662.36274828186      
134         -291670.54319632216      
136         -300730.21293675323      
139         -310022.0311194447       
141         -320542.74071203812      
134         -289963.20394121861      
138         -305206.050184944        
142         -320215.77470458194      
134         -296160.91133720143      
131         -287264.94111068564      
142         -324137.6855666599       
136         -299165.34687932039      
139         -312162.49727644987      
135         -294215.27316059748      
133         -286758.99651817075      
135         -301480.10732702544      
129         -277726.61574263009      
132         -281039.72132791858      
130         -272805.00420522771      
133         -280614.60275453218      
130         -264290.95010407164      
124         -246209.00273041026      
127         -257875.56342216011      
126         -259619.74439885691      
127         -263112.88971846167      
133         -286416.87008977204      
135         -294401.64001177897      
136         -301705.84890594002      
139         -317223.24464805023      
137         -308641.33024795825      
129         -274708.56986563746      
126         -264776.15055045113      
128         -268895.28221762693      
129         -273851.04168920137      
122         -246263.70412505636      
127         -254322.43849007654      
