480 1 -3980 35 35 35
142         -115336.80286532993      
139         -112155.66673898918      
138         -111414.65598108218      
136         -108221.54887715771      
135         -107044.54007376093      
136         -109224.32541508978      
135         -104192.94626546929      
137         -104446.56677146914      
139         -107598.40074334564      
137         -102904.00632331266      
139         -104616.13775599928      
136         -102804.96921348103      
136         -101584.19661776751      
132         -97844.307709902772      
135         -103414.21469256471      
138         -106694.36825249536      
132         -98434.530218369182      
127         -91898.377601315617      
133         -96370.410641869705      
128         -89488.130531697301      
130         -94063.34357680536       
123         -87184.304151608667      
125         -91879.723373091198      
133         -100755.65064680262      
138         -107259.24145867288      
133         -101774.6387702401       
131         -100829.82763931096      
141         -111974.81742490633      
138         -107382.99747261807      
132         -101660.42387361549      
132         -103706.74931257746      
137         -110776.3010256985       
136         -109443.7690654347       
137         -110048.97019885317      
137         -108059.72952180511      
138         -106895.64132313692      
137         -104217.70993300895      
134         -99992.519195322631      
143         -115325.05242441724      
141         -112450.95761194127      
141         -117513.5699294083       
140         -118077.29755526887      
142         -117103.92883607953      
144         -120771.91150042755      
142         -116785.76162982106      
135         -109040.77216996367      
133         -107410.77168019928      
134         -108290.02668613887      
134         -106281.99423695255      
135         -107757.11182416088      
134         -105813.14189816547      
137         -106064.58099314496      
138         -110366.13851116471      
138         -111667.18891938736      
137         -111324.36448259543      
138         -110208.80305134969      
139         -111736.32460447052      
139         -112688.16126686544      
139         -112547.04339868555      
138         -111192.22984808042      
141         -117838.40000965468      
139         -113983.63063741168      
141         -115520.8837281483       
136         -109801.57287995619      
130         -100572.71634825024      
134         -105498.49724627325      
136         -110330.979623166        
141         -114315.22357151395      
138         -109085.70900023788      
140         -108460.11705336586      
137         -106056.64699174232      
137         -108836.51900061037      
142         -112570.62577701092      
147         -121116.61249229885      
146         -120088.66613592807      
143         -115882.3360750875       
138         -108005.29570539364      
141         -112716.50011460316      
136         -109042.57612744925      
134         -105061.13811492789      
137         -113135.05705488969      
134         -103082.21331120846      
139         -112873.80718613806      
138         -109732.04805821128      
137         -108722.26376350521      
134         -104267.49918476051      
127         -93747.48915108465       
128         -93815.192800955119      
127         -90581.051876528538      
126         -86962.604130005973      
132         -97850.523372583644      
130         -95391.794176309588      
131         -94761.873121983517      
129         -94026.840212801297      
129         -92221.116120873921      
130         -94785.174335062067      
134         -100991.65145287791      
133         -100382.01372445654      
129         -94065.979474410939      
128         -92909.616998270358      
122         -84302.256038973661      
