480 1 -3980 35 35 35
134         -46038.214925067376      
131         -45241.520863392383      
130         -47066.410676344014      
132         -47453.759026257729      
135         -48655.003651461957      
137         -48977.213783052444      
146         -53257.884713075953      
148         -57449.107798437421      
144         -56016.295168223798      
147         -57878.814643544603      
143         -53277.868193032991      
136         -47843.225070043023      
133         -45499.683607056548      
130         -46158.837491838414      
134         -46398.642914863805      
136         -48188.628873209556      
137         -47871.968593996098      
138         -48998.339784387557      
142         -50315.720612450372      
143         -53146.89978312538       
141         -52333.830425312764      
134         -49372.901512469442      
133         -48549.249322460411      
129         -45912.072782513147      
131         -46663.099276097579      
132         -43951.413986622814      
133         -47344.70104329312       
134         -47298.870257567818      
140         -49403.985108902198      
139         -49454.882318000986      
140         -51701.907838108847      
142         -53611.892031125084      
141         -52340.640910102527      
143         -52711.57500264846       
145         -53113.63423664766       
140         -51430.092275262083      
141         -52345.136442532596      
141         -51254.626567834523      
142         -53944.637534216628      
148         -59955.031515144678      
146         -58950.614201280703      
147         -57331.021115255826      
145         -56812.944246227373      
145         -56305.610997422686      
142         -53241.262517445095      
141         -55097.905831761229      
142         -54504.481026418231      
140         -51578.891688343385      
135         -47595.158189979797      
131         -46901.637886094344      
134         -47183.061438989018      
126         -43888.398741298224      
124         -42060.696575062873      
125         -39791.26616459481       
134         -44676.997849671396      
130         -43279.097395088967      
127         -42975.381817197558      
125         -39270.77199582076       
126         -39926.568552405275      
124         -41689.068297161233      
125         -39111.606712670509      
123         -41378.879643571665      
132         -47085.53098223712       
128         -43981.902510265223      
133         -47630.05988811038       
131         -45499.639592867468      
133         -46214.291250281982      
133         -46271.906351722311      
131         -43891.275332609592      
136         -47151.36232827101       
133         -47601.951667941386      
130         -44462.457229678948      
133         -48924.266125247523      
137         -48733.762000147966      
138         -50114.463855936097      
141         -52206.5920375274        
137         -49893.17415277184       
133         -48487.61746697846       
133         -46550.20851148721       
134         -48798.920504520043      
138         -52711.104009141338      
131         -46221.657735191977      
133         -44163.526459344081      
132         -44472.813324907707      
127         -41413.061974446493      
131         -45916.495958395724      
130         -47805.108759104194      
132         -47866.795420174611      
134         -47823.647515514567      
132         -48987.373158054943      
131         -48586.176019633371      
135         -50314.189644922146      
133         -50161.83296326753       
127         -45860.3097357476        
127         -44318.07135107481       
131         -45353.403327842716      
128         -45545.488498360566      
132         -46586.20030270423       
131         -43590.318404713522      
136         -45835.874606521837      
136         -45557.967201554973      
