480 1 -3980 35 35 35
133         -281009.37035105523      
135         -285785.85825231927      
131         -283261.79052280076      
129         -277281.30912622012      
130         -277396.58859722281      
131         -281301.59779022628      
134         -300244.89567218965      
135         -303917.79226514796      
140         -325809.60975906078      
145         -347679.56752599904      
139         -323950.95465059392      
140         -325672.96731409535      
145         -347250.26365337323      
141         -331582.88650669745      
135         -305094.87498749635      
130         -285840.65273176576      
133         -292513.38562705118      
134         -297677.42808599432      
132         -285432.91368802544      
134         -294140.06857320818      
135         -301731.29652973718      
129         -272869.85920771718      
138         -304453.62918110652      
144         -323069.63384399796      
141         -312527.2603491816       
142         -317146.82286205771      
143         -326606.98269760096      
146         -344352.24865455151      
145         -340732.4564999271       
147         -348763.29277520382      
148         -353097.52971512778      
150         -364166.43125973095      
149         -357825.15915340843      
147         -348749.67311647942      
145         -341363.87276232732      
142         -332177.0707229129       
139         -307281.24367672362      
145         -334988.3576513849       
146         -339140.51262316055      
138         -310636.51805092063      
142         -323529.38389537646      
140         -306576.64553929464      
140         -313856.87186364032      
144         -332373.52020025777      
141         -320093.78107455012      
143         -329380.25152321038      
142         -321308.30734510371      
139         -313979.6676096344       
140         -314706.84379261435      
142         -318200.46610194509      
136         -303853.97100017028      
141         -321268.92304133996      
148         -346887.64340801199      
147         -346991.93716560077      
142         -328069.99420792691      
146         -339994.03857236524      
146         -339977.93568378146      
145         -336782.76840194588      
147         -345636.56563883577      
146         -343904.40672539675      
138         -308251.18206720141      
140         -317450.80650139815      
144         -329556.95303555916      
144         -331495.95902363141      
144         -325141.48391046014      
143         -328198.14229706954      
141         -318629.61119500909      
142         -318767.67027910147      
136         -294456.11585321563      
131         -279119.31227529782      
132         -284244.69684550178      
131         -287843.21154502383      
123         -257781.07435757629      
128         -278679.59222275548      
131         -284880.79598430067      
131         -285489.59489259974      
133         -295521.38441571099      
140         -316733.22665295645      
140         -311709.55167958618      
137         -302940.86538093397      
136         -298878.58760621381      
139         -308768.01144019008      
139         -311136.05289733986      
137         -306606.10431593627      
136         -305845.12486685655      
137         -304009.6225260697       
134         -295961.64260925009      
136         -302914.28824454738      
141         -322102.71848199912      
147         -345743.72768532531      
143         -335446.40345453221      
145         -343411.05582922429      
139         -311452.19123170932      
141         -326006.95071316906      
142         -327096.31699555728      
138         -316635.78330469946      
140         -325262.73559473833      
139         -320209.75093439239      
133         -289758.80309455458      
141         -323328.90887498885      
142         -325035.9037741964       
