480 1 -3980 35 35 35
125         -255022.63020036428      
121         -237187.89464152147      
119         -229423.07477095275      
124         -249884.98282525231      
121         -238510.45939619781      
120         -225385.64483600439      
121         -236647.53789615096      
120         -238389.08149764081      
122         -246014.9910391641       
125         -252014.20470923156      
129         -269682.08278378891      
122         -243601.44518400062      
109         -206669.18210980363      
112         -207079.82285858964      
116         -216517.23271634063      
120         -229831.02625567111      
125         -245106.91744060692      
127         -252049.39399081891      
123         -244960.94031022929      
125         -252642.94461008388      
121         -236696.22504928545      
126         -261235.6730446197       
124         -251735.17497180885      
116         -225359.36418209571      
120         -238348.86230716979      
125         -250092.81348669034      
113         -211700.46794995689      
116         -221785.41559315487      
116         -225085.67853850205      
120         -238381.28926594602      
117         -228586.67022726449      
126         -259956.30472485765      
122         -247574.81311508306      
127         -263493.04310656997      
123         -249179.43100363968      
132         -286414.26975621015      
127         -271211.27414874459      
129         -277751.77672758314      
124         -258763.05979692438      
128         -273308.17683161871      
124         -256591.04712958928      
126         -255392.77710050574      
127         -261679.8924039097       
129         -265756.55573856982      
125         -249814.23185325915      
127         -254316.76599015651      
131         -272950.35533234564      
129         -267242.35098595533      
130         -272760.4787870266       
128         -273846.96017361525      
126         -268051.45571147464      
131         -284693.98151026922      
134         -294076.5546932689       
138         -310821.4431893375       
144         -332796.10654058494      
144         -338864.71765276359      
145         -347016.46699597768      
146         -346833.17064597138      
143         -330353.44024355401      
141         -323862.05971195525      
141         -319488.40534642211      
140         -317970.41480736306      
139         -315261.34658854653      
130         -278452.64310180361      
130         -282315.59979171446      
128         -272676.6989583961       
130         -280433.20253507688      
126         -265407.98015330883      
131         -287945.80915995274      
133         -293840.06299256074      
133         -296345.59175387077      
132         -290034.34902053647      
132         -285484.61624561367      
131         -277583.6509137465       
129         -268344.24531489768      
132         -280124.8613122314       
122         -239763.9292908193       
127         -257220.16759886092      
129         -268185.25070412719      
126         -256482.74578983037      
125         -254422.1329403999       
126         -260442.45332222269      
131         -281481.4383598768       
128         -276105.52804653888      
134         -300936.21969850996      
135         -305872.59139153973      
129         -277872.6607662061       
133         -294917.34368265583      
130         -278315.82363481726      
127         -273178.2602448127       
132         -288748.02738955576      
135         -294117.05991602415      
133         -286605.02865243709      
137         -304723.80675636214      
140         -318038.66981686931      
140         -314663.18837332958      
141         -320508.0272690928       
138         -307848.3986660486       
133         -286903.67214706581      
127         -269926.66712393297      
127         -264044.4999630801       
