480 1 -3980 35 35 35
134         -48851.764717180122      
131         -46991.172310301234      
122         -40497.478376955034      
120         -40370.089065513632      
113         -36276.806183726709      
111         -34959.217214127028      
123         -41537.766610386869      
128         -44571.879905219314      
127         -43253.529586336175      
123         -40277.89057733916       
124         -41303.491429656962      
124         -40219.683513242111      
121         -38143.703072422519      
123         -39302.928206584635      
126         -42097.873326070701      
130         -43456.028967883103      
125         -40303.537424836286      
130         -42609.346249282571      
126         -38328.754892690857      
127         -40165.860859582463      
127         -41607.212992429166      
127         -43247.273210407759      
121         -38581.451849940611      
116         -37373.032139011782      
124         -43359.635565843375      
117         -38562.617701516865      
119         -39235.868841799333      
120         -40083.894049111157      
123         -42847.289468573435      
123         -42081.759862445004      
120         -37544.046182706952      
126         -45468.758745598003      
129         -46071.13103301316       
134         -46336.866007362383      
136         -48385.410207933535      
142         -52946.142405666105      
135         -48131.064782658861      
138         -50547.6883854322        
137         -50882.613758437459      
134         -47297.351050224286      
132         -46082.126086382894      
131         -43896.454141844661      
134         -46619.95539141159       
136         -45068.405334361116      
138         -48511.252768394748      
137         -47834.426382119353      
130         -46525.738079481518      
134         -49499.574001680849      
133         -47061.767169709216      
125         -43422.447552192076      
124         -44305.389297573856      
129         -47193.196370891048      
130         -48092.558337322756      
127         -42748.512993439974      
123         -39743.716113007817      
127         -43896.366887666081      
131         -45454.77942156019       
129         -44174.252403711238      
120         -38171.437618997734      
123         -38310.319834261027      
130         -42157.436640265718      
133         -43913.576823903146      
130         -42846.362658830345      
129         -42161.113058094648      
121         -39531.221681983057      
118         -38344.103132208198      
123         -40867.098996460663      
128         -42635.601055458159      
128         -43237.699680144178      
129         -43296.983492591396      
133         -45183.410799785233      
131         -44704.902634794264      
134         -48701.706958441886      
132         -44682.030089993648      
129         -45786.277067503826      
130         -46798.885288197271      
132         -47917.359359343987      
131         -47153.988811428244      
136         -49194.417239569833      
138         -49750.697988884989      
142         -53903.685559576108      
149         -57703.44583211001       
142         -48963.47949169873       
145         -52236.478268134568      
142         -51444.952791092575      
140         -51282.598283957974      
138         -51015.982182768887      
137         -49991.973890262765      
139         -49461.316801500529      
130         -45029.287361932227      
129         -45492.528590822905      
133         -46590.970678342223      
129         -44081.219821058075      
135         -49766.638173491549      
137         -49842.853971962359      
136         -48843.101197928496      
138         -49573.143403200702      
136         -49315.691435150271      
139         -51799.241537632646      
136         -50164.135854966727      
140         -54259.357531610935      
