480 1 -3980 35 35 35
142         -323451.78642741381      
146         -341373.93350499799      
147         -348332.81255579926      
146         -340986.22492792143      
145         -333137.94799161155      
144         -332288.26900858036      
141         -324895.78436166502      
144         -333339.18955108686      
144         -336266.36382510141      
142         -327924.21089283563      
146         -343315.22847049998      
147         -347771.3392573687       
142         -332181.58368685865      
147         -351267.32265336043      
144         -336514.53658605111      
142         -328858.69170814566      
148         -355485.47514144308      
145         -340050.17144953756      
150         -366117.06736609037      
148         -357272.632414044        
150         -366291.82712922455      
149         -361082.78794344858      
147         -347892.18868724315      
146         -340808.65716895834      
149         -353749.87850269757      
148         -346168.98923699022      
148         -347620.07279528154      
145         -341983.7682233419       
146         -341807.75018710032      
142         -328709.91854395979      
142         -327381.03621503903      
146         -343891.92125420703      
148         -350327.6291652536       
145         -336886.30393474508      
144         -336293.39598137431      
143         -334374.32272534847      
134         -286327.2019260464       
134         -288543.41096009436      
134         -289699.92340376211      
137         -304298.04068217357      
132         -289016.75830101909      
136         -304628.62930281635      
136         -305691.52586465504      
130         -281941.6131298946       
133         -293524.40349499334      
137         -304742.77247899695      
132         -282636.84591201833      
138         -307083.97537571227      
137         -301648.17854784534      
138         -302098.56639875314      
145         -335929.54641484667      
143         -329441.71410972328      
144         -333367.23848132871      
139         -310267.71993740351      
142         -326373.23609405232      
141         -321412.00764477195      
143         -329815.44366855081      
145         -336658.65531668183      
144         -331744.20865491894      
144         -326497.01454168116      
145         -332872.20316438179      
143         -329244.0889237154       
143         -325263.33743386698      
140         -311489.8212340629       
141         -318097.41157733463      
141         -317396.40731499356      
138         -306925.85283805325      
136         -296200.99760626239      
136         -293761.42532331753      
134         -289291.0017363645       
133         -285431.62635238474      
132         -281141.83962680702      
131         -279352.85977039504      
133         -287529.13094724627      
131         -278096.24699954712      
135         -293635.75509657891      
129         -274495.21151565615      
129         -271973.69697779859      
127         -260412.05905055834      
124         -248318.00497714945      
126         -246092.48631232957      
120         -224990.38237451395      
123         -245167.06726552494      
125         -257084.20858597354      
127         -262728.75122146239      
124         -251925.41115481482      
122         -244426.51078083579      
112         -207087.92563119717      
119         -231320.80623039915      
122         -236451.59773568151      
120         -228521.38924709597      
110         -197215.45197307228      
112         -201331.67042585177      
110         -194466.32100175967      
108         -185782.15825972069      
126         -240682.09394258101      
119         -220946.03333681592      
125         -241923.56106998032      
124         -236087.63887912751      
126         -249846.98231215079      
125         -242529.93405734043      
