480 1 -3980 35 35 35
140         -53435.244927662978      
139         -48673.46766692635       
138         -48154.472997725563      
141         -53302.722254537439      
143         -53920.452953053144      
140         -52250.046541309013      
144         -55894.932236218403      
147         -58032.589108463872      
147         -58363.826002853042      
143         -55917.064962982731      
137         -50768.688879286528      
143         -55576.225929168628      
140         -52376.299787016338      
134         -47055.968940929895      
135         -47944.198293764231      
131         -47654.086567353261      
125         -42202.361355120229      
131         -45574.471253322074      
138         -48165.769923633881      
138         -47071.912649917482      
137         -44406.666343721721      
139         -45525.913403920342      
136         -45182.632065132893      
136         -45152.777866029843      
136         -47764.678432740133      
137         -49663.613632226617      
132         -47509.743501751538      
140         -52760.017769242302      
139         -49789.670332918038      
139         -44303.739901876012      
141         -49081.838426527422      
144         -52414.583073094778      
142         -54382.166562412705      
140         -52953.467741039261      
141         -53152.238957774367      
137         -46852.187174310377      
143         -52039.486441024193      
143         -51771.808834025207      
140         -49621.86629730367       
138         -48489.915186780127      
143         -52445.042942743625      
141         -51845.295414946384      
139         -51490.08004477567       
139         -52428.244369233915      
138         -51772.161592934761      
137         -50058.103570573963      
135         -48094.045997398884      
133         -46169.54578666103       
130         -42913.099705513698      
131         -47283.00116442125       
137         -50744.010818836621      
138         -53256.153574020675      
133         -47784.138556812097      
133         -46341.776504887057      
135         -45938.719864443774      
136         -46352.194989277217      
137         -47743.672001314226      
133         -46763.075429162258      
135         -47086.667302752569      
141         -50408.48035455701       
137         -49981.147566818756      
134         -49449.119001413077      
133         -48968.561707375906      
129         -43647.144066884488      
127         -41240.396965100634      
123         -40425.582036709748      
131         -44494.533045733988      
129         -42633.043949339371      
127         -40954.510413164127      
130         -39609.036465603182      
124         -37860.671204538085      
129         -41476.94424651697       
133         -44901.475141238108      
131         -43974.385804055506      
130         -44131.586553202986      
125         -44260.094519168306      
131         -46043.338362701739      
127         -44190.16942507615       
134         -48080.298725440771      
137         -49591.14910390853       
132         -46136.842315333226      
130         -42744.357205547029      
134         -42810.673679771855      
136         -45636.203801030853      
138         -47057.709282317286      
140         -47878.49758730521       
140         -49697.545338786629      
135         -48255.097922126646      
139         -51573.493977681552      
140         -50012.480134378158      
142         -53533.247339853457      
140         -51536.72111676271       
138         -50714.152907362528      
139         -49119.447157516261      
138         -48324.568044104934      
131         -47601.141693822217      
137         -50971.5126579157        
135         -50969.145940092552      
135         -49644.122638672372      
131         -45530.375899435094      
128         -43130.63847619063       
