480 1 -3980 35 35 35
140         -112792.54953463604      
139         -113417.51723982902      
138         -115386.61982965356      
141         -119891.92739722419      
143         -122749.13446858474      
140         -118788.09238994641      
144         -123196.54002445104      
147         -125996.12797356988      
147         -125189.42899039312      
143         -120751.07539494081      
137         -111602.4101985439       
143         -119196.60486728932      
140         -116120.84860652969      
134         -105122.5944534756       
135         -105824.80982714785      
131         -100074.255913296        
125         -94895.314628452004      
131         -101545.75676171355      
138         -108289.12519462152      
138         -108350.01674996431      
137         -108691.89076563205      
139         -112123.81807550741      
136         -106190.28929914365      
136         -107250.36994725006      
136         -108842.78278330652      
137         -110152.07274864371      
132         -102345.33848710981      
140         -114019.9841806795       
139         -113568.21255157178      
139         -110752.74838569399      
141         -114407.65741712267      
144         -116656.18662351271      
142         -111062.89428144996      
140         -106901.87839567503      
141         -109299.95284219742      
137         -103446.28740998088      
143         -114322.91526880316      
143         -114109.69619210101      
140         -111904.98431442752      
138         -109766.12653463335      
143         -118351.76213093709      
141         -113698.30078318463      
139         -112185.05169117967      
139         -113178.72057116557      
138         -113584.28119701189      
137         -110986.70857374666      
135         -105969.62140853731      
133         -102794.30845031035      
130         -99974.888663948092      
131         -99079.00266586135       
137         -104046.1636075953       
138         -105591.70311223817      
133         -101697.85756670369      
133         -102088.71360884982      
135         -105838.2494756666       
136         -105842.66531229272      
137         -104153.56002441468      
133         -98500.701839026733      
135         -103046.79230993961      
141         -108946.43082636596      
137         -106355.223469383        
134         -101127.62266485686      
133         -101986.96589075352      
129         -98031.800150729759      
127         -91531.479787690274      
123         -85916.259957518021      
131         -97422.099344138231      
129         -95817.230709121242      
127         -94216.596251481271      
130         -97521.12055216718       
124         -87182.874881901967      
129         -94370.222770541106      
133         -100307.40443797095      
131         -99162.830656016915      
130         -99022.705002623596      
125         -92524.989302111688      
131         -102609.64366610155      
127         -95431.02861964998       
134         -104223.07639294704      
137         -108128.87037932455      
132         -101541.97609346961      
130         -98393.590486443529      
134         -103750.4727049389       
136         -105345.9909477983       
138         -107618.34644644879      
140         -112236.83948258962      
140         -110035.2319198498       
135         -104259.28199411638      
139         -106981.43108014882      
140         -105954.3045745728       
142         -111900.06171500104      
140         -110683.18614516467      
138         -106825.00548825499      
139         -108607.36133068783      
138         -107364.55847606505      
131         -96850.548327608383      
137         -104624.51920839214      
135         -101243.96044468325      
135         -100621.42038549432      
131         -97051.074343272543      
128         -96225.452238806291      
