480 1 -3980 35 35 35
122         -85470.400423793966      
121         -86794.56935586936       
122         -84287.705252421118      
120         -82010.146919999679      
124         -86969.300391071476      
123         -85025.819197999648      
119         -80534.911900639941      
122         -85509.656835788846      
122         -87677.24868957435       
130         -95100.023807379985      
128         -93480.586146245332      
130         -97102.967300781223      
124         -89320.649580480371      
125         -89599.648297167616      
116         -78146.938677253187      
122         -84981.313856719222      
121         -79696.408895618879      
125         -86638.349151160102      
120         -86951.842345475918      
117         -83801.209319761707      
112         -78066.178296961007      
110         -72831.813171673042      
117         -80057.411423388781      
113         -78665.417800872921      
122         -86703.581221924265      
125         -86955.444531155154      
125         -84226.588897713722      
130         -93997.182127630804      
131         -95131.797075052804      
135         -102287.05228794525      
137         -104226.11218793744      
132         -98764.154788084663      
131         -93734.165772948414      
131         -99157.505309102591      
136         -104833.85848938892      
136         -106933.54306197639      
134         -101275.15665280071      
137         -106825.53699680156      
133         -102757.12792337663      
135         -104733.97669348071      
139         -109726.06005914924      
134         -106802.62729762169      
137         -109624.8552699226       
134         -106435.83470207339      
132         -104849.65884778906      
131         -103935.27583855897      
134         -104616.27685859177      
138         -113207.27936685062      
140         -115852.70132042411      
139         -115564.04793567634      
141         -114738.95765349999      
142         -117314.55954559392      
141         -114903.00678945902      
141         -116985.28129175352      
139         -111132.53001246799      
143         -115235.6670211577       
142         -115563.26493256919      
143         -118518.01293961605      
137         -112076.94269882665      
135         -109823.91305198411      
134         -108632.28340312489      
139         -118509.93995378657      
144         -122792.01138485922      
143         -121827.2524222397       
147         -128930.84603248526      
145         -125423.4128253699       
147         -126922.84553417902      
143         -121114.67480954425      
145         -121980.8140699279       
138         -111649.7255050222       
143         -120791.50260698915      
144         -120716.03416925574      
146         -122530.10016777668      
142         -118646.963408447        
145         -122809.13169728346      
138         -112357.94451483023      
142         -116359.82304804813      
141         -116421.17401706739      
144         -121353.99535122795      
137         -110129.82171702823      
136         -109131.80629816306      
137         -112661.58865129072      
139         -115223.21400016941      
138         -114195.89320237958      
142         -119435.81367731406      
144         -121978.08085452658      
142         -121425.66372105479      
139         -117182.39035015945      
134         -109175.85837399869      
139         -115805.00244138307      
139         -113907.52241280609      
142         -116400.29978242253      
144         -118206.51915620126      
143         -116557.34716156893      
137         -109184.71828335653      
139         -111688.99214208518      
139         -111091.87781493444      
140         -116126.92538632896      
139         -114624.05615376066      
136         -110629.25387833591      
141         -112482.93899173423      
