480 1 -3980 35 35 35
144         -325185.87187390553      
141         -309789.69590002275      
142         -316274.91913281055      
143         -321777.49444144976      
141         -314210.7845854573       
141         -314200.48233706935      
138         -304575.88578465529      
137         -301308.44885895296      
138         -306819.37358014379      
136         -296788.43291014229      
134         -285854.01847128657      
134         -287108.9476212798       
127         -258873.77798728834      
129         -266712.29022378055      
132         -277552.36788838665      
128         -262642.6590804343       
133         -288208.59474132006      
133         -285678.88827145606      
137         -301935.80140816647      
133         -281667.669992276        
128         -260758.32664671153      
130         -266756.5181481936       
129         -271811.0952914643       
129         -272260.86600186385      
127         -260141.56435473033      
126         -261516.70460738122      
124         -253778.84822468497      
122         -241924.49803889712      
121         -241275.70879015862      
129         -262428.52915393159      
130         -271587.16878122953      
133         -281966.9379354617       
127         -262234.47274366574      
126         -254130.69907126305      
128         -267285.60770756443      
130         -267202.16246039921      
132         -273513.55563963263      
129         -261640.68994768491      
129         -258624.17592737463      
134         -277822.03519528144      
133         -276594.71518900851      
132         -275761.16984103271      
134         -285662.32445023651      
132         -279082.15170803166      
132         -276262.19622083253      
126         -258635.00548251151      
123         -249092.35287531427      
126         -256062.99504209976      
127         -254984.7011377553       
122         -239639.35740968509      
116         -213219.65125653337      
118         -219530.49880879011      
121         -240216.35155786536      
126         -256732.46470550285      
123         -245664.34449707129      
126         -257268.96621982884      
134         -283291.68611796718      
135         -290147.15783726278      
135         -295105.69151375274      
137         -300527.56292541814      
132         -279316.42174041865      
134         -288921.28636813379      
137         -299306.52627214667      
133         -281013.97986058169      
131         -271199.56395211967      
126         -255305.755642965        
132         -279853.61843864375      
134         -291260.09573177301      
133         -284315.31156385952      
133         -286009.45183810673      
136         -297104.5054113387       
137         -303836.80401297408      
142         -321308.37027798116      
141         -317074.35280176217      
141         -317294.55444239511      
141         -319590.35433834698      
135         -296523.19619024359      
131         -277032.21261668915      
125         -256988.36733160086      
126         -256255.30510120015      
122         -241325.60989491132      
120         -227629.62821128074      
125         -250795.38101162412      
131         -276651.80344311806      
129         -263808.93141869549      
125         -252449.74421339305      
131         -273124.49454601796      
132         -284388.63920157705      
133         -284477.26837332023      
126         -257691.23394815682      
129         -275336.76776576281      
133         -289432.6776859464       
133         -290189.28261710011      
132         -285290.42899709882      
135         -296257.05024105328      
137         -306982.71668719489      
138         -310675.27675629302      
133         -291089.97278983222      
135         -298164.8527737899       
136         -305238.4314463202       
137         -306929.42280519009      
