480 1 -3980 35 35 35
106         -183403.08483312043      
119         -229884.83016566362      
123         -244020.17897490397      
119         -229031.20169587532      
115         -215800.64531868583      
116         -217494.51238287785      
107         -194798.75895402476      
114         -210078.36925987777      
112         -200881.59245180764      
112         -200456.71269978228      
114         -209602.99554463578      
113         -210709.1961122994       
120         -236218.41292077617      
122         -238836.21813166156      
124         -247391.29135448913      
117         -220629.40536428752      
112         -205510.75952328974      
111         -203540.92288636736      
120         -237620.81904468499      
125         -250589.70523006847      
129         -267782.22408711381      
121         -240499.51410927781      
120         -232337.38098387263      
127         -255755.626706657        
132         -273907.25192431069      
128         -262912.60252384609      
126         -260162.44658372056      
128         -268686.8847458926       
132         -280694.54030242981      
137         -299356.00567933783      
135         -288259.52643190447      
137         -294578.81196021452      
140         -307347.94660173985      
135         -292462.44978367822      
137         -301538.41653833649      
139         -307653.95530551882      
143         -324686.59406202042      
144         -328845.34706898814      
142         -321075.53540385776      
136         -295901.3930977346       
136         -297671.40984650381      
135         -293085.88358671585      
132         -276832.80383568839      
125         -254095.48089110572      
121         -243261.74278578567      
125         -250944.17634491436      
120         -229139.54074361341      
124         -245518.74754551958      
121         -230786.51060956228      
114         -206301.88447289667      
119         -220761.46409642094      
122         -231449.91170039531      
122         -233149.81908632783      
117         -211695.03559338627      
107         -187357.00734833238      
114         -215063.13824035064      
121         -230971.24092303385      
122         -237638.35582166663      
121         -233866.74370593298      
119         -229952.93594399217      
119         -230081.72840563679      
119         -235503.47403173673      
123         -247457.06059934327      
124         -249113.51947624524      
127         -263098.09474597097      
130         -274120.31193246273      
125         -256147.58369702444      
130         -281064.57283594122      
131         -280436.53001995408      
131         -283107.29519084544      
133         -288831.63236613473      
135         -299412.24155711749      
134         -291260.48369387974      
131         -276376.74221755931      
123         -242270.31163621353      
129         -262030.66278213862      
124         -241896.57210738774      
123         -240668.94642052826      
116         -214861.60950579937      
121         -235097.80727205789      
120         -233727.49499214394      
125         -250168.7298292754       
123         -242507.07653787886      
123         -251821.78304195055      
131         -276291.19945259631      
126         -261295.84907345127      
124         -262700.28811594873      
123         -253452.11118546507      
126         -266412.43858910882      
130         -281264.8844573336       
134         -291569.20726923249      
139         -312167.68329255079      
137         -309795.34397720924      
137         -310709.65395422879      
133         -295205.3889743886       
134         -300622.28589935944      
131         -288515.38606636546      
136         -306846.21242059214      
132         -286966.20969794842      
129         -278274.97465149988      
134         -295421.71807090758      
