480 1 -3980 35 35 35
129         -270644.76339207269      
133         -288378.76591752312      
136         -295487.24898621539      
137         -303977.61317859561      
136         -303985.50908645021      
135         -296701.23572374292      
137         -300557.20499493135      
136         -304108.02392496925      
134         -294781.15246010164      
133         -291056.76234446425      
136         -305725.8294477273       
140         -319925.80404886289      
139         -315619.38139695674      
139         -315825.0830363367       
142         -332192.48021602817      
141         -325756.96055087459      
141         -328033.92717403267      
140         -323121.16826102248      
140         -320001.23795869213      
141         -321147.8197397638       
145         -340915.26060309721      
145         -344250.94797504798      
145         -342005.18927457929      
137         -309958.64717838558      
137         -309965.05456808378      
135         -302528.36475363502      
134         -300448.17734367767      
133         -296645.3550441339       
135         -300648.18250971095      
140         -318536.30658177577      
143         -330742.07996197086      
139         -318476.82968045532      
140         -316485.99154048989      
142         -322061.85256578738      
141         -316773.36369985179      
144         -332814.92136372428      
142         -321357.63043231971      
144         -332707.41590565792      
144         -335403.89119546558      
143         -338070.93504295772      
138         -315996.29413980071      
137         -303817.27910558443      
134         -287335.63184069132      
130         -271526.83607224468      
127         -258670.3325791895       
135         -294320.19844503276      
137         -300847.16221031215      
139         -312801.38585559401      
135         -297558.29536095704      
130         -275240.47499446583      
127         -262223.57176708622      
123         -250935.16322169491      
124         -247525.71915086563      
123         -245090.0848263423       
125         -256543.39685833664      
134         -288567.37876777985      
128         -259735.11444376342      
133         -280464.44191511272      
129         -270793.87075169524      
122         -242031.1301557525       
121         -234171.70737672911      
122         -241645.87870130871      
121         -239438.20190210617      
127         -256180.10767335305      
128         -259554.98451681828      
128         -264357.91953978431      
124         -246973.59526133011      
127         -255697.66432438599      
118         -228079.50489156452      
118         -224365.13316239827      
122         -239882.24276797171      
125         -241142.19672236664      
126         -250256.27979653719      
127         -254209.14649070418      
124         -244615.53280313863      
123         -237410.90268725788      
120         -227784.93033693108      
119         -221249.63174414466      
112         -203919.11258035386      
118         -223547.48360619516      
126         -252021.78419773051      
122         -243939.11185505465      
124         -246966.34676675385      
125         -251711.16926489607      
125         -250196.57018506085      
131         -274494.03568678763      
128         -268323.4358734116       
128         -262460.69062557706      
128         -257314.39046664917      
125         -251798.21986896719      
130         -270204.81139568536      
125         -250871.62331240391      
133         -275444.28715558181      
130         -262515.28636150993      
125         -245288.53032861918      
120         -229109.57882971779      
120         -232611.08478926634      
122         -242374.11010634934      
123         -249178.50011903219      
127         -254391.318763958        
130         -267035.91308007808      
