480 1 -3980 35 35 35
131         -280273.99252114171      
127         -262221.38260762236      
127         -261772.7509987294       
119         -236853.30755837972      
123         -252714.80867978089      
126         -262981.32203851413      
131         -283212.13501476549      
132         -290037.99664103822      
130         -283581.88287121744      
128         -277317.65472753078      
125         -264915.23378646537      
139         -316136.77432602958      
137         -308457.67516052187      
137         -307484.75446392561      
139         -313489.53025479981      
141         -324796.01397545415      
141         -325077.26625429053      
143         -336456.80562824383      
131         -293595.56438485871      
139         -321894.05966911139      
143         -335141.94743913447      
143         -336703.03728511254      
140         -323265.96760404209      
140         -317134.51724719867      
142         -324120.71016158676      
145         -341339.00869221671      
138         -314581.16487744555      
141         -325667.91491170961      
136         -307684.70769439836      
143         -332758.10131099389      
140         -319955.87475135614      
145         -345348.50057280104      
146         -348641.27015004092      
143         -336137.2644972374       
140         -326691.61145175894      
136         -307146.27454991755      
133         -291386.96125978988      
131         -282636.17110518657      
128         -272956.57763686549      
134         -291162.14529747306      
131         -280841.45710748917      
133         -288132.67371130199      
134         -289568.37582965888      
134         -289010.27446864394      
135         -289991.48500258342      
132         -280471.36191528838      
133         -288846.80542707752      
135         -293153.87823614932      
136         -295894.49495340494      
137         -295254.7306442851       
133         -290026.97958754795      
134         -294064.67389342387      
135         -297996.72431415244      
133         -286215.92626738653      
130         -280960.36084611207      
135         -293514.77033164119      
143         -323459.74059199548      
141         -315933.56945758563      
138         -302730.21644127165      
142         -317815.8265196234       
139         -309601.67901511944      
140         -314157.33278577711      
140         -316141.57529026485      
141         -326417.25539237715      
139         -319404.46981974109      
138         -313535.04090377246      
140         -323809.09975595045      
143         -337365.96262166317      
138         -314029.6611130372       
141         -320390.87994631322      
135         -296911.91150297475      
138         -306494.32326198975      
136         -301958.75817670603      
138         -308137.45994673477      
138         -309959.69919200009      
134         -292822.20249461668      
131         -279554.88057465362      
135         -296101.96618750552      
135         -297509.23061794852      
132         -285322.16684030008      
134         -291179.98160887277      
133         -290015.79044690286      
131         -280242.39533814066      
128         -266100.17169532523      
134         -287607.16774108441      
135         -291993.54408361751      
132         -283336.55108906969      
129         -275170.30816520925      
128         -265519.42998906685      
127         -264792.40535874106      
123         -244568.8280946106       
122         -237592.68051941262      
123         -239021.16523201496      
129         -261013.92263831873      
127         -257444.73819157854      
134         -288162.6070476785       
136         -301005.20997047512      
135         -295974.29739632626      
135         -294547.24724501162      
129         -272043.38508089219      
125         -254431.67726688649      
