T (K) rhol (kg/m3) rhov (kg/m3) P (bar)
410.0	409.670786636	78.8976153029	22.2185779062
400.0	433.931670493	61.3299559533	18.6918449756
390.0	454.88386766	48.8582664505	15.6862957706
380.0	472.450186371	39.3944552985	13.017886346
370.0	487.903692177	31.8809885186	10.7313757421
360.0	502.326588217	25.7083257151	8.70891153285
350.0	516.376091526	20.6175823554	7.02801795805
340.0	529.813027184	16.392034399	5.6201910953
330.0	542.258684457	12.8743830776	4.33269910348
320.0	553.754897954	10.0025125973	3.3804541514
310.0	564.421661833	7.6607083089	2.5796877384
300.0	575.259577698	5.77244691177	1.90791612318
290.0	587.133020742	4.26766544465	1.38016133704
280.0	599.083937247	3.0844340039	0.989077307159
