420 1 -3800 35 35 35
5           -205.64863094334493      
5           -35.234964426045927      
3           -1.8212479750620876      
7           -141.42684237497986      
7           -64.209407923099505      
10          -386.28546935040782      
4           -14.608245213282459      
4           -13.344570738756843      
21          -1438.5200491909284      
12          -444.32362738370125      
9           -242.02171719827288      
5           -185.13013919298859      
7           -238.54411590184483      
11          -382.63005371411822      
7           -81.638817227053124      
3           -1.8212479750620876      
15          -678.77380518426821      
5           -121.67303809410821      
4           -30.486036854628683      
4           -118.06716461754129      
10          -482.92342150006709      
7           -124.53358793517619      
14          -1132.1500961772299      
24          -2144.5533831510365      
16          -489.6903971264058       
9           -233.8437920025485       
6           -108.9340880434367       
5           281.37600169260458       
7           -33.252951890977144      
2           -46.206187747974639      
6           -78.322229328497485      
7           -85.939426331788596      
12          -852.43801394005095      
6           -8.5770921332446033      
6           -113.65308547406673      
11          -478.20598690747948      
13          -319.28991596404012      
10          -485.60646095997953      
17          -787.32075049950254      
4           -21.342787345432587      
8           -455.52425292462271      
11          -675.45179076821148      
7           -453.68864695848742      
3           -56.474963462304189      
1           -0.20236088611800973     
6           -173.09896124122463      
7           -17.533638155580434      
11          -316.76598814789651      
6           -169.940519596652        
7           -121.60926864039273      
3           -5.9243195153477126      
4           -97.050657729770862      
9           -54.253339023967193      
11          -450.72812109363872      
5           -31.509994244930994      
17          -781.78728460897185      
4           -123.79128579512047      
6           -145.73888962540607      
9           -103.07810052272981      
6           -25.056763448404347      
8           -404.2334690382346       
10          -253.64379188399917      
6           -62.327329339762002      
8           -277.67419038522212      
1           -0.20236088611800973     
10          -295.33451984767936      
9           -184.64043130064911      
14          -764.52407142431764      
3           -9.5769685314869406      
5           -62.587757075286952      
2           -31.09770699229961       
9           -143.62651849435704      
5           -6.1984768842131199      
7           -207.31517906991721      
2           -0.80944354447203892     
9           1141.363058685261        
9           -373.88066586530982      
8           -165.80736382090961      
8           -244.93486775672397      
0           0                        
7           -341.47147738138688      
1           -0.20236088611800973     
5           -7.1367503517740563      
3           -4.8776510462881788      
7           -176.06993000298553      
13          -1041.5376075331753      
7           -180.55054596788821      
4           -78.203210344956318      
5           -151.35184752430885      
10          -369.87280457474463      
11          -467.03397750697764      
10          -304.49185718881864      
4           -54.4250981604484        
12          -808.32421394939422      
12          -670.64512451935855      
15          -1564.1663658488012      
7           -51.407849303828961      
10          -472.51383612931653      
7           -31.773026538946333      
3           -104.55276635549282      
9           -114.3998431705169       
