420 1 -3800 35 35 35
5           -105.66643442997702      
8           -713.92346768915343      
8           -56.800309398025014      
6           -241.57984420245214      
26          -2800.2672015191833      
22          -1661.1771925696994      
13          -993.05790573092736      
17          -871.49928137830898      
3           -1.764339832991862       
11          -610.59502354027325      
7           -335.26077004938611      
8           -182.43167296418221      
13          -432.97262868211823      
5           -22.707582042482915      
7           -279.87340354112649      
8           -103.39164194054797      
14          -964.75422228953948      
8           -290.90428781853285      
7           -51.428964487395341      
3           -5.8941189864279266      
8           -133.22369175456998      
14          -701.61555481589846      
8           -515.27942453347691      
10          -570.84665366327988      
7           -259.97310331924308      
10          -523.86111645393191      
11          -516.89703152011361      
5           -4.9009439805329498      
8           -634.0458078055126       
12          -447.22895332190393      
7           -28.001502007935692      
8           -235.2044237462953       
5           -31.906348161635478      
12          -310.65552467983895      
7           -133.76464544778884      
8           -274.85586885539493      
6           -117.38627270644321      
6           -123.88170461184897      
6           -215.18223580842792      
8           -231.84184825487282      
5           -131.2769548851052       
4           -3.1366041475410875      
8           -90.669607316866433      
1           -0.19603775922131797     
6           -94.29263093031544       
8           -476.0417321476354       
9           -366.4331487002965       
6           -151.40908387662452      
9           -475.57700733417983      
8           -253.69574731765542      
10          -684.56416886440707      
1           -0.19603775922131797     
10          -391.60892901263338      
5           -87.436489169351518      
3           -9.5000374930514031      
8           -75.178871435233972      
6           -194.75159918835493      
5           -17.911609338113614      
7           -188.65499145159725      
6           -322.49745911572364      
8           -337.018491001028        
9           -88.255349436934623      
3           96.500060717194103       
6           -274.56833269792327      
5           -50.978347442820294      
7           -52.703053609576195      
6           -41.489846569044474      
14          -337.83781038635652      
6           -45.893601771517837      
5           -24.270612325303734      
5           -22.329741358380197      
5           -79.78518040593076       
8           -251.96401775398832      
13          -352.12482077789957      
8           -50.411397547572072      
6           -32.620619797024304      
11          -801.82473729963021      
10          -651.49970636737726      
9           -125.48811114279016      
12          -214.77508267175426      
9           -78.859938166285076      
11          -648.42136520875783      
9           -44.786900350852406      
8           -164.08114975150642      
9           -138.4081495612466       
5           -11.90844215012223       
5           -9.4366810507878824      
11          -370.56951781160086      
10          -594.29547569659746      
7           -406.3491729810184       
6           -64.211968529103359      
3           -1.764339832991862       
3           -1.764339832991862       
1           -0.19603775922131797     
8           -89.059173711781952      
3           -5.4482420889216288      
5           193.56089077179527       
9           -193.89129927907385      
12          -726.301918087903        
4           -28.419707678105578      
3           -36.075325636908943      
