420 1 -3800 35 35 35
5           -25.997787961368445      
9           -74.598501685548513      
3           -5.0652101507596221      
10          -842.76391420208085      
4           -183.37120127578297      
7           -253.58262189828565      
12          -1291.4655774058847      
11          -1255.2144879427499      
8           -851.33267151849304      
6           -95.898995640413858      
4           -9.7697933739877367      
13          -1064.104814434729       
11          -815.99656316497669      
9           -485.55315293485194      
4           -9.0048180457948845      
7           237.01229457464785       
14          -1875.9421942461715      
7           -921.42083768916598      
7           -389.634017703707        
7           -296.414099644641        
4           -9.0048180457948845      
8           -433.31895598597691      
8           -567.06485955211485      
4           -9.0048180457948845      
10          -1057.871151051593       
11          -1393.1872487362464      
6           -1827.771213426563       
3           -13.053469347068738      
9           -696.35017580090005      
8           -3.5761247957231035      
6           -323.60852743206095      
2           -2.2512045114487211      
2           -27.995914263043211      
5           -36.738621177668477      
6           -205.11005869245287      
4           -14.816655471332577      
3           -5.0652101507596221      
8           -147.75568933047975      
5           -45.673829247830852      
5           -155.52690634700426      
7           -519.03839073351378      
4           -9.0048180457948845      
2           -2.2512045114487211      
6           -45.686125174183474      
7           -433.52986574449363      
9           -124.21698733960589      
4           -206.74095673376976      
4           -176.98685111573829      
7           -488.13279887682228      
3           -5.0652101507596221      
7           -1310.374691034817       
8           -516.94257721279735      
7           -383.62886424301865      
15          -1495.3533384317323      
5           -546.05974771503725      
10          -848.14771838194281      
14          -1814.2309512337392      
11          -1003.7502495779096      
13          -2210.9364608704359      
15          -1383.9101200598252      
4           -616.43696325121653      
10          -490.40961191803234      
11          -936.44774901946028      
5           -46.760343063911151      
12          -469.21263343950369      
6           -68.611989898747865      
4           -145.9843305619884       
6           -64.331168635716494      
9           -1546.1499158244965      
8           -677.94366961575474      
14          -2023.3594980656878      
10          -1349.0116213702363      
9           -251.4421693899825       
8           -429.91814210208076      
8           -1014.4699305169702      
11          -253.67900210441096      
11          -843.42462725628252      
11          -1120.7013569928624      
3           -381.25873005561061      
10          -828.66242953563165      
5           -14.070028196554507      
8           -208.32097156728619      
7           -66.881304154889307      
9           -1257.0694278047883      
10          -893.84861134254447      
10          -886.39757893862259      
8           -873.18769824157062      
11          -1394.0684891302024      
9           -339.31316352055558      
5           -372.85938194873381      
5           -1032.0617089624043      
13          -1693.3921412614327      
9           -453.92761865685418      
4           -984.71916538341145      
12          -2248.8713282329581      
16          -1813.8083674262198      
11          -770.3345961652052       
7           -106.22233524143098      
4           -54.153671350251962      
3           -5.0652101507596221      
8           -393.67379552169245      
