420 1 -3800 35 35 35
11          -386.7089018699395       
17          -1294.2733269034557      
11          -288.81438536448007      
5           -85.446889922563813      
5           -24.181589040149536      
4           -6.4023578916715955      
7           -92.079942072658326      
8           -75.416433050377279      
8           -198.34413391037671      
6           -61.974389564802074      
11          -454.47183449496015      
7           -248.19693318954424      
9           -423.52276529192415      
16          -993.75873853176688      
10          -256.67158897276659      
6           -14.213289454460199      
8           -101.57330150995558      
3           -162.37457986903746      
6           -38.938185867508956      
11          -401.85470467458669      
6           -237.39176041774434      
13          -565.78862080097247      
5           -108.00964457271068      
9           -118.91984614230724      
10          -497.97006091737052      
7           95.5414387961182         
4           -158.21108209139058      
4           -5.6700665175413114      
9           -294.27336502621688      
12          -1135.0851778124531      
4           -7.7499838066691602      
9           -123.29270143678852      
4           -55.193490897065097      
8           -159.82623073534074      
10          -341.60884893013451      
6           -172.30482547575332      
3           -1.764339832991862       
6           -25.068321600900809      
11          -422.23590193535404      
5           -8.968629874582513       
6           -12.238683778282965      
18          -1949.808109157696       
23          -1747.2140908119341      
12          -517.24320372212662      
6           -172.75658859207761      
4           -88.324229354906393      
7           -183.80524533775301      
14          -1504.8973494469967      
9           -44.016450463379527      
5           -87.931631366806542      
4           -13.126402565715047      
1           -0.19603775922131797     
6           -116.91490693680656      
8           -126.84739950980172      
7           -34.701573114037807      
4           -3.1366041475410875      
11          -211.33779172898446      
10          -560.6913574534708       
13          -265.42326799575596      
7           -127.41065191143528      
10          -256.95711226307651      
6           -103.86336601209474      
8           -384.97908434149912      
1           -0.19603775922131797     
7           -236.16865055582343      
4           -55.292233549391817      
13          -966.43355833600799      
8           -343.35239143179734      
8           -478.93426393382066      
10          -384.26345838460423      
11          -461.06544499697844      
3           -172.86938539991536      
6           -9.7663870908081325      
13          -556.21769220479428      
5           -58.098007856869948      
9           -272.3806610371733       
9           -427.87716265188743      
3           -107.58228117897565      
6           -51.590709842916951      
6           -88.481541274101303      
4           -12.012459083977546      
11          -308.41910923649851      
10          -653.63879878997534      
8           -107.18526588719793      
8           -177.19869241093716      
7           -298.73743278222122      
10          -123.23023479747319      
10          -288.829971322159        
11          -791.30211282275047      
4           -3.1366041475410875      
6           -74.399762375040055      
9           -50.386302661376149      
11          -528.58167319950496      
1           -0.19603775922131797     
8           -240.21219006311114      
3           -2.930984952811448       
9           -297.01451713390702      
9           -463.1822100238071       
9           -98.859860969339053      
12          -303.49069141386065      
6           -17.34625277592259       
