420 1 -3800 35 35 35
4           -8.7380382210161294      
6           -75.365122334561107      
8           -528.18899410863855      
9           -583.96437557422996      
13          -1353.4909943974405      
11          -585.03932930176893      
8           -431.14654611246846      
8           -498.83548216937334      
5           -108.05528672940601      
9           -315.57114986278714      
6           -170.80290077033919      
8           -80.703365020354653      
14          -1015.6981055591118      
5           -33.403158714446221      
15          -1963.7756134902745      
6           -28.229031796683014      
5           -528.01957016932181      
5           -141.10298872405286      
9           -678.58738464903956      
6           -121.53041998891051      
16          -2488.0579981924998      
3           -4.9151464993215725      
3           -687.8671754707874       
9           -1310.3270784730448      
7           -135.7346301735997       
8           -54.395164245160963      
1           -0.54612738881350809     
1           -0.54612738881350809     
8           -538.27324171837279      
8           -786.5292279952431       
7           -100.63294456244013      
6           -621.30332508553886      
3           -4.9151464993215725      
8           -320.49824259958768      
7           -125.82715265726313      
5           -760.9810851010127       
5           -47.684332892631566      
14          -2330.7817797990024      
18          -3963.4974863463017      
7           -445.08412995377466      
15          -1476.7284490508896      
10          -327.60415067531358      
7           -121.23619855096698      
5           -87.716247177446618      
11          -1557.3734246414642      
19          -1747.710867464941       
14          -1077.6349588311195      
3           -61.229573496280139      
4           -177.15451565911653      
9           -142.67900822588166      
11          -840.87415746927127      
12          -578.68333263357363      
11          -1196.9162457122732      
8           -357.34724316642951      
6           -130.10835268555687      
4           -10.922025094957039      
4           -212.17238688639694      
6           -390.08354563348803      
7           -654.31784408928115      
6           -27.989396399176677      
5           -81.584361393732749      
10          -1819.3373577523882      
12          -1021.0658806216902      
9           -345.91312139084891      
5           -156.65993910735745      
4           -220.68766158092097      
15          -2030.7065010899823      
3           -9.4597650394349468      
11          -2310.1194290060162      
2           -2.1845095552540323      
5           -33.011532475683993      
8           -1310.3093208821049      
9           -822.01988232810538      
3           -4.9151464993215725      
13          -1110.872939399253       
13          -1614.9241020730651      
7           -281.83444776672553      
11          -484.10318161364648      
5           -167.59323221795188      
5           -35.840891934346764      
4           -132.09481169249506      
1           -0.54612738881350809     
7           -732.53887177806837      
7           -184.94063509814592      
8           -356.73744943352472      
6           -1018.2570037482566      
6           -282.46697273854761      
10          -195.03415312875867      
2           -7.4509459466512595      
7           -39.813738377797108      
10          -644.71655689286615      
4           -406.83208305008105      
11          -526.0206422368783       
5           -92.099078986421546      
7           -205.27233400392743      
5           -13.6531847203377        
12          -1230.1962863322037      
11          -1294.8796559994919      
16          -2237.0662869822631      
13          -1828.1433191467299      
12          -780.19184835972453      
