420 1 -3800 35 35 35
13          -2585.9932289201533      
9           -1543.9558407172785      
4           -39.505894890455856      
7           -914.33788964914129      
9           -317.27704061786426      
6           -74.551838988110674      
10          -3729.6196333465978      
7           -84.406258693321092      
6           -533.6254267751051       
3           -69.780572406247899      
16          -8228.6055521265662      
11          -5552.3261123992779      
4           -437.97356361486686      
14          -5057.6976007621579      
14          -3238.4826575499942      
3           -80.240397755923482      
3           -80.195715674145163      
5           -1384.4548865283828      
12          -2052.3768355994011      
5           -44.323877024733079      
14          -5624.3324537242006      
9           -727.22914372124114      
6           -1450.2344853774935      
5           -116.5751003251324       
7           -78.536803681640606      
13          -6092.472044713285       
4           -367.87216924163613      
7           -423.12516658219721      
7           -649.78457570039018      
9           -1024.2700067090882      
5           -1033.516604251188       
7           -121.06331346123636      
8           -1369.2796110181523      
9           -2320.6543592078588      
5           -380.6440107411147       
6           -643.82765202551184      
10          -941.35386764305599      
7           -480.50258410463897      
7           -1828.2256177079412      
6           -2123.9045729077229      
6           -366.34685318250035      
2           -675.98164395993319      
4           -171.13250085392113      
6           -1701.5078221565063      
5           -390.43715539525311      
11          -2489.090899757542       
12          -630.98957730934706      
11          -3798.4609350763581      
10          -1820.4995155134177      
8           -2511.3894612436688      
7           -785.86383562506626      
7           -1580.3762899869564      
9           -2768.9098766506454      
6           -275.25035490148002      
7           -426.69765505477244      
8           -1975.5456373481211      
5           -838.27719329557624      
9           -2460.964751918938       
9           392.76342469001298       
5           -608.36011124378263      
8           -1629.4941642932122      
8           -1661.2176760947973      
12          -2782.8177333263438      
5           -1017.4966416822748      
20          -10335.330906268107      
10          -4493.4220888484879      
7           -822.62246292421378      
5           -466.66713161336031      
15          -6051.5788548238825      
13          -4754.4973076296819      
4           -41.386435413785719      
7           -1814.6882497802173      
7           -864.7533017491877       
13          -2050.6843681939904      
2           -5.6886202856566097      
4           -880.01580005622543      
7           -1266.9210076654049      
12          -5518.1831940010206      
10          -1663.0531860960134      
17          -6250.2533376650481      
7           -274.91669097480013      
2           -5.6886202856566097      
4           -1799.0573527612501      
13          -4233.4698355980681      
8           -1636.876208337942       
9           -2513.8471114289569      
3           -12.799395642727369      
11          -3463.6626635159737      
7           -1371.8466327942228      
6           -389.14847314208669      
10          -2035.1113669393369      
14          -5065.9414969279878      
14          -6908.8976026155397      
13          -1763.9715994683643      
4           -923.85775469053146      
11          -1627.6468427100122      
5           -721.8777689719775       
9           -2283.5200624798581      
10          -1806.4130429657012      
6           -99.573847073612697      
14          -5852.4718960728642      
