420 1 -3800 35 35 35
18          -3442.1367159764636      
14          -1132.7408321578814      
9           -1878.3633289141462      
5           -18.820755015055532      
7           -141.22005567248152      
9           -799.51893949824887      
9           -413.55504878509686      
11          -1587.3012644336018      
10          -120.00428093787917      
4           -8.7380382210161294      
4           -72.634041735985278      
7           -632.53203492594378      
3           -4.9151464993215725      
9           -636.6324614044297       
3           -7.235305830449839       
13          -858.13819127125794      
14          -1609.5131663801733      
11          -716.01031287790511      
6           -62.255469060501916      
11          -312.65633921846495      
3           -4.9151464993215725      
10          -323.59006090973998      
11          -1512.1637020833587      
3           -4.9151464993215725      
5           -326.69447607236526      
5           -88.461276562278513      
9           -745.18807576012887      
3           -4.9151464993215725      
11          -2460.1246502487593      
8           -627.16243078648006      
10          -1078.7092829498622      
3           -18.427989258910799      
15          -3453.7627514515516      
6           -154.59353944775324      
15          -2541.0787682601804      
4           -270.00470340352712      
2           -58.68810519829038       
6           -448.03869673584984      
5           -59.864678169099513      
5           -298.20146063626316      
5           -37.972472060790864      
9           -206.53063985729608      
3           -4.9151464993215725      
12          -1421.9593544591999      
4           -18.548033758404003      
12          -845.38169585784988      
9           -810.84351126611762      
7           -184.76229024912604      
4           -10.996297466286562      
9           -816.51764690497942      
7           -1179.6383722570611      
10          -2194.4431696863248      
5           -260.34486936349276      
4           -464.11802842258732      
7           -78.541803190214367      
6           129.79366110050307       
11          -593.53486655891288      
5           -33.164404329086018      
22          -3804.2434948319024      
4           -9.6637758094244202      
3           -4.9151464993215725      
8           -901.11521469252182      
3           -4.9151464993215725      
3           -91.2201828145283        
7           -224.03579426076985      
14          -1798.9713061856348      
8           -355.97098454278358      
8           -378.86291509560743      
7           -287.49610863354877      
9           -1041.2475918965465      
15          -3136.8210597512225      
6           -34.48109653690382       
8           -316.86146585447534      
5           -55.864590680039562      
3           -31.804027276844177      
8           -358.76244544850363      
1           -0.54612738881350809     
0           0                        
8           -359.14231710507261      
6           -515.02857430748065      
5           -69.937317411023741      
8           -205.57386414677018      
11          -1841.3762727398741      
6           -23.826425842847335      
3           -6.9096182380790161      
6           -142.64313295640784      
7           -30.713609219277803      
6           -28.549108241349387      
7           -451.04210182143112      
4           -12.882243805890075      
10          -917.34741627786934      
11          -1091.7217023941614      
4           -54.428632833135339      
5           -437.67394468411896      
4           -146.00742173666524      
2           -2.1845095552540323      
3           -190.05142293335879      
12          -1203.6238892201559      
5           -449.40185478362497      
7           -117.24584142316979      
7           -361.06834977661043      
