420 1 -3800 35 35 35
3           -36.07532563690895       
9           -157.9193615263425       
13          -933.20613422672864      
13          -951.79232571542104      
9           -555.40469531715644      
12          -580.40660744371269      
9           -228.95255910187348      
10          -430.80169468105726      
5           -83.739618302450282      
7           -348.6626410693454       
20          -1215.9585610312436      
9           -472.13674458754241      
7           -324.84187357747982      
4           -212.85635443448197      
7           -209.55119584496558      
6           -20.155136085228023      
11          -445.87722314837163      
4           -14.350670934495417      
7           -56.358510379903784      
5           -52.796572628114127      
8           -256.33195847599154      
12          -900.94738294559863      
6           92.922743868556594       
12          -410.62361356362709      
8           -267.65017473214584      
5           -4.9009439805329498      
8           -332.53913092746353      
8           -83.061634189049499      
6           -416.88885580839718      
8           -170.11814118225428      
2           -0.78415103688527188     
6           -55.226910412729417      
11          -250.33728210163261      
1           -0.19603775922131797     
5           -16.196146298662061      
8           -137.24269577917104      
5           -114.4882500179116       
7           -127.94114414080747      
12          -633.44384900123737      
10          -605.02582779503723      
8           -304.78118935761802      
4           -4.5321330736240757      
6           -305.63153492141612      
11          -497.34350395097323      
9           -571.87038490624286      
6           -44.771366030735798      
6           -60.763286784039927      
7           -133.71368965039207      
8           -398.40572126383785      
8           -141.74380459643501      
4           -200.199526142606        
5           -17.398475086282488      
9           -265.58814019975119      
11          -455.04657086031852      
9           -245.33974687290797      
3           -13.481508541897144      
8           -450.50485634452758      
6           -265.48717719618725      
3           -1.764339832991862       
11          -357.87961225493615      
4           -29.249721643215143      
6           -23.366174974148844      
4           -96.394154380163812      
8           -189.53106912171063      
12          -705.4619120117444       
4           -18.412968547505283      
10          -507.80993467634244      
8           -496.35459778584664      
4           -3.1366041475410875      
10          -84.871529456704963      
6           -145.02042397068914      
3           -1.764339832991862       
9           -125.26966067194459      
5           -37.63863032440694       
4           -37.148789595600583      
14          -816.35795679616376      
10          -482.94926523961476      
13          -502.57799169219919      
11          -965.18777023167422      
8           -125.11443548272531      
16          -488.14935204110623      
10          -757.34099755159195      
6           -92.459212838486749      
5           -16.719308597766013      
19          -685.29950078049433      
10          -747.32527289889663      
5           -73.956504708956913      
15          -896.25247420725441      
9           -502.52644565944513      
3           -7.7071574617858625      
5           -32.150412701589318      
3           -1.764339832991862       
16          -1191.7497349423243      
14          -374.97255910877902      
2           -8.5915882932598322      
19          -2138.2289274357404      
11          -278.54545031279508      
18          -863.96010397261171      
9           -131.42897039106768      
6           -34.404438239463531      
1           -0.19603775922131797     
