420 1 -3800 35 35 35
14          -1154.1997866896154      
7           863.72286822693411       
8           -114.6819707216997       
8           -88.413098731870235      
1           -0.19603775922131797     
6           -45.454558953604121      
11          -833.2749098532563       
6           -387.00463783590777      
6           -67.667488374825922      
15          -569.66860034199999      
17          -848.37433437740322      
4           -3.1366041475410875      
10          -832.37393140896631      
24          -1756.1077726025574      
9           -160.41932722559437      
6           -950.01521722249788      
7           -202.66292226677018      
4           -20.890589063844807      
3           -1.764339832991862       
5           -227.4393641635202       
8           -108.85536470557236      
6           -215.44440878677543      
11          -1099.184438765039       
6           -211.46707770740241      
10          -388.34936364245078      
4           -3.1366041475410875      
9           -357.26257014781879      
7           -105.86848660724223      
7           -137.88033263191991      
6           -17.200604499050939      
6           -105.47480991260029      
3           -1.764339832991862       
12          -407.93343287932822      
8           -326.36595895372614      
5           -19.969436686072225      
12          -489.22785545401706      
5           -8.9043980407731809      
4           -476.0760122529893       
3           -1.764339832991862       
8           -310.85627056978103      
7           -55.007122888759071      
3           -1.764339832991862       
10          -230.37671672930995      
10          -294.24837889295429      
10          -59.904376530918697      
7           -168.00851952806352      
7           -287.40801432037722      
6           -65.431345321137599      
4           -3.1366041475410875      
3           -1.764339832991862       
8           -173.32917644727783      
11          -576.79665125183283      
10          336.4734927604573        
6           -88.642317609246575      
6           -98.71365276045259       
13          -1241.0217080306984      
13          -429.49351142593326      
6           -138.58217774445461      
10          -312.01387737522799      
6           -35.299788374342448      
1           -0.19603775922131797     
6           -212.9519463343625       
7           -151.89165360640246      
7           -433.88835192147189      
5           -15.934272650707459      
6           -211.80083708873761      
12          -307.71857615875808      
8           -206.49928059807701      
6           -159.90777349628848      
11          -647.07092611884912      
10          -316.80332957770548      
10          -538.13688595320446      
6           -25.146965527253748      
5           -9.0104996264111605      
8           -287.28134849320384      
2           -0.78415103688527188     
11          -434.35566037063768      
11          -308.24287176507539      
2           -0.78415103688527188     
8           -271.47104513981509      
2           -0.78415103688527188     
8           -157.12731566969879      
4           -3.1366041475410875      
5           -6.47331947504955        
10          -394.63645709763102      
17          -1135.8867692790027      
4           -3.1366041475410875      
10          -421.51899629679889      
8           -76.124967587564171      
3           -1.764339832991862       
11          -1065.6157265735042      
13          -862.20414707507655      
8           -29.476085134594463      
7           -132.55464503319592      
9           -399.26156359502482      
16          -1295.5851025171135      
21          -1426.2441080373383      
4           -4.1839963737518433      
20          -2028.943744843559       
15          -1691.7809704966758      
3           -1.764339832991862       
