420 1 -3800 35 35 35
13          -5550.3797443626017      
10          -791.95529444187025      
3           -565.06308975736874      
5           -386.38796618206538      
8           -697.29497278962106      
7           -1258.4534778270697      
5           48.482992084060974       
15          -4139.7743831035514      
12          -2400.475622363846       
13          -2845.4050055819648      
11          -3223.2988787627642      
7           -166.00340058402614      
5           -604.88328774163654      
3           -79.512989089202932      
6           -556.363424666789        
7           -1256.8196082896616      
12          -1876.2294161721256      
6           -912.61702434548522      
12          -3924.0362544810914      
17          -6602.6329220580683      
7           -1834.230819256311       
11          -407.41345541999658      
9           -1237.8640504086281      
8           -3274.5491636159545      
6           -1272.6383509618129      
4           -25.879177385563253      
13          -4155.7231258114771      
7           -3954.0192706173211      
7           -1003.9499483396273      
10          -3568.5180178524656      
3           -291.40570989020642      
5           -34.950361492633441      
3           -62.165881476576189      
5           -40.675733277418175      
8           -753.27596707555608      
7           -1990.8948459266824      
14          -6371.7912450378144      
13          -5721.3326792885118      
6           -1311.1160801776909      
4           -22.368231355285399      
6           -549.57998873635518      
13          -4064.0924822937404      
7           -521.13722674379892      
9           -1194.3613432956458      
11          -2625.1941028378578      
9           -1705.6625221289341      
12          -2904.6014069428547      
6           -935.34008625806518      
7           -3132.3931455154234      
9           -2762.9750730031096      
9           -1280.9359251923092      
6           -74.372492964833981      
6           -912.48952532992746      
3           -19.790330133902682      
11          -4863.2651650204789      
6           -2056.5025352744046      
10          -1632.6259547736402      
6           -418.78034204399353      
6           -57.353430047667565      
9           -2998.6216534601344      
7           -964.05708244037669      
4           -35.380864769436585      
6           -142.81594914478333      
3           -13.655829517761747      
3           -12.582130137348038      
11          -2634.9797997635319      
8           -4133.9198936124403      
14          -1015.7667072824962      
4           -45.019425809442382      
4           -26.904368025935586      
7           -2406.951860102924       
15          -2636.493047722769       
8           -1836.2008463675147      
7           -1559.5863204268203      
13          -2064.9336361532246      
4           -1219.6012179011723      
5           -772.23210942974754      
16          -5715.3471828617112      
7           -260.4722297007994       
11          -4804.157921349808       
11          -2539.579472858688       
14          -4853.5381660663952      
6           -55.94945307304318       
12          -1960.9869012546774      
3           -1350.2860253829322      
8           -444.08350366747942      
10          -2372.8942293619812      
9           -3304.342303382296       
8           -2628.1988234419491      
12          -2500.046798901486       
6           -101.56798892742549      
6           -518.76031323932898      
5           -34.950361492633441      
4           -1012.078021452939       
4           -22.368231355285399      
11          -3026.5335505298553      
11          -3045.6448776504312      
5           -230.92724355524885      
10          -3048.2900020054772      
9           -1297.1671440566286      
5           -290.1195484120243       
