420 1 -3800 35 35 35
9           -1053.036984631422       
10          -766.33005806929509      
12          -2000.4616222939719      
11          -1048.9451094805372      
5           -579.09826888208374      
12          -1482.4087141268617      
8           -987.90163981094145      
10          -127.35937411620172      
8           -475.8644349200282       
9           -1104.9485892505049      
8           -566.81811135826842      
10          -1969.9923089421204      
14          -2419.2311637036901      
6           -20.260840603038488      
13          -1189.5331212446517      
7           -126.21936984589209      
3           -56.474888870200957      
8           -202.57116423970174      
9           -275.41349589209597      
10          -862.29209953245208      
12          -1108.7640962898374      
7           -380.31034034447305      
4           -56.878687921005685      
9           -400.10054717133676      
5           -15.720234799181057      
9           -1229.0191554845214      
4           -458.40508448548087      
4           -354.88080023516335      
9           -690.54247321313574      
6           -250.1771379613304       
9           -520.80593353040331      
8           -317.99726506416255      
6           -317.85923088863774      
4           -64.380442937672782      
2           -2.2512045114487211      
6           -21.106423838271166      
8           -310.27998688069965      
8           -847.8796361637518       
14          -1812.4443880074402      
12          -1131.7172360685779      
8           -929.0717950402809       
14          -1394.2558540566095      
12          -1178.8044949946541      
9           -1135.7994965027733      
6           -193.57028297776571      
12          -822.10819713539081      
15          -812.36525831824747      
9           -950.55919475902715      
5           -196.52476080787585      
8           -598.90016689764707      
10          -669.24211918450931      
4           -9.0048180457948845      
5           -32.301414370164693      
2           -2.2512045114487211      
5           -14.070028196554507      
6           -216.37252958760547      
8           -284.19859409611922      
6           -126.13113305728645      
6           -523.01412479533735      
6           -330.15489154007304      
4           -9.0048180457948845      
10          -556.18749298830164      
3           -394.87231175143779      
5           -41.318616801638498      
5           -60.026637212021498      
1           -0.56280112786218028     
4           -12.447557941061017      
8           -772.38777088392999      
3           -5.8063163997697211      
9           -809.62303049726074      
10          -676.6592696772716       
12          -623.61331165138131      
6           -728.77378179314064      
8           -815.87382666632334      
10          -1277.4546324454204      
6           -402.72918815535019      
11          -1473.3856640103529      
5           -354.87408363470701      
13          -157.3157058404156       
13          -1663.8151097903274      
5           -41.309946113535275      
2           -460.82947865220643      
10          -1491.5673125277126      
5           -49.442050661675538      
13          -928.99728008329134      
8           -496.21882387421283      
6           -132.51650557402445      
3           -71.43197154067289       
7           -1588.4372672678642      
8           -933.71026333166969      
14          -912.91433566607316      
3           -38.502621074610957      
5           -84.513082945550707      
7           -1008.6027453336239      
13          -2181.873318286986       
8           -705.65993787982438      
9           -560.74559734370632      
5           -91.650296141836819      
9           -1211.6017740162529      
14          -855.80976168314339      
5           -266.31507589008186      
