420 1 -3800 35 35 35
6           -330.06973087367231      
5           -313.3188066669918       
3           -5.0652101507596221      
2           -2.2512045114487211      
11          -625.82202659426241      
6           -61.85855626662201       
4           -28.612023593208821      
12          -1295.1531832749906      
17          -2762.0484482151101      
5           -108.81703794042156      
6           -342.70660400234755      
2           -2.2512045114487211      
4           -11.112863368321293      
6           -213.96987286964503      
5           -153.88578569731212      
10          -1139.6725448100372      
8           -469.88626402939678      
7           -378.84974094722361      
11          -1498.4410026243679      
4           -347.65959568738191      
6           -367.82062869488135      
9           -746.20784224816668      
13          -2969.5503242891123      
7           -419.39817467070083      
6           -177.69902041164102      
10          -829.4313104333155       
16          -2419.2838937754186      
4           -9.0048180457948845      
14          -1578.7176935954967      
10          -817.38487972409814      
10          -965.45789068455974      
2           -2.2512045114487211      
4           -38.885570326727077      
10          -154.10069835385821      
4           -9.0048180457948845      
7           -204.14968430948113      
10          -538.88799099836967      
4           -204.74462742541439      
7           -1053.4887626779857      
8           -272.3988199999489       
6           -170.80432400791352      
4           -17.115416095416421      
8           -460.2381527072024       
7           -299.27626740577961      
9           -593.33222144151932      
9           -577.53834669034256      
4           -198.74041670941006      
8           -263.92634760387313      
7           -612.1444735994171       
7           -216.97048211713857      
5           -275.01778642320346      
8           -516.00107769191368      
11          -1183.3155652335479      
3           -5.0652101507596221      
8           -816.32091410715157      
5           -160.54406028289509      
13          -740.91312120627413      
10          -1039.1675258391735      
6           -432.25339341690523      
6           -494.92259536319335      
2           -2.2512045114487211      
7           -425.37076578620542      
7           -196.03814430638482      
7           -224.09045925983253      
13          -1158.1442738496723      
5           -14.070028196554507      
8           -332.98637198590723      
11          -813.35332677173915      
7           -153.51958278143806      
13          -959.90322106694362      
9           -621.79259859399212      
8           -889.94743995431668      
5           -406.20148365791431      
5           -527.61623446082558      
4           -30.874650483147917      
1           -0.56280112786218028     
5           -339.20837783090315      
9           -1248.4922804016992      
4           -13.894966963000979      
0           0                        
10          -430.80661931890478      
4           -158.47302072144294      
8           -229.46271461283371      
10          -579.9067504425974       
8           -456.00103617045534      
9           -1538.8448896852005      
6           -243.58895823989457      
10          -1656.894665164077       
12          -775.63504888489229      
3           -5.0652101507596221      
11          -228.89365698152284      
7           -498.38280980937503      
3           -5.0652101507596221      
1           -0.56280112786218028     
6           -124.13888356330123      
5           -17.064790705002697      
2           -2.2512045114487211      
11          -533.32345068669201      
10          -100.19662184551633      
6           -470.85541917109509      
7           -578.01197122781673      
