420 1 -3800 35 35 35
4           -24.364015239610008      
6           -128.31016898578977      
8           -719.17769087982163      
6           -628.53588488910532      
4           -893.27396085077885      
2           -5.5920578388213498      
11          -4342.7491006325536      
17          -6292.725719579179       
8           -579.19078446120716      
5           -73.037741156691681      
8           -1062.5244945003665      
8           -1455.9908752517706      
7           -56.862519042917327      
2           -705.01061630799109      
6           -436.63393669032871      
11          -1828.0798130456317      
7           -1462.0954814264117      
3           -12.582130137348038      
4           -110.26684931972287      
6           -407.15781771332433      
5           -999.87929352214042      
10          -1508.7880811542182      
6           -375.49602171410788      
5           -41.016907951401976      
6           -629.2038902819113       
9           -1668.2582365961134      
3           -34.351022662034481      
8           -2386.108539304043       
7           -445.86490157817229      
8           -1023.2663201640244      
10          -1108.05073292834        
25          -14014.807747203524      
5           -595.88839626134734      
7           -308.23434502463522      
10          -3482.6318357090586      
3           -12.582130137348038      
10          -1784.8559045728334      
5           -648.98170906533051      
7           -2042.5675314203513      
7           -111.49218099663086      
10          -3820.2703321913582      
8           -469.37183318549813      
12          -5616.8247978245226      
5           -698.14700430160553      
6           -1933.0353417046922      
9           -2423.3703827051836      
9           -2299.0428113204557      
11          -3214.929403844108       
8           -2275.0369016885952      
7           -1075.327428081039       
13          -2695.4833402868708      
13          -2759.1797317351843      
5           -36.425859395491585      
5           -891.49055070050076      
5           -1283.2706657565873      
5           -78.077026193070225      
7           -1665.1360334314559      
4           -190.92129863797345      
5           -649.50616105937524      
14          -5195.1314983085495      
10          -1792.4199284097188      
5           -908.86729058260823      
4           -1432.9632277302167      
5           -219.43244227874922      
7           -248.60231989184166      
7           -794.66787926008647      
3           -12.582130137348038      
7           -800.72016391270427      
5           -336.51266366411835      
6           -141.78393390231992      
18          -5341.7494861728646      
4           -22.368231355285399      
8           -2554.0684561561602      
16          -5210.0390094030163      
14          -4792.2988987138287      
7           -1574.9059670767861      
9           -1477.7117980918931      
6           -647.06004754897742      
8           -1494.4248211484128      
6           -852.64344211476589      
4           -534.81320588551296      
8           -2743.4337214246561      
8           -747.40236655697333      
8           -1846.9985029660179      
3           -180.8458672964581       
3           -175.39830211649314      
9           -1854.3417477764115      
14          -4454.9030302714036      
8           -491.32241158789094      
11          -2524.2959601833554      
4           -481.48384858020398      
16          -5865.3542710719867      
8           -1308.9101387075464      
10          -1162.6991061081849      
12          -2760.0540662367212      
8           -672.42757910706689      
5           -47.495305933632061      
8           -3031.1522941986568      
10          -2191.6871266999187      
4           -39.947153755138729      
10          -2254.9809744368918      
