420 1 -3800 35 35 35
18          -3450.7213356017478      
14          -1138.8281022903975      
9           -1901.8551834066677      
5           -19.395200812857606      
7           -145.50428174394278      
9           -797.36529294179411      
9           -418.40931499650964      
11          -1628.2049710740387      
10          -123.66068219178621      
4           -9.0048180457948845      
4           -74.811794245395561      
7           -644.17419185782148      
3           -5.0652101507596221      
9           -650.44032930689434      
3           -7.4561942102566867      
13          -824.4935847783081       
14          -1638.1027209571723      
11          -703.23074628819893      
6           -64.154923958006307      
11          -322.02239619694785      
3           -5.0652101507596221      
10          -332.82614218665384      
11          -1538.7720197398414      
3           -5.0652101507596221      
5           -335.4440968458739       
5           -35.942494891307319      
9           -757.82781471773399      
3           -5.0652101507596221      
11          -2517.7883587694546      
8           -641.61083004069849      
10          -1101.9556782009952      
3           -18.990231920809101      
15          -3512.5899074096783      
6           -159.07173857138827      
15          -2570.698813307687       
4           -274.95791409554221      
2           -60.473648025537152      
6           -460.23115296488629      
5           -61.64935322019916       
5           -306.77642445226866      
5           -39.130981401839492      
9           -212.62521728432102      
3           -5.0652101507596221      
12          -1435.5840033082807      
4           -19.113959913511984      
12          -869.7480302596307       
9           -826.98026461259883      
7           -190.03216818278094      
4           -11.33200003235212       
9           -840.42568894450994      
7           -1202.7863806995135      
10          -2225.8169157410221      
5           -267.68286487352412      
4           -419.96966304588739      
7           -80.937223858873011      
6           188.05547535895494       
11          -537.21919466023837      
5           -34.175807901534228      
22          -3896.7653066263724      
4           -9.9588125089083785      
3           -5.0652101507596221      
8           -901.04995177097521      
3           -5.0652101507596221      
3           -93.944026342465918      
7           -230.67522345206973      
14          -1846.423843156115       
8           -348.72485729972198      
8           -387.90163524802438      
7           -295.15247776940731      
9           -1059.0277029990616      
15          -3171.6260963671607      
6           -35.533508437806489      
8           -325.96852725471956      
5           -57.550395549334311      
3           -32.771537278685244      
8           -369.25259431200607      
1           -0.56280112786218028     
0           0                        
8           -337.82374897306863      
6           -496.55219513884964      
5           -72.053166862106721      
8           -211.74195052372139      
11          -1864.811797698417       
6           -24.553822060149379      
3           -7.1205581226225592      
6           -146.94013668789438      
7           -31.651283324392978      
6           -29.420654295254636      
7           -462.63378379770614      
4           -13.275474228226681      
10          -942.3724093892331       
11          -1105.5662358421012      
4           -56.082100442032029      
5           -450.25294774727399      
4           -150.31407471833705      
2           -2.2512045114487211      
3           -195.57380415300838      
12          -1199.8923945155911      
5           -462.41842346014664      
7           -120.77106091716749      
7           -371.13885434356081      
