420 1 -3800 35 35 35
13          -1204.3880722066044      
12          -898.04823670142844      
6           -135.69335506570349      
13          -624.77327739106624      
15          -1027.9216824188652      
7           -84.205922093104633      
4           -3.2377741778881557      
5           -11.121865963317919      
7           -284.05752552781797      
7           -85.434300636113292      
6           -18.94850473840512       
14          -641.85309112172592      
4           -6.12341999055608        
4           -45.41725696368237       
11          -411.56491295777357      
10          -833.01692505877895      
12          -626.81632263574159      
10          511.46484623961652       
6           -10.414608000492382      
4           -124.65072220832948      
3           -1.8212479750620876      
12          -467.56410162882435      
10          -805.73930222754689      
9           -387.01331375601916      
5           -229.71518025202266      
6           -23.147412134961492      
4           -137.54155374038012      
5           -15.06956787730563       
13          -446.08372211303725      
4           -135.58641449388199      
6           -71.31070444446928       
10          -138.90536742187976      
4           -3.2377741778881557      
5           -101.68488185942995      
6           -24.920246299647424      
6           -26.990552298651199      
19          -1748.1822962990375      
12          -479.56137057658577      
5           -23.329239826956929      
4           -95.54885410213474       
11          -478.90336262561902      
13          -5.2331017896066001      
6           -210.10949810556772      
11          -411.8346008843979       
6           -272.18291347205826      
5           -203.78348590854941      
2           -34.993821150287232      
6           -333.08865998332891      
7           -80.007272843610281      
6           -70.481165498390453      
8           -323.55992913785826      
11          -530.98523926323082      
1           -0.20236088611800973     
6           -34.044115915633348      
14          -678.82483603663206      
8           -368.37733271939226      
9           -385.46179814060315      
1           -0.20236088611800973     
10          -159.91383765072428      
4           -124.30281796556659      
7           -259.15530697008069      
7           -101.60343188250968      
12          -616.22890908407692      
6           -205.46199898741978      
6           -14.633130198278019      
14          -1119.8979892151151      
8           -116.47137410403056      
1           -0.20236088611800973     
8           -63.115083410076963      
4           -77.086191397665075      
9           -137.4057243270916       
8           -33.025691397266158      
9           276.24423659534574       
7           -174.41930866821232      
15          -970.70022614994537      
7           -198.12870240496036      
5           -281.14953199104787      
5           -17.974562581126747      
10          -96.050977369664622      
5           -112.71613944339241      
9           -337.19257574167557      
11          -562.61926575864732      
15          -1117.5320088597273      
6           -136.49460416657161      
8           -376.84667685957157      
10          -256.32837455027186      
8           -148.06108678402222      
8           -98.67772969076276       
16          -889.57546144529988      
2           -9.924329198021816       
8           -121.8350200338208       
7           -328.67056480727109      
8           -394.65336415825141      
3           -184.2259628422043       
7           -111.76029048382061      
20          -1685.6074864837803      
22          -2242.0878695681704      
20          -1601.9700674026469      
12          -308.81808247782658      
7           -49.79404219365567       
10          -665.69621762222425      
