420 1 -3800 35 35 35
5           -29.010819091871223      
6           -29.484857094732984      
8           -427.46312848565282      
10          -593.80642237558425      
6           -76.053615054575246      
7           -44.468413476312932      
5           -48.547008247133256      
9           -565.59025141579127      
10          -363.46005535519754      
3           -145.23952920634557      
5           -22.041866081464931      
5           -13.6531847203377        
14          -1317.2116548974577      
14          -1565.2748227309485      
6           -206.57597637229875      
14          -2254.201297888962       
10          -706.20559987634635      
9           -991.04669209043061      
8           -1128.8315735454541      
7           -436.55310151637923      
10          -1128.7135373173894      
2           -2.1845095552540323      
10          -778.92586173752636      
13          -1640.9006540368337      
6           -611.24577308082121      
3           -4.9151464993215725      
5           -13.6531847203377        
6           -427.82909758413302      
9           -229.90778137105457      
2           -2.1845095552540323      
18          -3852.8723980496275      
9           -671.84520967175195      
12          -1342.5696342869173      
8           -583.0397332627507       
9           -131.4835626543007       
12          -1500.2580936691284      
12          -1687.5437683727569      
5           -123.16701410628453      
2           -2.1845095552540323      
4           -26.465727672465015      
6           -38.837537856695974      
8           -427.94417035376119      
5           -13.6531847203377        
5           -85.923717922651178      
5           -204.65775635519057      
13          -1069.6781756488961      
14          -1265.2499374313111      
6           -344.36648397262218      
6           -807.19924097032492      
9           -703.01380793447026      
4           -44.655038344805348      
3           -4.9151464993215725      
11          -552.40722463682789      
8           -772.82894671759766      
10          -670.85763102681778      
9           -603.65433249251373      
15          -2280.4008744522807      
17          -1437.93902495783        
10          -403.89016108265537      
9           -881.87830173103885      
18          -1323.0351159402503      
12          -833.6593537892719       
15          -1260.7675577846164      
13          -527.52796183814087      
7           -486.60372713762541      
5           -103.2161607491747       
4           -8.7380382210161294      
5           -13.6531847203377        
8           -265.34991890397674      
6           -611.50229265714518      
4           -115.88897680624855      
9           -1090.8343056987596      
16          -2342.6449052399053      
18          -2596.0298768130865      
14          -2353.746456300717       
15          -1555.4899120072128      
6           -605.23140894205335      
8           -484.26498019182145      
5           -162.22981809274484      
10          -893.76483912705316      
7           -330.05990441801657      
9           -552.72706618496261      
3           -4.9151464993215725      
10          -508.85315557784355      
3           -4.9151464993215725      
11          -922.38183885309388      
6           -45.068673746479789      
5           -15.770939756156523      
7           -291.82906163690905      
8           -748.44195295819225      
9           -322.79297699802288      
1           -0.54612738881350809     
3           -4.9151464993215725      
9           -780.34065081599022      
6           -1276.6070923008831      
6           -352.54508953418826      
7           -647.42182211540376      
8           -1314.4582669036615      
4           -8.7380382210161294      
8           -325.74076352914437      
2           -2.1845095552540323      
