420 1 -3800 35 35 35
5           -17.997598533027748      
13          -1394.4676594703033      
9           -41.818880043565997      
6           -40.973953878262165      
10          -476.67534848480761      
12          -772.92449565210677      
7           -293.59303745252555      
10          -469.75925419418695      
4           -253.22558596086742      
5           -11.201598932891745      
10          -405.73482748666703      
7           -20.740572199328515      
8           -269.96065648193911      
8           -108.12950607109811      
10          -790.76502547455846      
8           -504.83847193231844      
2           -0.78415103688527188     
8           -493.81271688009309      
9           -158.73753076532842      
9           -497.28615184378339      
3           -3.9150858848006109      
6           -186.21508831401064      
10          -191.57258086993235      
8           -229.49705227866241      
11          -405.30050306011594      
14          -822.81765531466249      
10          -321.36925760604083      
10          -126.78860324366744      
11          -324.81079271793607      
8           -178.94604218782294      
14          -561.95206614320171      
9           -167.12110243532737      
7           -260.27810790049517      
2           -50.268299671751684      
9           -426.50367853816124      
7           -411.54183802601256      
11          -601.49962015660503      
6           -142.15788589726776      
5           -147.62912339735414      
6           -35.748879493497682      
5           -271.97104988276465      
14          -253.95986255296353      
7           306.35790893248947       
11          -266.36232533698438      
5           -117.68366354460591      
10          -585.56416595528378      
17          -1138.6608574155132      
10          -707.93547740290296      
6           -115.78797839540333      
11          -191.50412943071606      
10          -566.04568224494096      
3           -60.211992056225448      
14          -746.55396655055233      
7           -67.173657407353545      
5           -6.4339786946697615      
14          -705.30107406570073      
5           -4.9009439805329498      
8           -187.77525737909946      
6           -25.207735381673732      
10          -454.54547917881183      
7           -299.98263468347926      
7           -221.31621903136195      
10          -530.96806455958188      
6           -9.5493961882143594      
9           -214.54405984676566      
8           -251.43742728964162      
4           -92.094480443750996      
6           -349.63232964823464      
6           -13.978530593325733      
8           -163.83935095746816      
5           -209.27854988009776      
9           -238.7934202273965       
4           -144.55462430017209      
11          -361.35507398581598      
3           -313.03930930778597      
6           -92.148493700752354      
7           -433.27221580264421      
9           -151.27508979096538      
3           -106.56177409252581      
8           -356.51023250476743      
2           -0.78415103688527188     
9           -177.19141283949668      
8           -342.15871396712987      
6           -30.649691977366505      
7           -31.917748616385644      
8           -26.926368792769679      
9           -328.62782273332488      
5           -92.719925659242449      
4           -26.379892670921098      
9           -364.80633162254043      
11          -413.74614888802046      
6           -51.068916474924563      
5           -117.6105302821047       
2           -0.78415103688527188     
8           -205.30734711791047      
2           -12.420204496361819      
5           -268.09396294008855      
6           -117.49379006387797      
6           -16.021733067274319      
10          -207.11452002041116      
12          -434.60941721312355      
