420 1 -3800 35 35 35
6           -465.8861735455996       
6           -559.60569631813053      
6           -562.00579843833782      
14          -2959.6060289565817      
19          -8287.8036068139045      
12          -4942.7936866717237      
4           -194.09159463176394      
9           -1569.0730496628667      
12          -1481.2895696407222      
6           -1238.0414561289267      
5           -846.95460498228522      
12          -3197.5871507610273      
6           -1743.490932705856       
7           -198.81816873323828      
14          -5744.9714652917519      
11          -2017.325773255543       
7           -605.2824993542672       
8           -976.09424602361196      
5           -574.62611276701978      
7           -1090.8414135843109      
5           -307.59690854418795      
6           -107.98498746711012      
1           -1.3980144597053374      
5           -108.25316039516403      
5           -40.939301726576716      
8           -2552.104901473077       
8           -247.71215072987525      
7           -895.90689387523821      
7           -507.68508272197289      
4           -28.741814672429584      
9           -266.10337034919291      
8           -4430.6991566255192      
5           -1120.4244616250253      
4           -105.90341371631352      
5           -297.90363548634036      
6           -573.89775839584127      
8           -2255.4290183359985      
2           -5.5920578388213498      
12          -3988.8163490726884      
3           -12.582130137348038      
9           -1148.2093876294643      
7           -1858.6843912882705      
7           -150.5612234673593       
10          -3696.0058624349081      
9           -3287.7064588103162      
8           -464.76781013355884      
9           -962.22673170390703      
11          -6712.4500016525844      
10          -2791.5741053208076      
2           -5.5920578388213498      
0           0                        
11          -2764.5006321561173      
14          -5587.3964765562441      
8           -2155.7549363951903      
9           -1720.9140223257873      
16          -10015.32342082787       
12          -1106.5038104414011      
5           -835.86667830340912      
6           -1075.5149740827035      
4           -643.14997066222315      
10          -8215.7671538130653      
12          -5982.2898164901098      
7           -3833.5412072616837      
5           -418.03167589589577      
15          -6376.8594705142377      
11          -5363.3711939682098      
6           -282.01944277768649      
12          -2186.4003736757536      
5           -155.29068602210344      
4           -22.368231355285399      
8           -1989.6741520714236      
14          -3388.7969721326986      
7           -1782.5737361583367      
2           -5.5920578388213498      
11          -3877.5875377217517      
12          -4305.6356555271404      
6           -302.02314390946157      
14          -3472.2372681742813      
6           -518.30513339184586      
14          -7539.4405960775457      
12          -3531.0654908781958      
5           -46.414352366555164      
9           -3509.0950365427302      
14          -4069.8847717874878      
8           -979.78576829478288      
10          -3797.0416100660459      
5           -585.59351397459079      
3           -100.700258400812        
5           -590.18039266403196      
5           -210.53759566121528      
3           -12.582130137348038      
10          -964.70393056419948      
13          -4308.9333869833863      
6           -355.73436020575821      
12          -2155.6737973884087      
5           -155.16276242361096      
6           -1628.5123127104084      
6           -1647.1443007983207      
1           -1.3980144597053374      
14          -2175.8254308024138      
9           -836.39095321772584      
