420 1 -3800 35 35 35
2           -5.7663389823942781      
3           -51.064493259132547      
10          -2606.3005304898966      
20          -7732.0392247061063      
7           -364.20045003196287      
6           -654.4114713029918       
9           -2706.0888307060063      
8           -391.63866927874574      
7           -72.740709422965594      
8           -694.18119811433473      
10          -1612.7422927520142      
3           -21.763180708229978      
6           -150.83613377144178      
3           -615.50508536686311      
8           -1934.249565901217       
7           -936.33729888469406      
8           -966.2717112077861       
5           -36.039618639964239      
13          -3274.7643019871857      
10          -2236.2919285580756      
20          -6727.8472895003579      
15          -3958.4509697666745      
5           -54.108170100001885      
4           -24.975299645528288      
12          -1779.6359311933568      
5           -71.292966643669985      
7           -185.55351006601501      
9           -1091.0197556071118      
9           -236.42730568726768      
5           -64.190985229809328      
9           -3818.8101115895133      
14          -4519.4225275720692      
14          -4773.9231268950452      
11          -1791.3898008162951      
6           -1687.7840822487617      
5           -374.12847472326132      
11          -1746.1213967211763      
6           -989.63313064335443      
4           -23.065355929577112      
7           -523.9179756280846       
8           -2892.8982479454685      
3           -35.615933901474989      
6           -155.35343272192191      
4           -148.49053675007505      
11          -2218.5059631098616      
14          -2437.1682171392013      
6           -510.65797768931685      
4           -79.867805268737584      
10          -1844.0043754644053      
10          -711.00852995576292      
3           -474.05884960958116      
5           -509.94806854141996      
6           -2010.8735625168442      
1           -1.4415847455985695      
5           -2839.6530821874499      
1           -1.4415847455985695      
9           -1886.6071188049305      
2           -5.7663389823942781      
5           -239.43131096581249      
8           -2532.8011285237221      
6           -1034.0658608224383      
3           -12.974262710387126      
9           -1194.3542294614949      
6           -1027.6504879848283      
9           -723.62839385835002      
6           -953.36714011647166      
8           -1273.1895662316688      
8           -1190.3433580167384      
3           -14.324014804031991      
5           -106.01041205938665      
2           -5.7663389823942781      
14          -4494.2081331245035      
6           -814.02160724690577      
4           -216.94878214417199      
7           -1485.9395571254088      
6           -179.34617230386388      
7           -668.73044582227226      
9           -1411.502066936107       
10          -827.21019944054456      
8           -752.81368723785033      
6           -139.4293316625396       
7           -89.478413747274672      
9           -1519.1785241740008      
7           -1524.965293399739       
3           -64.088543093848671      
11          -2490.7483412484753      
10          -3990.4719010255553      
9           -935.01479239060882      
7           -2510.0670958592882      
11          -846.31545126489959      
10          -1382.0537947683124      
10          -2969.7030188579824      
7           -973.56302375693485      
16          -8250.4919399093742      
9           -1677.395631741877       
6           -728.39264932567346      
6           -1285.5666486106682      
9           -2736.6284713476739      
6           -576.02657484056567      
5           -766.10674306217823      
6           -399.98844041654428      
