420 1 -3800 35 35 35
5           -29.895931984801045      
6           -30.38496767448023       
8           -437.45121914155118      
10          -607.86968180850045      
6           -78.37256980836213       
7           -45.825663870995868      
5           57.171274630795835       
9           -581.93453852907396      
10          -373.72767101796495      
3           -149.42560868387505      
5           -22.714703395565358      
5           -14.070028196554507      
14          -1263.6572322604582      
14          -1604.9893373202665      
6           -212.7461315917401       
14          -2280.6012422988324      
10          -724.72058579672989      
9           -993.77570322610586      
8           -1122.575889016518       
7           -447.63968112237569      
10          -1078.5126939890708      
2           -2.2512045114487211      
10          -795.43678647131924      
13          -1679.5454223026629      
6           -581.83673086803003      
3           -5.0652101507596221      
5           -14.070028196554507      
6           -432.7802132477434       
9           -236.76983105559805      
2           -2.2512045114487211      
18          -3845.4716021941372      
9           -687.81608549016119      
12          -1378.3767555542684      
8           -594.46047657221652      
9           -135.47946660500372      
12          -1540.8673461391554      
12          -1703.5355446500976      
5           -126.86933771612804      
2           -2.2512045114487211      
4           -27.273193568293607      
6           -40.022866789173221      
8           -439.58582409585983      
5           -14.070028196554507      
5           -88.519945523926367      
5           -210.37808374153985      
13          -1076.3897334962501      
14          -1300.9424655846249      
6           -351.55723926297071      
6           -809.68370602360278      
9           -721.46275937320092      
4           -46.014886404352438      
3           -5.0652101507596221      
11          -568.54418615576242      
8           -782.68726572330218      
10          -673.27282673832281      
9           -619.07800384883944      
15          -2335.0654041988023      
17          -1431.1617796194848      
10          -416.02459815166458      
9           -897.791497433411        
18          -1327.6432442693895      
12          -856.85710343771689      
15          -1297.9214083930976      
13          -542.86596981741627      
7           -466.73639988686216      
5           -106.3602312247087       
4           -9.0048180457948845      
5           -14.070028196554507      
8           -273.15307591551607      
6           -626.55384411390639      
4           -119.37215457934732      
9           -1119.6122055291326      
16          -2397.3505265650001      
18          -2635.2093635598708      
14          -2409.2099666524191      
15          -1596.1936777482804      
6           -610.40418236701748      
8           -498.60164676323018      
5           -166.73327712407723      
10          -915.00927385873433      
7           -339.24341151786274      
9           -562.98440135559326      
3           -5.0652101507596221      
10          -524.04083994968607      
3           -5.0652101507596221      
11          -945.11522737948712      
6           -46.443203801718255      
5           -16.252419739368634      
7           -300.32698292940921      
8           -767.94340072607247      
9           -332.48611661107117      
1           -0.56280112786218028     
3           -5.0652101507596221      
9           -798.77044005624134      
6           -1302.9030564480529      
6           -361.78812006907071      
7           -665.75237391643941      
8           -1338.4582203277935      
4           -9.0048180457948845      
8           -329.95473060425047      
2           -2.2512045114487211      
