420 1 -3800 35 35 35
11          -1274.9361639795002      
8           -233.38490136145805      
8           -478.52923969178039      
8           -234.20574192256288      
6           -65.709052514558834      
12          -1471.1015312145551      
14          -1110.1958400336152      
9           -708.75024489456632      
11          -502.06576242049744      
6           -118.11285356095519      
7           -1544.2006780578711      
13          -1311.0982940740107      
12          -987.75807165451988      
5           -97.925523106648953      
10          -964.96739276713959      
10          -834.46359679807335      
9           -286.04551553609025      
10          -836.21956720992591      
4           -8.7380382210161294      
2           -2.1845095552540323      
10          -621.66791528276599      
7           -304.27306587807999      
3           -30.549529300378776      
10          -658.44603729769983      
11          -1637.4332510819104      
17          -3253.8038491946691      
2           -2.1845095552540323      
9           -558.40752733132024      
8           -393.04545798659717      
5           -53.461184207341702      
8           -196.73817720620076      
6           -132.70150999173558      
14          -1501.8826256100881      
7           -396.57910487276212      
7           -161.06920177211222      
4           -56.635552563058909      
7           -349.354062766867        
5           -121.02078621574155      
10          -422.80278670884178      
4           -193.50180902278404      
4           -361.67697434588194      
10          -919.21304404949342      
9           -1739.920086959994       
6           -41.151051508664246      
5           -178.68653913205799      
7           -632.69353883498229      
6           -1236.5472840944412      
6           -42.570151956954959      
5           -40.230128645380923      
7           -252.36050826318117      
5           -461.33638468305577      
4           -13.335013507804357      
7           -144.93262032393875      
4           -47.032787953234021      
4           -35.356926910749607      
8           -1522.6177001094829      
5           -45.916043231696172      
2           -2.1845095552540323      
6           -50.35795053791756       
11          -772.48877176138262      
12          -841.07441856302501      
3           -34.945342892957925      
5           -211.26841952918571      
5           -38.982814902539744      
5           -469.73374060027845      
7           -627.63074514754533      
9           -1628.3846272864134      
13          -2169.0181352437912      
11          -295.62601728651219      
10          -1316.8932607081822      
10          -1559.368162889609       
9           -283.86383242130159      
4           -27.755113554240321      
7           -994.38981725167082      
3           -9.7994486143542083      
4           -8.7380382210161294      
4           -16.925340330890435      
3           -6.3965474156081452      
12          -982.11194024511826      
8           -284.3523668543624       
8           -1260.1622985880647      
9           -716.85836209718718      
9           -950.89800948267225      
4           -10.394036112691934      
5           -176.88590140518011      
3           -53.67199401507893       
9           -1860.3070236809276      
6           -679.41906686793175      
6           -316.04237841674092      
13          -1622.0138339033992      
8           -299.08948544387084      
7           -131.35912245535943      
5           646.04120273690091       
6           -168.38304872055116      
4           -83.413003928784022      
13          -2221.0327091698364      
7           -1101.2839216049169      
5           -960.6809987137118       
4           -267.41673935111714      
2           -2.1845095552540323      
6           -158.30724613833783      
