420 1 -3800 35 35 35
12          -2132.2502142058188      
8           -710.61481000082665      
4           -61.57200589438073       
6           -634.68173332836011      
6           -2562.5128245000205      
8           -1135.9367436258333      
10          -4575.3711841623817      
10          -1152.4545289175228      
6           -1563.3118649783116      
8           -2064.9016035085479      
9           -2521.572832431345       
8           -1055.7078624062419      
12          -4798.3575896102011      
9           -1589.1520154558539      
10          -2065.8299030323456      
16          -5706.9351072639929      
7           -1334.3107509078368      
11          -1957.5956771506835      
4           -22.754481142626439      
12          -2319.3371198476984      
4           -262.97596510432192      
6           -993.11751727944829      
4           -22.754481142626439      
3           -12.799395642727369      
4           -75.511237493599253      
8           -2390.5694659970081      
12          -1312.0438742290248      
5           -281.92319938530841      
8           -1301.6165751655731      
6           -673.66964986116056      
11          -584.07534294865286      
7           -1283.3177217189734      
13          -2225.1739449176353      
12          -1917.7736460588553      
9           -1300.1136046595095      
4           -63.171692763085566      
1           -1.4221550714141524      
5           -1059.3752538092115      
5           -35.553876785353808      
11          -2424.9160781446985      
4           -1109.5824336457729      
10          -1101.4298397116352      
4           -22.754481142626439      
5           -345.5096360453594       
6           -86.341473525707585      
13          -5456.7150125891067      
8           -441.16793807596468      
7           -105.71509147120389      
8           -1141.916654558084       
12          -3232.1057975610306      
7           -80.036065874319192      
13          -2403.7527023759308      
2           -8.457402042114639       
4           -30.192286468513149      
6           -1470.7797833880215      
4           -30.413023617580567      
12          -4600.952776432131       
9           -5212.0987110608121      
8           -427.33480727856431      
9           -2349.1895596088739      
5           -169.403485138169        
6           -285.8805216326474       
12          -1762.3020974381666      
3           -12.799395642727369      
6           -674.94031620346937      
8           -671.99566984764874      
8           -1277.4753231712025      
5           -377.29357788065658      
6           -106.97801168864575      
7           -1025.7068504389758      
7           -398.22275939331496      
14          -5684.7651400698742      
9           -1481.1666625129822      
5           -1065.1452446151256      
13          -4913.5502618592427      
6           -1218.9239011688869      
6           -599.36368903278969      
5           -437.02358903065823      
10          -3357.9288874807589      
7           -856.68015519959272      
5           -371.40670843078493      
10          -1282.8819913353261      
6           -520.47039213991513      
10          -1447.1446706410818      
5           -110.60075377708095      
6           -1091.7824181353924      
9           -2463.9907420861555      
7           -778.05344198309479      
9           -3129.5829675209479      
5           -676.93257825923376      
12          -1200.2702067283053      
4           -24.768993847243635      
14          -6882.8396811223811      
10          -1768.8495259985127      
1           -1.4221550714141524      
2           -5.6886202856566097      
9           -873.24308772582867      
13          -3341.1522235109178      
5           -37.877330883004966      
10          -2122.4246181804047      
3           -146.57578351763172      
