420 1 -3800 35 35 35
7           -710.08331162126001      
0           0                        
3           -857.48620168356069      
7           -789.30973508603449      
6           -1624.1736348381446      
6           -350.70601099459452      
3           -194.702481735937        
5           -38.400574748918288      
13          -6700.6229799923394      
11          -3306.3939150459105      
10          -3305.8444373541479      
10          -1077.6126524672138      
9           -2119.8055190557657      
5           -78.457894492980685      
11          -1580.5331381950614      
6           -1242.1458244056307      
11          -2330.9672491290762      
8           -1538.3610573652468      
6           -828.52042360853545      
6           -406.63994641273587      
6           -415.48795706903195      
8           -4052.1998530573369      
11          -2516.8175082925409      
15          -2505.9349322786907      
11          -5980.9578563853129      
10          -4283.3784518788752      
12          -5539.0317207329645      
10          -4576.8465925490955      
12          -4877.8949809356036      
9           -1506.6230536809653      
6           -892.7224008570679       
14          -4095.297123583036       
16          -7597.9054667208657      
9           -940.97866632030218      
5           -310.12115522413956      
7           -332.02411499679135      
14          -4050.0036630980831      
16          -6022.0180111384461      
12          -2980.8516210508756      
17          -6506.9266291904751      
8           -111.76434841977201      
5           -561.11852206799074      
7           -427.59371038297832      
2           -5.6886202856566097      
10          -1435.5103990837779      
13          -4071.0605622132621      
11          -3772.5610838434345      
2           -5.6886202856566097      
9           -1471.9004478030461      
12          -2674.3034550372136      
1           -1.4221550714141524      
2           -5.6886202856566097      
12          -2975.8436492439869      
27          -14019.747658039027      
7           -849.14091387153348      
6           -1006.1492872517554      
8           -6196.3811776319171      
1           -1.4221550714141524      
3           -44.061482902759572      
7           -95.450614405119723      
2           -5.6886202856566097      
11          -1957.4868887802604      
7           -74.353645880294835      
7           -1480.2382237682389      
9           -1862.3398752190246      
8           -892.76357359558665      
12          -3426.4667137633774      
8           -451.50944362861492      
12          -3121.1975599834227      
10          -2583.8159531092797      
9           -3738.8167635175137      
15          -4682.6638090638889      
3           -12.799395642727369      
8           -2461.1855833096124      
6           -841.34605838351888      
11          -971.41809976046045      
6           -850.31271827591206      
5           -66.404844319359839      
7           -1434.5535300251272      
2           -5.6886202856566097      
8           -1024.3004807259458      
9           -2096.5593217420878      
9           -2997.2745652314143      
10          -1822.4583422759968      
11          -2553.0276765662788      
4           -315.05052912690809      
11          -2513.2450622475399      
3           -1331.2293723861519      
6           -1600.2870020359924      
5           -1197.4855602428183      
1           -1.4221550714141524      
4           -116.31136009056459      
3           -12.799395642727369      
9           -843.44392460729932      
7           -2161.2884705454189      
13          -5154.94559753673        
11          -1822.8735951664007      
4           -859.36022087776382      
14          -3374.6576954367633      
13          -2956.084967685646       
6           -1339.0380000994476      
