420 1 -3800 35 35 35
4           -94.562382327409225      
8           -94.737841869111278      
9           -278.32137413700565      
14          -472.45293636615293      
6           -137.1480395261791       
6           -172.89731832348016      
6           -52.033078110384992      
12          -752.36414104767277      
10          -280.96420333518284      
11          -461.20788243953757      
5           -94.599113427542264      
8           -121.57053237920792      
16          -575.009332006818        
10          -525.31951062893836      
2           -56.271247403191715      
2           -51.955729029489618      
11          -1100.0329010371233      
12          -1403.8668580561282      
6           -94.17853486732308       
2           -0.78415103688527188     
9           -102.25218815827161      
6           -12.9942690816836        
7           -359.86070006061919      
8           -269.73676044635283      
5           -82.766353291570297      
6           -13.089394083406422      
10          -149.56265038134902      
3           -54.815968439467184      
4           65.588197612207694       
13          -574.89983441611435      
14          -544.3000469432626       
12          -744.04401538932655      
2           -0.78415103688527188     
5           -6.0304844505287605      
10          -240.85220061761814      
5           -32.255771717742199      
6           -159.72230314945733      
15          -600.79854178220899      
7           -30.594640425834037      
7           -325.73641842895353      
10          -231.61295932323296      
9           -266.71269443373484      
7           -277.69888158357298      
4           -18.405267724463695      
4           -112.05711048845131      
6           -13.177104437537075      
11          992.65939403811933       
5           -7.871938566051556       
2           -0.78415103688527188     
5           -97.214388129601119      
11          -371.70740790576787      
6           -105.67379328178914      
2           -0.78415103688527188     
13          -555.94096103021889      
5           -7.9977825346828064      
2           -0.78415103688527188     
9           -292.42317378558079      
5           -146.88313642226518      
3           -3.1749564813246423      
5           -89.980119467253672      
9           92.917290324049191       
8           -396.58704763974657      
13          -308.85435231052628      
5           -95.349086860981515      
7           -142.73505255121648      
4           -158.16552304324253      
6           -154.31538467936372      
9           -302.22957559625348      
4           -136.4750234894579       
6           -153.75114522458219      
14          -1236.5048831096656      
9           -445.85099158602225      
7           -253.48389233001484      
4           -30.563566484027717      
5           -48.418620333285808      
6           -247.44917486787273      
8           -631.38497911531908      
12          -553.96268421612501      
10          -446.77903448585357      
5           -23.968437142140914      
11          -595.87708784988615      
9           -562.9251192001442       
3           -1.764339832991862       
10          -95.739777131184155      
10          -458.69515897504681      
10          -289.29522422025588      
9           -171.61738050812954      
6           -182.29742146611525      
9           -390.87361404522659      
16          -607.37767104877241      
11          -696.69345514645659      
2           -7.0731718722181869      
8           -199.45593839250739      
5           -42.01561548553596       
5           -137.83906017075992      
6           -153.83416833039939      
10          -414.64921013146085      
8           -231.45796107264246      
3           -19.5697555724023        
6           -353.98454303632928      
5           -52.15631173467586       
