420 1 -3800 35 35 35
12          -3781.8921212652135      
11          -2027.9743560397094      
10          -4415.1805870212747      
8           -3176.6719371277286      
13          -3888.5397527035816      
6           -52.801460260806643      
10          -1464.3691706579932      
14          -4822.2399012510868      
15          -5142.2093331106644      
5           -138.31628948602645      
5           -411.06692327852187      
10          -1331.560110780536       
9           -1706.0431687508935      
4           -118.76563469091921      
8           -2261.9544779513785      
7           -454.89746218232824      
3           -12.974262710387126      
7           -2232.3286053605234      
6           -2087.1800852148695      
6           -349.78326574768744      
7           -617.00761360262572      
14          -3485.8695259587857      
15          -9331.532060991296       
19          -8719.8848861096121      
11          -3909.0186411565328      
12          -3512.9621127190771      
5           -48.682342730116801      
10          -3106.9454295423907      
9           -1443.4571863868696      
10          -875.20266725539727      
7           -704.02478153616357      
12          -1896.3546362805134      
10          -1604.9620711871733      
4           -627.58529478190303      
7           -1037.8351439609169      
4           -35.647553319513449      
5           -914.17476112786505      
12          -1711.7904081710046      
4           -23.065355929577112      
8           -524.35389113503265      
6           -71.850470160642118      
6           -943.19723025572489      
6           -1702.2545258465072      
10          -2584.8012872380245      
2           -5.7663389823942781      
5           -40.65912576853335       
5           -1015.7068085005778      
3           -12.974262710387126      
3           -83.073000705871763      
7           -1229.2908206936847      
9           -1551.367226876077       
10          -2770.8378261043781      
12          -3142.4131956846018      
6           -120.39400075732893      
7           -1980.2578563773122      
7           -1490.9480297969078      
7           -432.47798036904112      
4           -219.71844603784774      
8           -2527.7197167993659      
6           -222.1240423275039       
3           -14.225939363690728      
21          -7540.9515813692606      
3           -950.71338147298457      
7           -658.09270127619288      
9           -2207.5692609201928      
4           -85.891864127167793      
9           -2489.4468767209037      
7           -1721.7367082673904      
14          -3806.388413002328       
13          -4032.5080616625969      
9           -1470.2804778128657      
13          -5336.2399417535225      
7           -670.06209936614255      
11          -4391.8054680496443      
4           -23.065355929577112      
12          -4179.4963666083349      
15          -9744.641106531999       
21          -13034.084599430234      
24          -16392.917137392851      
20          -15292.471922620245      
4           -23.065355929577112      
11          -1464.9656619038215      
7           -1366.2265115832004      
7           -1239.483747703054       
6           -328.89783785955194      
10          -604.79594190710861      
7           -569.9295009995792       
8           -327.80842339926301      
5           -43.163790105717808      
6           -907.70576034228645      
6           -1139.2113606266018      
2           -5.7663389823942781      
8           -799.74076586302624      
12          -1623.3010898094719      
5           -214.1709189301103       
9           -1500.4414498874607      
5           -737.56017096795756      
12          -1776.8045692526191      
5           -40.870473382461299      
12          -992.24344926498998      
6           -2364.5950048810469      
