420 1 -3800 35 35 35
5           -53.796902444406335      
5           -176.2341977699125       
3           -22.960043634827741      
4           -8.787460674657904       
4           -3.2377741778881557      
4           4.8712233433561458       
4           -3.2377741778881557      
6           -39.905175529238143      
4           -3.2377741778881557      
8           -130.57599554290647      
3           -3.9893886560082938      
6           -102.25852459699632      
11          -388.42077307849354      
10          -545.18735918469793      
13          -977.52455125715358      
12          -502.99187864845976      
10          -124.75159362414229      
3           -23.346090785886368      
1           -0.20236088611800973     
6           -10.850669667450386      
4           -4.6722201840067257      
12          -502.43353973474757      
6           -28.514917969591131      
8           -54.188187523365727      
2           -0.80944354447203892     
8           -250.64664899951515      
6           -201.27045646184985      
10          -63.135163574465274      
4           -3.2377741778881557      
8           -222.96020202349627      
7           -218.79801294876555      
3           -4.3129112331579975      
9           -220.61561638553846      
7           -490.08433159574213      
12          -917.19259275930278      
6           66.533101624655245       
9           -342.2605967043263       
8           -145.48698974068353      
6           -71.527446362427412      
13          55.153910269363642       
7           -45.408302137021685      
11          -564.35247666270493      
9           -177.93363540733932      
10          -131.56039891218938      
6           -57.679274654105463      
12          -928.34896965073267      
6           -54.362309998259114      
6           -252.43126940224107      
2           -0.80944354447203892     
11          -448.84544767080718      
9           -65.047970204820786      
4           -4.2946941561702703      
8           -241.92076851850467      
12          -431.9106994576149       
4           -3.2377741778881557      
11          -430.91543155138379      
4           -23.539906789211329      
9           -283.78590263803306      
9           -288.2638745758274       
9           -505.10730813411607      
7           -156.76715868969771      
8           -412.77819187594139      
10          -406.40376608275147      
6           -393.02281692850579      
10          -287.09335600532393      
6           -153.91147210145789      
9           -243.00969714037561      
5           -10.974851561424199      
7           -211.80879033641347      
7           -439.08386295558034      
12          -787.77843299191738      
4           -118.80496919958864      
6           -9.7592807262484591      
8           -351.03814201086197      
5           -101.53731266447875      
6           -41.300174283194885      
7           -60.189305349655733      
9           -478.80789433243643      
1           -0.20236088611800973     
8           -279.31075311749174      
14          -844.21835318330022      
9           -289.12941238407649      
9           -86.357633764422019      
8           -210.83725953555501      
10          -260.8423488075569       
6           -15.890036564924536      
7           -247.14511583265232      
8           -74.170253316859856      
1           -0.20236088611800973     
5           -6.999227019459104       
4           -233.67631158897015      
10          -313.8281389509317       
1           -0.20236088611800973     
9           -307.25196226590032      
9           -351.2787878384612       
3           -9.420866989870456       
5           -55.579818420997036      
6           -29.204187190833991      
13          -882.94825351920417      
4           -71.629386974629142      
15          -933.03441575490388      
