420 1 -3800 35 35 35
5           -336.87945875957331      
5           -57.680523942379494      
3           -4.9151464993215725      
7           -418.3219168920852       
7           -142.14541611605318      
10          -1021.17268274525        
4           -47.780496003939888      
4           -20.844405978769391      
21          -2890.485465594365       
12          -815.10372253032813      
9           -282.90325870825728      
5           -358.34920011704355      
7           -384.22834020099066      
11          -618.56332739033724      
7           -58.557736777120539      
3           -4.9151464993215725      
15          -1664.964319325436       
5           -174.58941286656241      
4           -14.116137025747753      
4           -309.11852923318008      
10          -1086.6698226830538      
7           -417.37475144278471      
14          -3439.0672540722335      
24          -5361.5849904269089      
16          -980.83692159000384      
9           -1538.2447104704693      
6           -190.09784119796882      
5           -472.90913557286387      
7           -70.768250126549248      
2           -19.061190057851945      
6           -498.80561334574475      
7           -282.5199921590098       
12          -1189.0163111244738      
6           -27.662141676678402      
6           -222.05037597645762      
11          -1234.7676678362177      
13          -952.91707639890819      
10          -1155.7653493865223      
17          -2621.3231594818349      
4           -19.656211323726588      
8           -1128.5493988825424      
11          -808.86781060146234      
7           -1116.7229030429501      
3           -263.51710564609493      
1           -0.54612738881350809     
6           -209.81061570169095      
7           -29.479637981788734      
11          -561.94473468210526      
6           -228.70486921654472      
7           -519.14180642819201      
3           -73.599063715924785      
4           -79.884967840994662      
9           -328.03170643052334      
11          -625.17617354721278      
5           -132.25040423798671      
17          -1395.7728898209671      
4           -321.40752374264025      
6           -396.96443790653313      
9           -42.531746879115978      
6           -97.281097666310984      
8           -928.55500232485144      
10          -361.23105694669164      
6           -73.12935750056991       
8           -694.32202924251931      
1           -0.54612738881350809     
10          -559.2149443992754       
9           -713.27354061735616      
14          -1385.7391568605174      
3           -48.339238151467207      
5           -488.13669551250382      
2           -23.13005010691235       
9           -367.22650130802867      
5           -15.522933594774278      
7           -676.55945168159656      
2           -2.1845095552540323      
9           -827.71710538477407      
9           -474.09299654952878      
8           -370.53202618288134      
8           -460.71904201701682      
0           0                        
7           -663.19068541881495      
1           -0.54612738881350809     
5           -13.6531847203377        
3           -6.6781027163383824      
7           -231.55795956503252      
13          -2700.1544232184406      
7           -188.06748414682426      
4           -203.1147072097616       
5           -521.2472942389154       
10          -869.77670679343862      
11          -1101.2166728352963      
10          -233.84230628679995      
4           -63.726625426014351      
12          -1520.5136038810201      
12          -1448.4492439634632      
15          -2837.6141129316175      
7           -136.6794747182382       
10          -1395.9580777954225      
7           -59.639842737678364      
3           -426.14952524462768      
9           -260.14206792281834      
