420 1 -3800 35 35 35
2           -2.2512045114487211      
6           -306.9606375715          
4           -9.0048180457948845      
5           -36.028326273672477      
11          -1184.4509832511262      
5           -27.713772491478569      
6           -183.86601140415758      
10          -327.84270172398044      
6           -108.80898227541317      
5           -61.624485272590221      
6           -646.24187760229393      
8           -1150.402163355998       
7           -688.59296725418301      
14          -3026.6004832368885      
5           -354.74045233803179      
5           -280.34708459403953      
11          -1002.0149452240358      
16          -2585.5077416114664      
2           -9.1187114617670524      
8           -344.61684676540347      
9           -654.81426032415231      
9           -1060.3222858996928      
12          -1684.4468195045927      
7           -63.67018483218731       
6           -198.89707800887101      
13          -1240.2339353453203      
14          -1051.7301195605605      
8           -428.52786986015371      
5           -758.29861343691232      
14          -1246.0385677653023      
9           -1156.8400014523177      
9           -90.68176950853595       
16          -1948.1357033301538      
15          -2721.982194916764       
16          -2765.6511125393758      
13          -1654.3133180052403      
12          -1317.0712557797015      
4           -67.978211104288107      
3           -5.0652101507596221      
5           -84.7441341312161        
6           -646.93086199964421      
10          -1105.343943872359       
8           -345.48096116278339      
4           -57.164210143362688      
3           -5.0652101507596221      
10          -852.20989411840458      
1           -0.56280112786218028     
8           -419.41431326245856      
6           206.11625647507708       
2           -2.2512045114487211      
6           -44.424295557968307      
4           -125.36089692848813      
12          -623.89843437570994      
3           -36.764690771579723      
4           -9.0048180457948845      
8           -509.96158745225625      
14          -1128.1166356118817      
9           -394.77944716147982      
6           -184.50830085760282      
4           -366.40973161033457      
6           -24.242345182965924      
13          -1585.473295576131       
7           -660.9394790141215       
8           -345.01791803615197      
10          -491.10863072360996      
2           -2.2512045114487211      
10          -958.43360470866855      
11          -392.34602926121795      
5           -24.424399016339549      
4           -253.97845384845328      
7           -447.4199675551975       
4           -22.774987888908122      
8           -873.28737026180329      
3           -442.44040918448928      
4           -110.36330192777606      
5           -170.91806961128378      
3           -335.7347705333392       
4           -9.0048180457948845      
9           -692.55732967063261      
10          -2221.5480941272817      
8           -280.89835253519175      
8           -385.02640432833721      
8           -824.16331568984651      
7           -441.57070859160007      
1           -0.56280112786218028     
5           -297.79492230401206      
5           -45.968712626711195      
8           -699.86552658204789      
7           -417.19969398133713      
10          -261.56913937857263      
6           -954.176988361334        
12          -1537.7127786925471      
8           -910.89067555431689      
9           -688.92589666052163      
2           -2.2512045114487211      
9           -1275.9423487040472      
8           -395.77643361892842      
4           -169.77071983960857      
6           -383.40788770174993      
10          -685.82913897080925      
6           -395.10993656023919      
