420 1 -3800 35 35 35
5           -864.47467122167859      
9           -1637.6686742525003      
11          -3616.6851662954177      
8           -3099.0399734531811      
13          -2550.3575729383601      
10          -1223.8679637972725      
11          -2562.5567849001927      
6           -845.86747682927069      
6           -165.22728295399961      
5           -460.95562096169988      
8           -1015.9779327453607      
6           -1156.9529020622376      
11          -1225.7290137323089      
8           -341.80542230454387      
1           -1.3980144597053374      
6           -335.28207441763664      
3           -371.31929689342161      
6           -370.01182225157788      
11          -2176.8655626952518      
9           -2873.9075408034714      
2           -468.49137103013982      
6           -436.44428090203553      
12          -3216.2102723994235      
10          -2826.7889078066682      
8           -1455.671604485088       
4           -721.90585211949201      
8           -2727.5829300436885      
6           -602.46544707029273      
11          -1865.0772787615615      
3           -14.939938008403319      
9           -462.17244089387589      
13          -3492.0875121029867      
5           -2960.4072567778421      
6           -1051.3530095109647      
4           -51.691473090748346      
6           -219.54327031813668      
4           -34.875347815834651      
7           -348.8220855779856       
5           -819.07200794507332      
4           -525.70576373012705      
15          -3423.3100319109358      
11          -3637.0318907508927      
5           -643.47341067955813      
6           -214.58627965067649      
9           -3462.1900920023286      
6           -844.4996455879965       
5           -1363.9508184838994      
9           -3045.1796666637429      
7           -2277.3278317524737      
5           -2924.6419017694211      
3           -12.582130137348038      
6           -565.51102354101351      
2           -5.5920578388213498      
14          -3830.4049836492059      
20          -11605.660315738602      
9           -478.65246018650583      
10          -4477.4231886644557      
13          -2104.1446787972986      
7           -479.47289149474113      
3           -12.582130137348038      
3           -746.32713207777829      
14          -2431.3640113104602      
14          -4471.5204779565265      
4           -28.469783377208906      
9           -1096.373175355842       
8           -3827.1649871565096      
9           -872.57741556134147      
14          -5405.608342342357       
6           -1533.89079242754        
4           -50.43852211439075       
6           -90.607260391208399      
5           -223.38059266340468      
4           -723.05434717464709      
8           -3322.413483561375       
10          -2145.8633012575974      
6           -148.72654490201651      
7           -279.36433593350074      
10          -3313.521811468343       
6           -152.24716633373367      
8           -960.54251309216647      
7           -353.44865840397381      
3           -365.36572030683158      
7           -2710.4641401011968      
11          -3539.4227815525155      
5           -36.086914461890267      
10          -2662.86088255705        
6           -927.31606839550182      
8           -238.35314751807374      
5           -71.616767288805235      
10          -2046.7474415745501      
9           -1833.5163800933037      
4           -22.368231355285399      
5           -279.10020188788786      
11          -786.31333225480068      
4           -40.788572827003151      
9           -1870.2233387103761      
6           -188.21818028074807      
5           -1027.5756291150974      
12          -2278.4866050760011      
5           -780.51789006976844      
8           -686.03865832633107      
