420 1 -3800 35 35 35
9           -178.5108954723199       
2           -2.1845095552540323      
4           -10.92794875485901       
3           -4.9151464993215725      
4           -87.061083505229931      
9           -125.41661595150995      
3           -4.9151464993215725      
9           -328.93965184578559      
6           -135.32248363455631      
6           -515.82249779965559      
4           -105.13589983781418      
12          -1849.4527178999697      
6           -113.6928414830457       
9           -113.36073357122046      
8           -140.9920526253502       
10          -2668.2118211632173      
6           -187.35324156104429      
6           -52.849083495757824      
9           -454.70935410494553      
7           -76.692547875550076      
7           -161.90519620508093      
5           -14.50066217887346       
8           -421.35798830383493      
7           -35.86539618457077       
8           -602.24287168921671      
6           -1433.0930797840181      
4           -11.838267321530882      
14          -835.58866061766571      
7           -481.39695039662018      
9           -901.77086019379146      
4           -374.89421784908717      
6           -70.379300346377732      
10          -531.98629910107252      
7           -81.908716471239245      
3           -314.97038561325206      
8           -110.50046099469215      
10          -661.17957906611502      
20          -3505.3823753021766      
20          -3939.5753753405993      
13          -1996.037796363295       
3           -258.37183071169039      
10          -738.76797762486251      
8           -1486.8016667880006      
11          -440.35191244974845      
10          -1496.7227898935182      
9           -877.25119127759365      
6           -176.09955568783917      
9           -403.39765373167825      
12          -465.58247362628401      
4           -21.826334148489032      
7           -119.73209666939194      
12          -1865.5414424283831      
6           -500.24054715277305      
6           -500.59321853540143      
6           -213.2633417952311       
4           -171.85516899745073      
7           -332.49542251913761      
6           -701.14313598018509      
5           -376.88444804737458      
0           0                        
6           -100.70281046999634      
5           -13.6531847203377        
9           -829.27816401673192      
11          -2538.6840072607374      
11          -611.27853666616625      
12          -554.03235562368047      
5           -268.2584413806257       
6           -19.66058599728629       
7           -243.05107210289566      
7           -845.28332171919067      
8           -347.11149395367624      
6           -25.169178151988241      
1           -0.54612738881350809     
6           -300.02003665177483      
6           -109.93922063816758      
9           -939.3849231706505       
14          -1542.7019815222693      
5           -33.82070366428551       
4           -15.984543809865555      
9           -466.48560592008357      
5           -14.84700625519811       
8           -272.79528218063302      
5           -316.63553185966873      
3           -4.9151464993215725      
7           -103.53076921959332      
7           -444.49369984639651      
13          -1655.3446133484936      
10          -1455.1531326544007      
9           -78.25215588457516       
5           -39.285226662602952      
13          -1746.3585026444732      
1           -0.54612738881350809     
6           -132.86616249032966      
14          -675.19082747931861      
10          -158.82679170571271      
8           -179.76368460541858      
10          -1540.1162771223073      
10          -812.75063302996284      
9           -989.44628873178419      
5           -360.27891011519256      
7           -553.47012977259953      
