420 1 -3800 35 35 35
3           -25.039462582408326      
6           -521.0986583417864       
5           -121.54363258784657      
10          -699.25798093418859      
4           -8.7380382210161294      
12          -1761.6711790245458      
14          -1262.1615771774461      
17          -2921.2010747163927      
6           -486.01742003953893      
6           -627.42579651665801      
11          -751.96201921638431      
6           -148.33317493746688      
6           -19.66058599728629       
6           -786.44229905447878      
16          -1870.2317189621115      
9           -1432.6067895133265      
3           -129.60095252103267      
7           -562.3498468898938       
14          -1343.8231982052459      
8           -739.09274739199043      
4           -152.94528351933388      
10          -903.23174937041188      
11          -977.85070870064146      
5           -156.45900717967007      
7           -714.48620986454603      
2           -2.1845095552540323      
8           -67.266234762274507      
14          -1422.7549335473163      
9           -435.01848449535612      
8           -768.80663345825326      
10          -360.13634888183361      
4           -8.7380382210161294      
9           -520.27025905020616      
8           -648.54442931689766      
10          -1163.3762997283429      
4           -139.22387048390013      
5           -63.438376606371101      
7           -505.85285708648058      
14          -1724.49488170481        
16          -1789.9140803743803      
7           -758.90714643951674      
10          -1664.8268766957069      
10          -377.08843852709475      
6           -75.893290742768272      
5           -229.26105713285838      
3           -45.968548144209677      
8           -246.41671277886985      
5           -265.96195616681047      
5           -209.32102380102205      
7           -444.76913779801788      
5           -30.783607424584545      
11          -836.73871481701804      
15          -3215.0499142414174      
11          -967.61088896940601      
8           -541.21588736240471      
5           -217.16631858755025      
4           -103.70922265066044      
13          -1201.5139226535978      
6           -20.395081384924296      
7           -41.711561253058811      
9           -560.64340520514554      
9           -610.02069743054324      
15          -2486.8354575852018      
9           -1092.8892242103229      
2           -2.1845095552540323      
9           -765.1351062217941       
6           -32.033013587934327      
15          -2185.9667012407936      
21          -3578.1663507155381      
15          -1723.9924171601031      
10          -470.14631578835036      
4           -28.214241575183816      
9           -586.95661808345278      
10          -612.16653333740544      
11          -807.08495455601803      
7           -182.56928713933431      
4           -671.21424988231172      
8           -274.50139511451397      
13          -1048.6686300563308      
11          -576.7750915086973       
13          -1051.2734612228367      
13          -2492.3106345927717      
10          -795.7991230490469       
8           -359.40071973371607      
9           -1095.0280310632274      
7           -199.92285824457295      
10          -948.41957362221626      
7           -576.69729222803289      
1           -0.54612738881350809     
10          -154.97558546726219      
8           -697.36874146384139      
3           -4.9151464993215725      
6           -20.492061912230334      
4           -666.57650967926122      
12          -2691.9482440498182      
17          -2368.135014594478       
13          -1244.9785953618966      
14          -1451.1274911150388      
13          -1677.1716780727947      
15          -1968.7323281067872      
6           -25.296868900249549      
