420 1 -3800 35 35 35
13          -881.7723872626683       
8           -624.99405860646004      
6           -13.998203124853081      
12          485.34851296812133       
7           -123.45205651981738      
8           -102.80226684368981      
10          -192.49964254979838      
14          -521.05910463972225      
11          -469.2560463443894       
12          -715.562435132372        
12          -437.37087604954843      
13          -14.630905234872792      
4           -3.2377741778881557      
5           -16.45070162293063       
4           -26.604424830053155      
9           -700.1983175262493       
7           -232.76279075398679      
10          -132.11152617903957      
8           -209.04143808851614      
6           -37.1966222260248        
7           -283.26315379403229      
6           -225.69167354906921      
12          380.49862384587186       
2           -0.80944354447203892     
7           -21.21318539734537       
14          -809.10893761238469      
11          -491.77626444502516      
6           -9.3956925417575405      
5           -179.75221377194268      
15          -971.66488498613126      
10          -984.13464841117218      
8           -333.77840083001797      
5           -8.4023660703821257      
11          -550.85567249047699      
6           -29.00155936715495       
14          -782.01590123536459      
2           -0.80944354447203892     
5           -63.777354685120621      
8           -264.51879350667264      
7           193.05097019155292       
15          -1386.7316848222424      
8           -70.269895998491293      
4           -3.2377741778881557      
9           -455.82775494610468      
4           -184.54687625645326      
2           -4.2084973453760997      
3           -1.8212479750620876      
2           -0.80944354447203892     
9           -240.85156177307519      
3           -1.8212479750620876      
9           -508.1012709822233       
3           -22.083060547619304      
8           -197.11719291164457      
6           -156.04862157897631      
8           -176.12439369815496      
11          -277.92294027500407      
8           -184.38793705113059      
13          -497.91064369866137      
11          -759.43092538157907      
6           -693.00320516282284      
8           -57.200629403361717      
5           -10.036682421181899      
6           -32.178506668171309      
3           -89.086322065117685      
10          -399.46449015246827      
3           -1.8212479750620876      
12          -1102.4539242230535      
9           -246.9509588359895       
9           -252.04967919672447      
9           -371.54360894902669      
7           -161.38541470666587      
11          -385.87402458210983      
7           -218.68659140693941      
6           -148.92776841049715      
14          -733.88131137144467      
5           511.19841153951705       
9           -204.04728898914226      
12          -658.06814679529725      
10          -399.03126390339054      
5           -27.552276192920495      
5           -95.895676755739842      
2           -23.724252072234975      
7           -179.2633064599101       
13          -502.66751180394704      
9           -419.38076184054967      
7           -121.18036627825711      
5           -108.4729059305896       
4           -4.5088809634076412      
4           -3.2377741778881557      
9           -468.02358895439869      
6           -376.30924826331409      
6           -109.88914865653322      
8           -145.93801059087409      
8           -112.92664455558938      
14          -729.9444270463041       
15          -1189.9198953396608      
9           -491.63163186644971      
10          -580.17082059841698      
4           -3.2377741778881557      
6           -217.24409829478091      
15          -1042.0930116819495      
