420 1 -3800 35 35 35
3           -18.512619911157138      
9           -162.6797933079439       
13          -957.20489176697083      
13          -977.3944709510763       
9           -567.51692769120893      
12          -591.34558470929176      
9           -233.34329872730558      
10          -442.45830812731134      
5           -86.386151032178262      
7           -357.50542774355483      
20          -1203.6863938893368      
9           -482.69803459969683      
7           -327.80564700141315      
4           -219.13820363060475      
7           -207.94736490265106      
6           -20.804129163735269      
11          -458.82442972790221      
4           -14.812230167491665      
7           -58.167892395891144      
5           -54.474859742918632      
8           -263.8197288738009       
12          -893.92169869185329      
6           130.96122441899053       
12          -423.06578455170245      
8           -274.87498734917534      
5           -5.0590221529502433      
8           -340.04679110996506      
8           -61.465124871021004      
6           -420.11954353859215      
8           -174.89692436975639      
2           -0.80944354447203892     
6           -56.920187592271141      
11          -257.73249038463479      
1           -0.20236088611800973     
5           -16.718256775919414      
8           -132.19383692181668      
5           -105.76818414396344      
7           -131.98688776620605      
12          -634.7496002584603       
10          -613.35703673772684      
8           -311.34112192129516      
4           -4.6783085613597954      
6           -313.92852024781735      
11          -506.17292378148579      
9           -586.46840185151905      
6           -46.207715914889917      
6           -62.694889525869236      
7           -137.10217253306485      
8           -409.51518311527013      
8           -146.132462143602        
4           -205.46139345306548      
5           -17.958699363896745      
9           -267.56056016206583      
11          -468.48661966722585      
9           -246.84136557168327      
3           -13.914045609297744      
8           -459.64343823410661      
6           -241.71216457089727      
3           -1.8212479750620876      
11          -368.06174158971521      
4           -30.191330090660447      
6           -24.118967572118891      
4           -98.986461704133475      
8           -195.54579090041182      
12          -723.74590797189933      
4           -19.004837410651383      
10          -515.09842485431614      
8           -507.75593078933298      
4           -3.2377741778881557      
10          -87.576028283418651      
6           -149.30337157857213      
3           -1.8212479750620876      
9           -129.08930339274264      
5           -38.842766810217405      
4           -38.313304793164349      
14          -840.74386157189076      
10          -478.97781848087988      
13          -481.24614376369232      
11          -979.75935522494092      
8           -114.73176911221759      
16          -503.04111317515321      
10          -777.1324158761289       
6           -95.344315246708874      
5           -17.257650356303905      
19          -680.30635301533971      
10          -755.54536581120772      
5           -76.220377514235039      
15          -905.56192513330086      
9           -512.3069770253627       
3           -7.9556280906696273      
5           -33.184582158883224      
3           -1.8212479750620876      
16          -1195.3377137294474      
14          -353.32847901782765      
2           -8.8682575801231991      
19          -2187.412923891824       
11          -281.86370263640265      
18          -879.39906365397803      
9           -135.51725680139177      
6           -35.507101506758872      
1           -0.20236088611800973     
