420 1 -3800 35 35 35
11          -3426.4512408679857      
8           -951.78933333192083      
8           -1180.1262773420385      
8           -772.88289133108265      
6           -276.28487957567455      
12          -4420.3460166542181      
14          -2948.1227822359879      
9           -2076.5835432900944      
11          -2170.6484423460233      
6           -287.1255424629756       
7           -4197.3893150093272      
13          -3423.6497346683409      
12          -2545.0090407853759      
5           -277.21898388852179      
10          -2367.1137129768058      
10          -2809.536884681876       
9           -890.93246519124375      
10          -2257.9608714899723      
4           -23.065355929577112      
2           -5.7663389823942781      
10          -1730.5848940055407      
7           -1038.9791569058832      
3           -229.94219518853578      
10          -2210.1256109278829      
11          -3704.7490276739481      
17          -10289.496709557754      
2           -5.7663389823942781      
9           -2139.1066170414588      
8           -1152.8530558256084      
5           -310.68766980680022      
8           -813.17549759660039      
6           -493.07593253704306      
14          -4256.387137310513       
7           -1241.3460394286885      
7           -376.17476221460987      
4           -142.68901089679244      
7           -1389.977495993915       
5           -647.57023449551286      
10          -1163.9973946071727      
4           -537.26294063449302      
4           -722.17273508200458      
10          -2248.2790261444793      
9           -4358.0654388186067      
6           -105.69923631408636      
5           -525.84921858929488      
7           -1447.9991637995226      
6           -2002.654146848766       
6           -225.81606055018233      
5           -213.52979500666802      
7           -1024.3373846235959      
5           -1206.9124886219206      
4           -47.487284304895454      
7           -482.12982370756521      
4           -174.24874790321223      
4           -183.302823264126        
8           -4254.4900075183714      
5           -108.50235309668315      
2           -5.7663389823942781      
6           -125.60045205118958      
11          -2273.4805653548779      
12          -2700.0126068080085      
3           -95.6086987273586        
5           -622.64892584457164      
5           -148.38879448757442      
5           -1096.7136785043674      
7           -1631.0918964544639      
9           -5075.8975631462899      
13          -5821.4379914309166      
11          -934.72928717624245      
10          -4065.0148086831009      
10          -4243.4853852804563      
9           -908.31511353263966      
4           -94.559352141378341      
7           -2115.0354147666312      
3           -24.597190229438869      
4           -23.065355929577112      
4           -48.598687901141417      
3           -25.394542112407063      
12          -3142.0933394676863      
8           -805.66818064067377      
8           -3355.9526008630114      
9           -2222.1254402615236      
9           -1737.1514344247307      
4           -32.01009744960561       
5           -664.00600281183347      
3           -281.41897851448914      
9           -4711.071699857318       
6           -2216.2215346186176      
6           -1085.1845018295098      
13          -4376.2580828847967      
8           -950.97241619038937      
7           -645.18124231111801      
5           208.43980022218372       
6           -595.61803883285245      
4           -172.81442593588096      
13          -6732.0329113858415      
7           -2795.837683692268       
5           -2308.8582133069099      
4           -652.53517776764591      
2           -5.7663389823942781      
6           -407.37535132294863      
