420 1 -3800 35 35 35
4           -35.921577692770988      
11          -1197.9047093926761      
7           -82.290733188418955      
8           -1787.7060733354081      
9           -1503.8329358644389      
6           -564.02126505224805      
9           -682.01718574075107      
8           -716.25942247838759      
6           -1397.3901947061704      
7           -280.48044245443509      
8           -1457.0716046552793      
4           -22.368231355285399      
13          -5417.2478274871173      
7           -409.93616702616885      
3           -374.0895869995403       
9           -2343.9470823331103      
12          -1709.0153863881269      
2           -5.5920578388213498      
3           -12.582130137348038      
5           -145.61320619990272      
16          -4803.2899316760886      
2           -5.5920578388213498      
9           -1243.9737600109438      
4           -41.78849020213427       
8           -900.08790548298623      
5           -551.54967012964164      
5           -900.25557735851987      
4           -540.40164301648292      
8           -1324.5382359551998      
5           -79.645851553768068      
9           -1182.3318240672124      
8           -1684.5931090454865      
10          -4482.4292987817353      
3           -34.178531044036305      
7           -853.58278511696199      
6           -230.15832429079774      
5           -152.93836338891205      
11          -3800.3352430044933      
9           -1932.1731678657516      
9           -2834.3185722379885      
4           -200.45915157699596      
13          -3047.3859999845954      
2           -5.5920578388213498      
5           -68.794290425860453      
13          -1899.2650657682793      
4           -22.368231355285399      
8           -831.57470291445861      
11          -1986.2927035692935      
5           -499.07200015281319      
10          -1863.7206461721175      
4           -1013.6968141673489      
6           -362.07227759735088      
10          -3835.9894379068573      
8           -3382.326229582276       
11          -1919.9337507076661      
10          -996.08561124736389      
5           -505.33660414799073      
5           -1707.1569905695642      
5           -85.240572600227267      
7           -237.56542980185776      
2           -5.5920578388213498      
2           -5.5920578388213498      
8           -108.85694779163529      
6           -2662.4145418240978      
3           -12.582130137348038      
15          -2481.5238733798219      
6           -930.066261650721        
8           -1721.9449379267096      
8           -1091.647314984436       
6           -1158.0536723462194      
2           -5.5920578388213498      
4           -58.165505030926511      
7           -2598.1002695120133      
15          -6907.1559558484469      
11          -5190.9523196093969      
7           -1308.499892504738       
4           -336.97702441740182      
6           -339.33541781487099      
3           -12.582130137348038      
6           -786.95223834077876      
5           -49.326020311268856      
3           -12.582130137348038      
8           -1767.0764841588166      
11          -3576.0462840277892      
9           -851.75201978701602      
4           -86.895463966696028      
4           -208.18301003847861      
7           -671.25485481785381      
6           -431.05060679417181      
15          -6441.2678058625852      
10          -2785.1316275070412      
7           -101.41641110669987      
6           -196.9788092555099       
4           -135.54817247054328      
5           -206.10855435888161      
9           -3546.0405738174113      
13          -6453.20569093227        
5           -1254.5002521188858      
5           -1214.6992522497546      
4           -38.299452255011325      
14          -3535.5091819211266      
