420 1 -3800 35 35 35
18          -10667.071950422687      
14          -2995.7271055159295      
9           -4837.9178079568392      
5           -76.022089840880511      
7           -595.37062523325358      
9           -2028.5432134540661      
9           -902.7594370212089       
11          -4083.0318232970126      
10          -385.31192362872207      
4           -24.00222510972274       
4           -262.40844755683202      
7           -1336.3128730607314      
3           -12.799395642727369      
9           -1782.4863034613381      
3           -15.15474560310367       
13          -3022.5855300065596      
14          -4014.2103372494716      
11          -2075.6165588001072      
6           -228.12417765417118      
11          -961.38037433768307      
3           -12.799395642727369      
10          -913.17738261448176      
11          -4573.2170696446565      
3           -12.799395642727369      
5           -799.45421424679         
5           -931.36367938326623      
9           -1957.4571021659272      
3           -25.200936797169074      
11          -6732.5545061079074      
8           -2275.6454693499236      
10          -2719.4747547810512      
3           -50.012159527781918      
15          -9495.0741959103216      
6           -395.10444436789737      
15          -7921.5442722126563      
4           -797.90447349545991      
2           -218.74329897785321      
6           -1564.6344708367633      
5           -301.45143076518684      
5           -707.45600870476699      
5           -230.59429530832796      
9           -702.4076436207913       
3           -13.900517553711202      
12          -3975.0945481357853      
4           -102.85775600046864      
12          -2422.151635682073       
9           -2505.244795051492       
7           -683.26814207824998      
4           -29.819839837127418      
9           -2870.0721990850188      
7           -2814.6892484240707      
10          -4325.0499368127039      
5           -658.39695998067293      
4           -1130.2195995147076      
7           -205.43161970511784      
6           -492.66637066845203      
11          -3024.5081004302251      
5           -90.875352755008919      
22          -11594.150134327956      
4           -30.653954202722559      
3           -12.799395642727369      
8           -1685.9429450826149      
3           -12.799395642727369      
3           -153.35654025709661      
7           -867.23728895109866      
14          -5667.4521139939816      
8           -932.23555295300514      
8           -1243.2700347985146      
7           -799.23405151741235      
9           -2868.1141250243795      
15          -7406.7901755147059      
6           -119.60794643093254      
8           -845.68023913280467      
5           -220.26728982434696      
3           -122.51710513980663      
8           -1159.6868858241676      
1           -1.4221550714141524      
0           0                        
8           -1379.8603736648006      
6           -1456.5465604339349      
5           -332.48229796276928      
8           -918.71758494993628      
11          -3885.3176431962006      
6           -91.049612368006521      
3           -22.958356862903479      
6           -634.44791565066453      
7           -89.677298857483592      
6           -84.386524121247902      
7           -1157.9343503941902      
4           -43.625090736766651      
10          -2596.3112441017097      
11          -2566.6215502665118      
4           -157.6849993333272       
5           -1270.4995201258466      
4           -357.09158156598698      
2           -5.6886202856566097      
3           -484.97715702343891      
12          -3290.0562695952872      
5           -1369.5213047081331      
7           -370.38755189013932      
7           -1086.7546724445858      
