420 1 -3800 35 35 35
8           -1421.6999826648375      
8           -964.98419675473815      
13          -5693.7996918723011      
12          -5738.1282473273204      
2           -37.600126574440964      
6           -532.76248073370186      
4           -108.3686614611964       
10          -3627.4487291357527      
16          -8582.0741139841211      
5           -34.950361492633441      
7           -919.24209258770099      
5           -50.343927656832662      
7           -658.11837767177417      
11          -2147.3622163597151      
11          -737.79477075803572      
2           -5.5920578388213498      
10          -1582.4019006927442      
5           -367.86920303466394      
4           -268.7470486377008       
4           -25.957562247774849      
8           -1614.121267511405       
8           -910.23071136684746      
8           -1796.4087812050095      
2           -5.5920578388213498      
5           -62.912415592718553      
4           -280.15081519424569      
7           -568.330930652917        
0           0                        
8           -3117.1869361027816      
14          -1482.3980900502188      
12          -2339.2862313442461      
3           -273.18718275647552      
5           -37.438266262476319      
10          -1677.3600949764871      
12          -4172.4008652847751      
10          -2064.5342344900641      
5           -1072.774820361155       
4           -934.95930486067994      
4           -93.669247293520129      
14          -2915.3911468044448      
5           -2330.0982834033261      
3           -12.582130137348038      
3           -14.451409452471102      
10          -1441.5938956165392      
5           -298.98831115270781      
7           -2996.8766383814163      
7           -1057.504789438618       
4           -379.41824014314051      
11          -2689.0644641845665      
4           -1241.0106130943791      
8           -894.11474489530019      
5           -613.08103539254614      
7           -946.24355679152154      
5           -40.802292920312432      
9           -1133.8918057190831      
14          -5744.7991211502358      
7           -1237.8479295862369      
8           -3782.0229961941995      
17          -9226.9738367574155      
20          -11854.821837170453      
19          -12659.021462775941      
14          -2987.9184477823301      
12          -2092.0113393801203      
2           -5.5920578388213498      
7           -2597.032234733776       
13          -7048.4684149321938      
9           -1779.1990934227638      
10          -4099.8764251671273      
9           -710.04386573158854      
6           -142.02879301418295      
4           -562.8521774967985       
5           -161.28225685278798      
3           -12.582130137348038      
6           -448.77641211987759      
9           -2590.9943907329525      
5           -2418.3611637676777      
3           -12.582130137348038      
11          -1291.9595191935043      
8           -2336.0761665787286      
3           -13.723798162858873      
11          -3936.5333634790159      
6           -839.3216894580969       
8           -2440.3342125858435      
18          -6181.6205319951277      
8           -1557.5626689344156      
2           -5.5920578388213498      
3           -12.582130137348038      
2           -5.5920578388213498      
7           -784.81532196128546      
5           -35.72806917889924       
13          -4574.9419062092202      
10          -2244.199383254901       
4           -22.368231355285399      
15          -5403.9854106652301      
8           -875.10699367124403      
6           -1051.4230255072732      
10          -3579.0330832296768      
14          -4318.844071806855       
5           -2232.8424422221783      
20          -8928.7723765709688      
13          -5599.7944023297487      
