420 1 -3800 35 35 35
3           -43.301152545337523      
9           -2287.6797419989543      
5           -59.86227275361415       
10          -640.87141508857803      
5           -788.78735031337601      
2           -5.5920578388213498      
12          -3690.49281144935        
4           -608.50235582220989      
9           -1169.4781897286073      
5           -524.72683178898285      
4           -258.3025315660891       
8           -110.62391906361314      
9           -2379.6155984697593      
5           -434.70816993851963      
4           -54.349000399023851      
7           -912.79251136459618      
11          -3357.5895046800424      
20          -13740.741145751703      
6           -1384.6854226482151      
4           -32.932730473401307      
5           -208.90605277469163      
6           -69.537696507524714      
10          -1843.7384107464343      
6           -1071.8706870481026      
14          -6971.4871152515479      
11          -303.14080850821188      
10          -1371.8745147399891      
12          -2410.995097090808       
11          -603.24147168237891      
6           -219.82363611963223      
6           -967.21455512588841      
3           -26.548920134138807      
7           -1684.7110410456605      
11          -4143.6682002041043      
7           -381.49219813699301      
8           -1857.9384449605991      
6           -1860.676677630674       
6           -1296.4641311770324      
5           -72.92069803707119       
5           -394.48294594146864      
4           -789.66372673719138      
7           -782.72781643847998      
6           -108.29916007314519      
10          -3228.1149452673462      
9           -1507.4075893421505      
7           -1681.0270594213432      
16          -4083.92708654732        
5           -1402.3501844526033      
3           -12.582130137348038      
2           -5.5920578388213498      
10          -1867.3850104549936      
6           -667.18192343196404      
10          -3799.5527952871753      
6           -312.17388908888552      
8           -1417.9118549376497      
7           -1216.1428424601786      
6           -1082.8156601230196      
18          -8836.952654444056       
6           -707.34401759245247      
8           -1009.6713176516378      
7           -70.707831636393848      
9           -929.24365048575442      
7           -595.32126178840156      
5           -429.29573591995586      
3           -16.10235226124022       
6           -355.22555751319965      
11          -2700.6625303450569      
5           -43.2590843151672        
8           -1354.3753620402103      
7           -2326.0913797671296      
5           -263.22607981650509      
10          -1153.3897048597091      
5           -354.05260478739268      
3           -12.582130137348038      
3           -12.582130137348038      
8           -615.06745107921495      
6           -820.89034199667333      
6           -89.523257178673745      
7           -857.86614686290261      
7           -718.74693212692341      
6           -68.045432709886057      
6           -138.54836706830139      
17          -5997.3000463049675      
10          -3296.5502349765175      
5           -925.62841756575006      
7           -1327.1523860292577      
15          -5125.5925967286757      
7           -1447.7640273732661      
8           -1213.7931457124801      
6           -248.70234414955618      
8           -586.87333951315782      
4           -22.368231355285399      
4           -30.143859568763112      
9           -1865.9017857902822      
6           -1318.5290586355991      
8           -959.98675305744757      
3           -12.582130137348038      
7           -1008.5847327304956      
5           -35.939878094567405      
4           -98.795872789299011      
7           -384.77300258502476      
