420 1 -3800 35 35 35
5           -49.977601195933772      
13          -2494.1272049636068      
9           -1205.4149962556576      
6           -103.1339636964925       
10          -524.1318405304354       
12          -2712.2493944443536      
7           -644.26461470905303      
10          -682.56283541191499      
4           -210.26770849258114      
5           -77.895786189071899      
10          -960.09374056586216      
7           -37.656566191238944      
8           -620.48917463373004      
8           -212.5446651461292       
10          -2131.3655194237908      
8           -1157.2369276831778      
2           -2.1845095552540323      
8           -668.27150080744468      
9           -388.78415875041941      
9           -1049.2541993197287      
3           -6.4801957266945482      
6           -848.7254712097523       
10          -786.50890020840154      
8           -429.3296574626022       
11          -914.15903923058204      
14          -1966.7371656503447      
10          -1020.013989082429       
10          -497.93620321076821      
11          -736.74629759401341      
8           -700.75881428180048      
14          -1445.9668930129733      
9           -601.76576439644464      
7           -510.3746730835548       
2           -104.59453793039592      
9           -718.55151924466259      
7           -1202.265825714524       
11          -923.3533819959498       
6           -239.94651412162807      
5           -233.53917688914404      
6           -72.97151399607074       
5           -642.71089219087457      
14          -1022.8945891602413      
7           -387.54034142609123      
11          -775.78822103085417      
5           -432.65207960247176      
10          -954.93261934458303      
17          -2193.4114657737127      
10          -1244.623577364486       
6           -259.48998232840603      
11          -560.68440366190885      
10          -1520.324579904511       
3           -363.8415487496635       
14          -2403.4317103869234      
7           -162.74754375657031      
5           -13.6531847203377        
14          -1625.3287048817347      
5           -13.6531847203377        
8           -561.08781444673127      
6           -25.520762097901105      
10          -607.53192344237675      
7           -546.53682973076411      
7           -782.47219221560215      
10          -770.27972429570195      
6           -20.363459713285614      
9           -390.96973881771072      
8           -486.6039844219257       
4           -353.54371626270677      
6           -577.49137272942971      
6           -25.422069856285539      
8           -597.36175716796117      
5           -321.45387374068139      
9           -603.71343813164344      
4           -148.67330964957736      
11          -664.38021656230433      
3           -516.91471900772467      
6           -200.90033688910023      
7           -754.80301605407135      
9           -168.77251610153522      
3           -112.25526780417874      
8           -467.86888318895399      
2           -2.1845095552540323      
9           -269.653805067924        
8           -547.07172357677632      
6           -43.755481000371134      
7           -117.36048626964796      
8           -423.76565180488308      
9           -908.87147423689476      
5           -42.114238406006905      
4           -49.230045273612959      
9           -818.03540270788471      
11          -1261.643869769161       
6           -204.17923248959403      
5           -195.21999874744819      
2           -2.1845095552540323      
8           -309.08054626749589      
2           -18.141788392721658      
5           -1215.9974914080526      
6           -112.90574276274343      
6           -44.330250091335174      
10          -216.52401266333078      
12          -1076.335621199466       
