420 1 -3800 35 35 35
6           -395.10993656023925      
5           -301.70456084858222      
7           -559.7361732265681       
3           -7.6956290426192897      
6           -248.72899158950213      
7           -99.026134538283287      
3           -5.785719331735427       
14          -942.73490563790483      
3           -85.618450407082562      
5           -39.887765523903994      
8           -1494.0678246074381      
7           -365.09752375948716      
14          -1397.0981480034568      
7           -128.70851691300888      
11          -1161.9415640608879      
10          -841.86080472735466      
10          -967.56980309206278      
9           -1106.0926675750352      
7           -68.130988715724868      
10          -690.1663676982987       
3           -5.0652101507596221      
13          -1194.0668209921248      
6           -668.59646134352761      
9           -1185.4889835477757      
12          -1993.7897577597917      
5           -15.623765253786759      
10          -1182.3674052595911      
6           -144.0110578476648       
7           -598.34793596777945      
9           -557.8789983451619       
7           -1371.6080520722662      
15          -2412.9651261969775      
7           -175.47554669430113      
8           -275.65280543180029      
4           -73.43614497947749       
2           -3.3040926740422716      
6           -39.803801244398599      
5           -859.69325258634569      
7           -190.43172091757108      
4           -9.0048180457948845      
13          -963.65766516920917      
8           -473.06087222102019      
5           -14.875653875333509      
11          -1460.5612396958043      
4           -19.746020388737342      
3           -6.3013166359585799      
7           -411.77359949618369      
5           -92.22053650065304       
9           -903.30071463788556      
5           -48.297284125977342      
10          -560.94966043483419      
4           -66.8840427034215        
8           -594.16667856857248      
2           -2.2512045114487211      
5           -90.815026285691715      
6           -155.08785232518125      
16          -1197.9819542623886      
3           -14.715909139725326      
7           -227.38442819654335      
6           -20.260840603038488      
4           -15.74420491513915       
7           -380.55720877833238      
15          -1160.8569722502637      
11          -1246.4613369390524      
9           -2393.3404178320188      
8           -861.17132004595908      
13          -1659.5460198747085      
15          -1540.5347699241011      
9           -1837.5139088229914      
17          -3529.7936313703826      
10          -1543.6727153205741      
8           -582.38268027408287      
7           -665.61735173454031      
8           -197.25887791610484      
5           -85.015121684729579      
8           -672.60700785670178      
8           -862.05750710299958      
11          -1272.0546236935568      
16          -2916.6913470222621      
13          -2301.9542955668799      
1           -0.56280112786218028     
6           -116.15634932005737      
12          -1189.4148538348516      
5           -213.62625012692425      
12          -942.58913898070159      
14          -1216.3941920912634      
5           -14.070028196554507      
6           -95.512901412389553      
4           -127.4656815373836       
7           -367.04410974484415      
8           -702.94501591925098      
9           -818.37096934650219      
14          -2546.2117413320716      
8           -954.59188976395149      
4           -158.32192536089991      
4           -97.799579303461741      
7           -580.07799584755355      
8           -289.10646711646586      
4           -245.71886180305773      
6           -29.019914642206711      
8           -625.70897882738461      
