420 1 -3800 35 35 35
7           -460.4539877599035       
4           -8.7380382210161294      
6           -285.74698669849784      
7           -992.55278473144517      
6           -41.21480829124971       
7           -144.12733093512892      
4           -319.7722839135248       
2           -2.1845095552540323      
11          -793.94882215485245      
9           -1100.9819166248394      
5           -451.48835887094037      
3           -4.9151464993215725      
3           -7.9570053624149164      
7           -1046.1742083837141      
5           -13.6531847203377        
7           -584.83597928969573      
13          -1474.4726962481218      
21          -2936.0458106587216      
5           -13.6531847203377        
2           -2.1845095552540323      
6           -544.2034628740945       
5           -47.082741145419988      
9           -332.15490403598415      
11          -370.01022821035446      
6           -120.56149173059069      
10          -830.13684571527972      
8           -583.08879151659607      
5           -107.99055322969365      
5           -43.723090172445396      
10          -1902.742690238628       
6           -390.36881511381455      
6           -200.72650800535681      
7           -430.85661875856709      
5           -169.5150074228311       
6           -123.60144094523348      
9           -275.02890482561713      
5           -51.659340782896933      
12          -1103.7210284363164      
3           -79.249059508921533      
4           -611.97182309720733      
7           -427.42405407006419      
5           -282.30185647068197      
6           -367.53175772036946      
7           -432.34916080403508      
4           -16.337527893290705      
1           -0.54612738881350809     
13          -922.79256717556996      
5           -85.470013440029504      
12          -824.72815243058574      
12          -952.3085167567117       
6           -576.11822163187344      
12          -2101.8686645969119      
12          -1431.9395207883599      
8           -742.20759448922229      
4           -8.7380382210161294      
7           -339.83023160139606      
7           -246.36809627469549      
8           -441.25654508013776      
6           -33.799514498739413      
12          -2938.1045620181285      
8           -97.938997818097846      
9           -386.89534839338415      
6           -1008.3042987746732      
4           -511.20676017327332      
4           -249.28738457593062      
4           -201.95535182793768      
5           -135.76816202148063      
8           -948.03602054228111      
12          -643.37220900315003      
8           -267.61037349961566      
8           -212.30603111339855      
11          -1076.0193844116852      
8           -76.56161248835329       
7           -461.76120474493308      
3           -4.9151464993215725      
5           -153.04950381660603      
9           -268.72927181539035      
8           -396.33964457020778      
10          -784.6082596400322       
4           -8.7380382210161294      
6           -435.51845240896705      
8           -175.24199280805828      
7           -343.64092659017513      
5           -572.21630589103086      
12          -557.83545196004559      
9           -833.61156648594454      
8           -783.57778964479121      
5           -32.190929809250107      
8           -1156.1196639009854      
6           -80.429253112208968      
6           -69.654493990336348      
5           -411.50696570141469      
6           -337.55424214339655      
12          -2131.2602127913046      
13          -1914.1661692681123      
10          -521.29960233517556      
10          -388.92891264715422      
12          -1483.1884661128629      
7           -174.92124412009323      
6           -66.872417247283252      
8           -564.81937330595224      
