420 1 -3800 35 35 35
6           -28.283599583184422      
5           -25.667860600902337      
2           -11.844429160962259      
11          -596.86102420065424      
1           -0.20236088611800973     
7           -149.15202358277546      
11          -227.42398657704337      
11          -709.00458318058884      
14          -605.75810070408875      
4           -63.811705539930728      
3           -15.76598396158216       
15          -1362.807766523784       
10          -878.78439569830846      
6           -255.58033823314338      
8           -447.11127822463766      
7           94.566917152828353       
9           -487.95185851045608      
14          -829.54833346316479      
7           -19.176860781111806      
8           -232.40886244598863      
5           -11.185576081569819      
6           -172.25175677934106      
12          -462.43758085945933      
9           -431.6967523459395       
8           -184.51349779763524      
8           -86.421042923262789      
8           -66.216867945992675      
8           -460.40517956428914      
6           -132.02801597701153      
5           -158.27694798419748      
2           -0.80944354447203892     
2           -0.80944354447203892     
7           -44.724440315408145      
4           -63.962478959737012      
8           142.45430266055831       
8           -256.66822270122657      
5           -11.827615262945677      
7           -195.25239882031275      
8           -308.98408271631524      
7           -124.21737233404095      
12          -273.66577084904168      
10          -190.18686343493627      
17          -1052.5221798518444      
6           -116.05474887715928      
15          -752.39407928592232      
2           -0.80944354447203892     
15          -819.50183371558182      
9           -201.05191597484227      
9           -106.11601239799174      
5           -10.665009049384         
8           -130.87707445804617      
7           -52.270733288495812      
8           -115.32855526955804      
4           -22.942801884884609      
9           -492.24920077783236      
10          -240.02657304649591      
2           -0.80944354447203892     
6           -134.1193137643734       
7           -304.0820029114991       
10          -159.79163179407956      
10          -159.91992486394875      
1           -0.20236088611800973     
5           -102.10054033476472      
9           -387.2227957725288       
13          -651.0473632561193       
5           -5.0590221529502433      
9           -117.57343091351501      
5           -60.189461531185657      
7           -516.15321950888847      
7           -199.94662973456289      
6           -10.199060884679884      
2           -0.80944354447203892     
5           -29.672582510115021      
6           -13.329257294495086      
9           602.98829540123518       
8           245.74801716673829       
7           -168.2108050275462       
6           -100.13163177506817      
10          -388.43521911059275      
11          -422.19030630904319      
4           -17.082108426582536      
4           -13.783283196119225      
9           -171.44486519342243      
11          -443.12914125775438      
8           -356.16278701303793      
8           -331.71839647061313      
9           -212.54579726170633      
7           -327.87134162067571      
15          -656.08870151566589      
4           -109.39256420605702      
9           -251.47033296946859      
8           -159.57843657353274      
2           -0.80944354447203892     
4           -192.0345221720078       
15          -950.33693224447825      
10          -419.15099969142756      
4           -81.986605825534269      
5           -23.83332854721499       
5           -115.25634757715322      
11          -599.40794456854269      
4           -142.43651289116244      
