420 1 -3800 35 35 35
5           -259.33080629560118      
9           -662.94869695531065      
11          -1353.8535876629981      
8           -1089.8849322203077      
13          -796.42428733106419      
10          -383.18836119431882      
11          -1012.2542196978006      
6           -379.98291942388244      
6           -42.011913890377066      
5           -275.73208490319956      
8           -260.45928015089822      
6           -548.54127832009101      
11          -569.12573138022663      
8           -155.80073554602401      
1           -0.54612738881350809     
6           -108.46775921607389      
3           -143.48891968536159      
6           -96.338190611275451      
11          -892.51447859775294      
9           -1137.5936552211756      
2           -97.195806226620505      
6           -150.01702049625268      
12          -1194.6711812019862      
10          -891.27985059744174      
8           -432.71510785173336      
4           -361.71466069749505      
8           -1125.1951823480574      
6           -130.12868613335309      
11          -940.55627860313928      
3           -4.9151464993215725      
9           -146.76933323022848      
13          -1274.6777999790982      
5           -1177.4504642242227      
6           -463.07697741397533      
4           -14.979174472413268      
6           -58.04991685121977       
4           -9.6815720259192179      
7           -80.76985170021976       
5           -349.57454704957212      
4           -140.6068194758632       
15          -1437.3408083540385      
11          -1100.3910325302631      
5           -184.5959946945375       
6           -48.60201030060594       
9           -1595.7442029911381      
6           -422.71146656874373      
5           -436.07277005763143      
9           -1095.0855145981645      
7           -750.47176271949741      
5           -1313.4140300089796      
3           -4.9151464993215725      
6           -228.74568054763242      
2           -2.1845095552540323      
14          -1212.8246034557646      
20          -4505.6009739873416      
9           -127.30971211402186      
10          -1667.0080842011653      
13          -940.30240901298703      
7           -213.65971287245682      
3           -4.9151464993215725      
3           -222.33682567306644      
14          -1357.7230006433444      
14          -1585.1597312438         
4           -9.4560486432424664      
9           -266.77246911551174      
8           -1233.88690951439        
9           -200.29042615035982      
14          -1550.5603823395645      
6           -528.2527199432194       
4           -14.631455063450662      
6           -30.729049540252028      
5           -91.689193285923764      
4           -288.92135312503547      
8           -1386.1339886557307      
10          -801.09807800139913      
6           -47.29296617991222       
7           -89.252332380640951      
10          -1618.1636682733119      
6           -29.421450589047701      
8           -522.18031392553087      
7           -114.52165610574866      
3           -96.04796807133485       
7           -810.46612763689188      
11          -1150.3809000425581      
5           -13.6531847203377        
10          -858.18047706303832      
6           -604.69759289410615      
8           -92.557761076300366      
5           -25.176700242551263      
10          -1001.0662484602095      
9           -578.26261014378269      
4           -8.7380382210161294      
5           -163.60446013582512      
11          429.60418353692228       
4           -13.694557170929873      
9           -625.81522939245622      
6           -58.905268212149956      
5           -380.88401599051411      
12          -839.90955365595312      
5           -234.41632621454727      
8           -217.48295090339633      
