420 1 -3800 35 35 35
15          -1852.5127671612988      
5           -19.228272184024991      
4           -18.737591627738905      
8           -181.65702029260231      
6           -82.827811635724046      
4           -598.61999073830384      
4           -125.11369368101322      
4           -600.67047947238927      
8           -443.00688715008414      
12          -868.11617529733735      
8           -1337.6540297952815      
9           -895.90502575388803      
11          -1358.9651698754788      
8           -336.28621765953199      
10          -664.49316784256121      
7           -325.35372784244981      
5           -228.07237642629508      
4           -1003.3815828162573      
1           -0.56280112786218028     
6           -405.50816062309667      
5           -412.55320572478024      
10          -944.0889356134644       
9           -985.24123020241757      
7           -94.768782253750743      
8           -206.77029000029228      
10          -1998.3475681228451      
9           -912.94754483366034      
9           -477.2395146400886       
7           -1187.2546928258737      
11          -1228.0260213980616      
18          -1720.9441422642658      
6           -65.880426128570562      
13          -448.18419839713249      
12          -855.09091584196108      
9           -86.609893921809814      
4           -9.7784046006641852      
7           -332.03253990792547      
9           -630.3991061988545       
6           -378.58379608139461      
4           -9.0048180457948845      
4           -9.0048180457948845      
5           -214.31456238012632      
5           -75.110474896446746      
5           -699.20822977608941      
7           401.35453651606173       
5           -14.070028196554507      
6           -38.284099230747231      
4           -9.0048180457948845      
14          -2252.3019648198588      
15          -1053.0950528254361      
4           -83.870800208490948      
3           -5.0652101507596221      
6           329.50616184658867       
3           -5.0652101507596221      
9           -700.06329427830008      
6           -30.825896644919528      
7           -110.6957265297907       
1           -0.56280112786218028     
5           -531.01651012873583      
3           -5.0652101507596221      
10          -1027.1428995248598      
10          -600.26466321320686      
5           -78.466796569553964      
6           -844.28643130052592      
7           -140.24112815040004      
5           -14.957651008470348      
4           -17.793362184640856      
8           -382.70785993877075      
14          -1351.0015160576747      
5           -31.253473579611885      
4           -11.95406743471567       
10          -562.03305562654407      
12          -1209.1357375293737      
15          -1059.7905298183946      
4           -415.89238509832148      
8           -224.17762632564214      
7           -1649.0060634274071      
3           -97.742717860954471      
2           -2.2512045114487211      
9           -354.16510489030298      
13          -1108.6657164584678      
8           -599.6610094511276       
18          -3340.6247899903296      
11          -1501.4933152707004      
12          -737.95843015948458      
9           -1316.1791125900895      
5           -16.935229396472725      
4           -114.55927956873373      
10          -1080.6425397061491      
2           -6.4695059742661414      
10          -1194.6683753851344      
15          -1530.3076235852802      
14          -2372.432885104839       
5           -19.057591479796439      
5           -94.843643415474475      
8           -386.58336606633202      
11          -467.75777584174591      
6           -1072.5727635878427      
7           -79.108635643687435      
8           -227.80936674504898      
5           -31.028811813881862      
