420 1 -3800 35 35 35
5           -713.02957396800173      
7           -2559.4693746741132      
8           -726.68051914918635      
7           -886.60725061944504      
9           -2372.8945250159545      
2           -1041.1641719692866      
8           -615.47943008926586      
9           -1099.2456524104255      
10          -1246.1605869701393      
8           -1035.9588468320737      
4           -61.653025174440785      
12          -3117.126830335028       
10          -953.00071052240628      
8           -3311.8166979923631      
5           -717.42850012970723      
9           -1188.2565779423612      
13          -8564.9399560222155      
5           -1330.6925881086768      
5           -317.2621825107218       
8           -4166.5816849078783      
16          -5817.3021449860371      
8           -2513.5652222778035      
3           -64.931588661483445      
0           0                        
10          -1584.9547050428773      
5           -805.61541540285782      
6           -112.37565468634634      
7           -870.72671816304796      
10          -4559.8152951239963      
4           -95.019072617482024      
1           -1.4415847455985695      
5           -582.35055251233257      
6           -405.30367809963076      
11          -2685.7499318044706      
9           -1972.9728155673656      
5           -707.80356350080626      
10          -1686.4516858606078      
11          -1557.4071044882328      
6           -435.06390661809297      
5           -620.0377124798523       
4           -193.47259209210907      
9           -269.08011695323199      
4           -707.52281777375788      
7           -840.20638324712718      
8           -332.25047402710192      
7           -756.58594841977515      
8           -1085.2760373957753      
4           -407.64011554057635      
7           -1298.2265560509925      
8           -597.5731019618346       
5           -71.536952861663394      
6           -2620.510997989044       
12          -1798.8867898939648      
4           -1166.145589777123       
10          -5848.4257044564138      
7           -1901.6194902154266      
9           -2603.0712369810844      
9           -697.87433874576629      
14          -2233.1871311588184      
7           -1698.1784216557835      
7           -2032.6950057370414      
8           -4404.4514473332447      
12          -2260.5739546113277      
2           -238.64883939409052      
12          -1353.2100235934211      
12          -1112.960078359429       
5           -414.60426319161627      
6           -459.11571895049627      
8           -1623.5623115786007      
6           -618.59416665341234      
13          -6665.637130408456       
22          -17560.29513014415       
7           -1825.9212035173268      
8           -549.7312458404507       
8           -836.28976379161611      
4           -27.777226312214232      
10          -2816.9468359325688      
5           -267.94569064839249      
7           -1865.4946545003017      
5           -1703.3422625411215      
7           -169.17855282805502      
11          -3061.8087768555383      
10          -4270.9993640693965      
6           -1004.8481623119565      
5           -379.22296902674697      
9           -1810.1693290581588      
8           -1562.1989975478059      
3           -1315.8218670983072      
7           -1730.7396553402568      
7           -456.64655609036953      
7           -885.91561135087363      
2           -5.7663389823942781      
7           -613.34498863491876      
5           -37.978710441457395      
8           -2537.3092034754441      
11          -3079.6581531855759      
4           -23.065355929577112      
5           -133.18957173950525      
5           -1359.9399288905088      
7           -587.01610499148296      
12          -1680.0559345673748      
