420 1 -3800 35 35 35
4           -80.706649989992457      
10          -344.51248824078954      
12          -543.13533865678596      
8           -114.21038054170377      
9           -202.05529867322377      
5           -85.498505021980421      
3           -31.698994822987718      
9           -378.6093802157348       
12          -472.57275147944819      
14          -974.35046852676714      
5           -30.964211027019431      
5           -100.56494940255953      
5           -206.32030842021024      
6           -69.626233069524815      
8           -393.75035825610507      
11          -96.056111485857429      
7           -95.397952823907701      
12          -529.05110066173961      
10          -707.42526108118057      
9           -121.73471544082632      
6           -8.2208901026540566      
4           -11.540646042846154      
6           -385.92762965603094      
8           -403.24558368948323      
3           -1.764339832991862       
7           -357.79637403895089      
3           -1.764339832991862       
10          -213.54225256044489      
5           -172.96848445864686      
6           -48.67811212861298       
8           -352.79014662288489      
10          -506.11961110780788      
11          -587.63808049793818      
9           -480.22494233966916      
11          -456.36108364817301      
5           -37.742362344391928      
5           -305.86193024680369      
6           -39.47423153666805       
4           -6.8510879266905684      
8           -327.26928780215172      
9           -620.96758148014271      
5           -4.9009439805329498      
6           -124.83550546239847      
8           -114.12675263891268      
2           -0.78415103688527188     
4           -3.1366041475410875      
12          -248.86672594871655      
4           -11.03683871800285       
8           -246.87775027567557      
8           -20.419082725814661      
9           -91.448270754291329      
12          -568.19638787034444      
5           -201.2021544966212       
7           -33.933499051915106      
5           -40.22866748353298       
5           -17.236809281812899      
18          -1217.9424645103245      
11          -601.22259056753262      
11          -467.42181748824225      
8           -59.84301272616419       
3           -1.764339832991862       
6           -315.85190678983332      
9           -421.93967930649006      
10          -326.21059353713201      
9           -180.58014821820061      
15          -818.66591484335731      
9           -288.06294645938846      
12          -398.67141432387422      
9           -344.5080470940037       
7           295.51972953413957       
5           -129.52420413672456      
3           -4.1606700225890378      
8           -247.04682393482244      
8           -238.40384673153531      
7           -218.35629043382272      
10          -186.44564266866465      
9           -350.24412909619809      
7           -45.706819809988488      
8           -147.83266110299633      
6           -109.44314768692961      
6           -75.136814921022662      
9           -316.00530377720122      
6           -277.79230758238685      
12          -986.82809936252681      
6           -220.97814221559821      
7           -136.582693631598        
7           -126.48851025044635      
7           -173.86512999006729      
7           -40.026639017054038      
9           -202.10884908635313      
12          -788.20315462905421      
4           -131.91936531688339      
7           -141.44046714248077      
8           -112.36902260777298      
16          -688.93890027452358      
5           -7.813324918595983       
3           -67.534974464625492      
8           -185.16838486110365      
4           -752.55700087493233      
12          -565.79389513722003      
14          -613.70143512228196      
