420 1 -3800 35 35 35
13          -5606.1288981776188      
10          -769.72064509487825      
3           -579.03640922848263      
5           -397.97049070138451      
8           -713.83857354696136      
7           -1252.0300344263483      
5           151.63485371892276       
15          -4221.4955543352917      
12          -2466.7321330071127      
13          -2910.2671587291975      
11          -3238.5918250308114      
7           -171.16781297667092      
5           -534.22526537713225      
3           -81.998753944759088      
6           -516.72387587977289      
7           -1278.3983311507948      
12          -1928.997500971619       
6           -886.83748564395057      
12          -3876.3829525194628      
17          -6650.9087050900389      
7           -1832.5740572075219      
11          -420.0094649010191       
9           -1274.8699552825128      
8           -3357.2526067181439      
6           -1272.8251599193459      
4           -26.687969082327182      
13          -4214.8098256527719      
7           -4019.3341100302114      
7           -1029.3313925304817      
10          -3464.6610642277506      
3           -300.08645487675733      
5           -36.039618639964239      
3           -64.111823955613474      
5           -41.946494563493701      
8           -719.09989003901933      
7           -2012.9411166219054      
14          -6376.8982376286804      
13          -5806.3564724298576      
6           -1344.3402583021705      
4           -23.065355929577112      
6           -564.48114281485334      
13          -4080.1674027514305      
7           -536.81271226104695      
9           -1214.8898426473161      
11          -2686.1839076095143      
9           -1750.4314804901578      
12          -2968.5267539533274      
6           -961.98573315254009      
7           -3156.7261365134423      
9           -2771.9024743217656      
9           -1294.5312636356684      
6           -36.401431472271845      
6           -934.72360410050271      
3           -20.409729032254727      
11          -4824.9327476756298      
6           -2092.1532463261055      
10          -1639.9025200276951      
6           -431.7493850427831       
6           -59.144009120833978      
9           -3063.3199965562872      
7           -955.17186853697581      
4           -36.487806272016229      
6           -147.25534426498058      
3           -14.082590769997779      
3           -12.974262710387126      
11          -2659.7331822307801      
8           -4218.4395823407012      
14          -1046.908630115294       
4           -46.420820458695133      
4           -27.74417522502041       
7           -2405.5242749391759      
15          -2557.4523293240541      
8           -1872.9132514835046      
7           -1587.9245671644999      
13          -2125.8782054956118      
4           -1134.3741691870634      
5           -761.72856455864587      
16          -5822.9141544435952      
7           -268.54365220993964      
11          -4869.2297548810111      
11          -2599.3074437581513      
14          -4977.3644160601052      
6           -57.695401149217801      
12          -2001.4702306363404      
3           -1356.134191851211       
8           -456.62479500031122      
10          -2430.7733029167848      
9           -3386.3508550336333      
8           -2681.1671648735501      
12          -2558.4958138888351      
6           -104.74783462109414      
6           -532.5083356191185       
5           -36.039618639964239      
4           -990.82693607422596      
4           -23.065355929577112      
11          -3011.2612005648161      
11          -3103.0233437988754      
5           -238.04442440657468      
10          -3118.5378069515332      
9           -1336.490274420732       
5           -298.90051656827353      
