420 1 -3800 35 35 35
7           -180.82198289310114      
7           -59.17869215913835       
6           -11.685962321787429      
2           -0.78415103688527188     
7           -288.98816488559646      
14          -548.61976407903103      
6           -196.43502002372145      
12          -511.37717275707433      
14          -621.95136777337621      
17          -1572.6722147423159      
13          -907.00837523664472      
7           -13.841616475191486      
10          -385.60506765417796      
13          -360.95555331094522      
6           -136.65672620631796      
5           -58.223824526548839      
8           -218.26218194311258      
13          -733.55796255385485      
7           -258.80268306231721      
6           -137.28000251538026      
6           -27.096499555715276      
5           -364.57759290752745      
5           -134.25817791617419      
10          -654.73929463590378      
3           -52.434832084513125      
5           -198.22603194705508      
4           -88.238897204767994      
6           -7.0573593319674481      
4           -128.21697833055475      
10          -392.74425157675199      
11          -554.69346559430892      
8           -233.88815156601166      
8           -56.205939579676702      
4           -3.1366041475410875      
8           -67.711502114419261      
5           -147.02053146906263      
8           -279.52600643550727      
3           -8.8833047644802452      
6           -169.73165421268553      
2           -0.78415103688527188     
9           -326.42929197479219      
3           -6.5462270645273035      
3           -138.15652600206963      
6           -50.718429180778237      
3           -182.95258885092247      
4           -123.00409454275123      
4           -23.17735754144725       
7           -124.96392909220057      
6           -101.6734692036005       
7           -101.62873182366107      
2           -0.78415103688527188     
5           -24.219563713680731      
14          -1079.2014312249471      
14          -1043.4036345613154      
3           -1.764339832991862       
9           -330.60918093577641      
5           -53.748670731960999      
10          -368.34766509495427      
3           -25.656635718394977      
8           -233.14519992606469      
8           212.10434944716744       
17          -1512.6366561431619      
11          -577.68485756608936      
3           -86.776990395816654      
5           -7.3015074320531355      
4           -3.1366041475410875      
8           -415.89916858477523      
8           -346.62562908912565      
7           -301.43641288620796      
10          -311.98330179267754      
6           -127.72102188780941      
6           -173.32020186659616      
1           -0.19603775922131797     
3           -2.796543447832553       
3           -1.764339832991862       
11          -459.77652158221525      
5           -9.6577961067136329      
4           -102.32926582495881      
10          -264.27577659712705      
12          -167.37470472986678      
7           -115.6286880827883       
11          -791.42445708443722      
6           -141.51641386392384      
8           -343.90900373338309      
5           -10.08134741222473       
9           -766.11834718680507      
6           -75.425946912559013      
7           -23.155382464091854      
6           -257.97753623650181      
8           -106.24893653086978      
10          -247.75254608289188      
4           -4.5597008022191075      
18          -818.99728772034155      
6           -34.100748838306792      
11          -380.66202159577995      
17          -1681.2085479671898      
13          -741.89004059870547      
5           -45.224944622981695      
9           -96.000989464393868      
6           -34.075920649853195      
6           -57.306359802873388      
