420 1 -3800 35 35 35
13          -5599.7944023297487      
8           -3033.6583215017563      
6           -93.769728107944957      
12          -1611.6820248203612      
7           -490.41465111029447      
8           -1032.5425634411113      
10          -1345.1754264452406      
14          -3300.7829688002939      
11          -1964.686927977481       
12          -4530.3397454145161      
12          -5451.466630879574       
13          -3617.6031731305866      
4           -22.368231355285399      
5           -100.79298491429176      
4           -107.43660999257997      
9           -3570.1913411773639      
7           -1779.5353349891807      
10          -846.46243017263771      
8           -1156.4143527544293      
6           -317.32340401503291      
7           -1164.8194712041454      
6           -1200.7962068416982      
12          -1468.3533509028193      
2           -5.5920578388213498      
7           -93.950836988500981      
14          -5099.7556807742058      
11          -2733.7376304313666      
6           -60.11810004551495       
5           -1276.8119523838989      
15          -5010.4040874155935      
10          -4696.1575136037463      
8           -2702.8935447536915      
5           -54.936010244470339      
11          -3448.4370267232716      
6           -100.88609176445097      
14          -5808.9836230619712      
2           -5.5920578388213498      
5           -675.51667316275928      
8           -1626.5223619687231      
7           -1156.510700186828       
15          -6980.4591570010225      
8           -642.98982289456376      
4           -22.368231355285399      
9           -3206.5672997043803      
4           -720.2206038927161       
2           -28.692138820584141      
3           -12.582130137348038      
2           -5.5920578388213498      
9           -1108.3446484264066      
3           -19.874053032649151      
9           -3812.9517486001178      
3           -268.51726239373482      
8           -1181.3468533449543      
6           -767.53763389289111      
8           -1093.0521705498008      
11          -1835.4834077604078      
8           -912.50670377763436      
13          -4582.2919223298732      
11          -4500.0824226934228      
6           -4640.6787889164953      
8           -390.30668009974266      
5           -72.981081647708749      
6           -171.63297577512157      
3           -718.27667742977781      
10          -1963.1880756264859      
3           -12.582130137348038      
12          -3841.1380085864253      
9           -1328.2081249247876      
9           -1209.1938865109125      
9           -2005.0392734151776      
7           -1410.3472029526679      
11          -2179.3884320013522      
7           -644.80486234396017      
6           -616.04329786642586      
14          -4840.8743201456764      
5           113.81669594495159       
9           -1887.4737808688476      
12          -3377.9163335036405      
10          -2262.2990154599534      
5           -132.44318588560608      
5           -716.50327898478747      
2           -246.77464290515093      
7           -874.76483845374867      
13          -2963.6836594527031      
9           -2292.7091161997932      
7           -273.68211739183619      
5           -539.95074126444615      
4           -29.875023619158934      
4           -22.368231355285399      
9           -2612.506121501212       
6           -2646.749712229258       
6           -294.40817790748133      
8           -1026.8760754134803      
8           -1143.7469997073954      
14          -4004.5860676769498      
15          -7425.1882738931718      
9           -3117.2822245192738      
10          -2860.3826039079499      
4           -22.368231355285399      
6           -1177.2534911595462      
15          -7556.7071243121745      
