420 1 -3800 35 35 35
14          -5880.1047358823134      
7           -510.13443088388885      
8           -1193.929919943575       
8           -474.20039804391632      
1           -1.4415847455985695      
6           -291.21105494311394      
11          -5691.4635546938516      
6           -3166.4374397351453      
6           -845.40168764594625      
15          -3741.9897305634058      
17          -6049.5158763908485      
4           -23.065355929577112      
10          -4334.1820773204427      
24          -8836.9162867920841      
9           -1697.1645638334808      
6           -4379.1625906460713      
7           -716.2255163876016       
4           -106.95567180031011      
3           -12.974262710387126      
5           -1054.7445708513887      
8           -457.15570633003364      
6           -1046.6645278342401      
11          -6775.2808396853743      
6           -969.454218393009        
10          -2564.5080257415857      
4           -23.065355929577112      
9           -2406.7111226594511      
7           -794.64310191243976      
7           -408.62108649363756      
6           -99.411906136438816      
6           -1037.7620371162016      
3           -12.974262710387126      
12          -2257.9875304117395      
8           -2089.1650945394758      
5           -149.68614174065553      
12          -3803.9624809433535      
5           -80.513968270167567      
4           -2795.9133186196482      
3           -12.974262710387126      
8           -1801.3453512896665      
7           -381.38561994861857      
3           -12.974262710387126      
10          -1134.8396579654402      
10          -2510.8132814654805      
10          -383.80389580381268      
7           -1376.6237067786706      
7           -1482.447768737559       
6           -254.75722560657846      
4           -23.065355929577112      
3           -12.974262710387126      
8           -898.15333261679041      
11          -3581.8480545365164      
10          -573.75105618367604      
6           -536.2989924895486       
6           -685.76903789245227      
13          -5240.9083087318841      
13          -2699.3847182456407      
6           -1058.8709152462081      
10          -2649.9723305626899      
6           -169.90423653945371      
1           -1.4415847455985695      
6           -2430.2425404879723      
7           -1422.7955885089646      
7           -2069.1635670351934      
5           -73.470408685595345      
6           -1356.9304058228322      
12          -2018.2793345150246      
8           -845.41682307579458      
6           -1147.360229855208       
11          -3035.9069877980282      
10          -3080.6224115230384      
10          -2807.9135510917799      
6           -136.908096009433        
5           -54.137327710626899      
8           -1381.2818342766743      
2           -5.7663389823942781      
11          -3598.1504792879723      
11          -2437.2930015561606      
2           -5.7663389823942781      
8           -1762.9438532211473      
2           -5.7663389823942781      
8           -1302.2119681208524      
4           -23.065355929577112      
5           -37.662700897746674      
10          -2884.1024701626061      
17          -6919.6520461921127      
4           -23.065355929577112      
10          -2826.0871950697606      
8           -842.79362950315942      
3           -12.974262710387126      
11          -6650.9559676327754      
13          -4505.8853754292568      
8           -172.18361112263813      
7           -528.01328622207279      
9           -2106.3393403383366      
16          -6650.1721406903653      
21          -10991.011802571         
4           -27.606630435766139      
20          -12616.262621018241      
15          -10088.642734023904      
3           -12.974262710387126      
