420 1 -3800 35 35 35
6           -154.56949830236729      
5           -132.83165007925444      
7           -260.80954174571644      
3           -7.4622254096726142      
6           -49.777425259988263      
7           -50.103748690617628      
3           -2.8997478909433143      
14          -541.61292380240116      
3           -75.286435313469283      
5           -17.035843895800852      
8           -335.57000241535587      
7           -219.52403535032022      
14          -736.74695441498545      
7           -54.18481711981994       
11          -346.96420173294985      
10          -117.76800084339143      
10          -384.08633902246225      
9           -502.00051012135054      
7           -82.008333155875675      
10          -227.14964429504622      
3           -1.764339832991862       
13          -210.44341484196258      
6           -343.99821738762387      
9           -367.49585525989164      
12          -771.92409336466676      
5           -11.971164452602563      
10          -521.61804667066019      
6           -51.040268945417559      
7           -253.51222772162308      
9           -304.06387209376351      
7           -537.43772035657412      
15          -850.76132578137094      
7           -85.718291051901389      
8           -185.77996589696735      
4           -128.77589948878307      
2           -6.3087531549790672      
6           -32.125673533271815      
5           -277.65138538287283      
7           -243.22091996547488      
4           -4.7663463716345769      
13          -505.90555319010224      
8           -270.90125444607253      
5           -6.7449941026205522      
11          -451.82660224076295      
4           -13.134108607165878      
3           -5.3071812678038466      
7           -198.11329354922577      
5           -40.044760324783972      
9           -542.89216075711806      
5           -57.168784939512221      
10          -315.83743482533589      
4           -58.484608236687869      
8           -220.64850016944004      
2           -0.78415103688527188     
5           -173.10564656772124      
6           -128.53068169007418      
16          -580.486502410649        
3           -4.9092098938599209      
7           -172.80028383727105      
6           -13.496015481965873      
4           -10.712177645875654      
7           -224.43815102145822      
15          -312.20757570455942      
11          -545.42966465748725      
9           -753.50172740397329      
8           -216.58162552657902      
13          -943.50452438082368      
15          -910.19092605261551      
9           -86.646309867430617      
17          -1360.3703864000302      
10          -1174.3833857509148      
8           -381.39390361345193      
7           -230.10803740409014      
8           -83.90776236721463       
5           -27.026219818531388      
8           -222.59707405261321      
8           -510.20918918192575      
11          -526.73676985572524      
16          -1161.7848403293533      
13          -1055.9524000543513      
1           -0.19603775922131797     
6           -148.09287364296637      
12          -608.64277778035057      
5           -53.81320607191924       
12          -451.39469335441845      
14          -551.14032849330363      
5           -4.9009439805329498      
6           -72.79027785021951       
4           -31.247879629615365      
7           -144.69837399936074      
8           -330.76800540948659      
9           -220.30045898439693      
14          -1123.941858431572       
8           -172.95161176116576      
4           -174.39010747708559      
4           -47.230108612617954      
7           -209.32280149450378      
8           -348.3201977315768       
4           -70.242020738962694      
6           -10.775123005779342      
8           -99.160525843875718      
