420 1 -3800 35 35 35
4           -56.910423145359573      
12          -1108.8012089864878      
10          -723.41774674588657      
11          -416.9340063305753       
9           -417.6489873287216       
3           -34.475465603320046      
5           -101.61885846309947      
3           -415.3325239953312       
3           -4.9151464993215725      
7           -438.5455307475728       
8           -1605.1331888934064      
11          -1143.6942796210626      
7           -566.82624424308619      
8           -84.900590401517888      
9           -770.51939132351924      
5           -368.81745789929425      
5           -133.14717755845396      
4           -8.7380382210161294      
4           -8.7380382210161294      
7           -121.50492079755843      
7           -440.29311751537995      
4           -8.7380382210161294      
15          -1325.6053735616317      
3           -58.475720030336845      
8           -430.23319095491547      
13          -1040.2285984264154      
8           -288.71052968802201      
8           -844.04008295206575      
8           -1092.9157610475359      
6           -24.115525935428529      
2           -2.1845095552540323      
4           -837.91188739097754      
10          -966.60410823990173      
7           -183.34263669126418      
10          -603.82002487217835      
8           -496.44542325846771      
10          -745.18395965303796      
11          -629.65553781297831      
0           0                        
2           -2.1845095552540323      
4           -38.270859931618631      
8           -222.77477387507201      
5           -430.97941023330509      
7           -478.03643729187138      
8           -495.4566926170387       
8           -786.69839919773483      
5           -331.22903487539963      
17          -3330.4870541616347      
15          -3585.1193095674435      
4           -8.7380382210161294      
4           -247.2741034116429       
7           -599.93356344665062      
13          -934.08896594513408      
10          -343.195140540821        
6           -178.15563719108954      
11          -1771.0341285740435      
9           -556.25664404441193      
14          -963.98133927080482      
12          -879.90396983102983      
9           -458.0035575546367       
10          -758.57966601084183      
8           -708.7199991673964       
8           -354.46811060813633      
2           -2.1845095552540323      
10          -316.87565520968639      
4           -47.216033416729289      
9           -697.50850873114871      
8           -415.91553638979258      
17          -1869.7082364377261      
14          -2009.010448545517       
3           -4.9151464993215725      
11          -1271.1199111469919      
8           -430.32500987724325      
13          -1397.2150570123131      
10          -1931.8948989206594      
9           -1135.1309602959282      
13          -2309.5835290753321      
10          -977.26028483214884      
10          -685.83098034300099      
8           -177.84098885586923      
5           -15.891529952362484      
11          -978.74111515630852      
6           -969.55973728541892      
8           -580.40068793120599      
6           -34.384238115105973      
9           -401.1971568622817       
6           -162.44118329599229      
8           -1260.2229987549522      
10          -459.18204131428752      
4           -17.036337181251128      
6           -651.63035444538582      
14          -1033.1126671342226      
7           -226.84806977717636      
6           -379.58740543385625      
8           -763.96233752971659      
6           -19.66058599728629       
12          -865.72792972456159      
4           -28.348085480068647      
5           -208.28909542297473      
3           -355.12343939838053      
4           -16.734193458545288      
