420 1 -3800 35 35 35
5           -874.12247266339148      
9           -1653.4624826677709      
11          -3661.093366440266       
8           -3110.8134241489461      
13          -2583.616749489519       
10          -1244.7902310990828      
11          -2595.528462403538       
6           -858.4288807310835       
6           -168.18154933269477      
5           -468.0580923740622       
8           -1032.1618052365823      
6           -1143.4787768669507      
11          -1245.5693333836966      
8           -347.57030099612825      
1           -1.4221550714141524      
6           -341.08671207413511      
3           -376.98401588230001      
6           -376.04923511543666      
11          -2205.9472134697858      
9           -2885.1669759343422      
2           -473.17062443732533      
6           -443.85417431736812      
12          -3261.8377000800942      
10          -2822.0410876721985      
8           -1476.5290678739843      
4           -717.78159878448764      
8           -2758.8262653007832      
6           -610.27674113578939      
11          -1845.0438631456673      
3           -15.203934503786968      
9           -470.25707179492389      
13          -3543.6529079206393      
5           -2980.0906332254976      
6           -1054.040692824341       
4           -52.611859287365064      
6           -223.46317381437328      
4           -35.496130032295532      
7           -354.68196342816185      
5           -830.90048800369664      
4           -520.08290694242805      
15          -3425.7555673688539      
11          -3680.5891192637309      
5           -652.76973764082527      
6           -218.43759258577532      
9           -3503.212675776379       
6           -857.28330096532056      
5           -1362.3925939047601      
9           -3061.584286375366       
7           -2280.3673556860294      
5           -2947.7366724471867      
3           -12.799395642727369      
6           -574.42941373316         
2           -5.6886202856566097      
14          -3881.9333827044738      
20          -11632.047844963623      
9           -487.14774564935584      
10          -4525.3840177901284      
13          -2064.7266517989983      
7           -467.36702201136626      
3           -12.799395642727369      
3           -757.5872012700529       
14          -2361.4360266614367      
14          -4524.2582191154625      
4           -28.970199668826289      
9           -1114.187955005711       
8           -3824.6633059423966      
9           -878.82710611519815      
14          -5386.5701708613087      
6           -1542.6519676813848      
4           -51.335754717415377      
6           -92.190892768420383      
5           -227.22622104593216      
4           -731.23456924536754      
8           -3358.4767027138732      
10          -2162.6433992904254      
6           -151.31626189179539      
7           -284.21490006835205      
10          -3305.5394258103488      
6           -155.0199951009397       
8           -945.52910113909638      
7           -359.61531435237367      
3           -370.07640331730079      
7           -2746.8390223673382      
11          -3590.9183619785072      
5           -36.714145390802273      
10          -2697.5621606725886      
6           -905.77458888874708      
8           -242.45674138639103      
5           -72.872745895608247      
10          -2000.5566610680162      
9           -1851.3350158630806      
4           -22.754481142626439      
5           -283.61961644849123      
11          -691.37089475160553      
4           -41.499695282047014      
9           -1898.9789830069913      
6           -191.48048291755504      
5           -1041.0222233259917      
12          -2303.216683874401       
5           -786.24015511314462      
8           -697.86166211956061      
