420 1 -3800 35 35 35
6           -1042.8897875106522      
5           -947.06356934163489      
7           -1496.7238736951283      
3           -30.541408369043872      
6           -566.91173076256041      
7           -397.07755720872927      
3           -16.093110052279712      
14          -2904.0377495994953      
3           74.831499888834344       
5           -112.35730638234257      
8           -3110.1716600388772      
7           -1126.8518168497808      
14          -4132.5124084678928      
7           -353.29991160763234      
11          -2692.3703654979295      
10          -2205.9609062069899      
10          -2309.8221064994968      
9           -3238.1508579302672      
7           -263.92344113061563      
10          -1802.3305243325451      
3           -12.799395642727369      
13          -3232.3580713691704      
6           -1701.5920432484106      
9           -2634.0539653220162      
12          -4913.2871944425342      
5           -58.120929119021753      
10          -3410.693732334661       
6           -342.98351495015743      
7           -804.2742834324963       
9           -1687.526127689486       
7           -3719.4964147686574      
15          -6258.6163692080072      
7           -564.41875910643398      
8           -867.2991213949075       
4           -432.17944247430023      
2           -19.544734683401792      
6           -135.30310088992863      
5           -1952.2585212198917      
7           -864.53993621772054      
4           -25.375487931534511      
13          -2594.7163113520974      
8           -1372.5548341551128      
5           -42.786733255365775      
11          -3008.5071233153899      
4           -67.395095773331178      
3           -27.466323924713098      
7           -1107.0447702520485      
5           -265.21096316191807      
9           -2675.2699108733141      
5           -198.13344342726589      
10          -1592.4691330716953      
4           -233.37286596763468      
8           -1792.900878279605       
2           -5.6886202856566097      
5           -479.40256605933411      
6           -533.17435919384263      
16          -3684.6510899569494      
3           -39.189209675784781      
7           -697.50595047940783      
6           -65.98707228666693       
4           -58.22770654407686       
7           -1146.401985023509       
15          -3855.0912878828576      
11          -3667.5322423544321      
9           -7234.0843280611698      
8           -1843.0630908981061      
13          -5123.8550214109573      
15          -4772.6193488506806      
9           -3365.3605090293067      
17          -9030.7044908852731      
10          -5601.3726319485368      
8           -1708.7501926160028      
7           -1920.8559189899263      
8           -563.80364362878561      
5           -223.76575791976489      
8           -1914.6844798747272      
8           -1333.4079818034083      
11          -3130.9173745695357      
16          -7206.2180018068002      
13          -6766.5304678312259      
1           -1.4221550714141524      
6           -543.13488957186837      
12          -3390.5245076362767      
5           -577.16490674067484      
12          -2212.0585273890101      
14          -3317.3401248210935      
5           -36.411398814208397      
6           -377.78006685571142      
4           -272.33408918419502      
7           -1000.9490836739915      
8           -2113.2234286892572      
9           -1863.8092767542137      
14          -7358.6632520455832      
8           -1883.592433125521       
4           -648.09362575625164      
4           -394.24513227943453      
7           -1162.9917095168294      
8           -1204.4504201704144      
4           -650.18379947877565      
6           -76.040489615624423      
8           -1401.6328066650906      
