420 1 -3800 35 35 35
10          -665.69621762222425      
3           -13.721332033146426      
7           -43.311486466280641      
8           -443.38994617003181      
6           -42.479435190545026      
9           -590.63810623760253      
12          -568.17907264239227      
4           -3.2377741778881557      
8           -344.39731864557302      
9           -279.32686003678276      
5           -124.35932455261243      
7           -95.329761890077506      
4           -28.992263219783137      
9           -841.02016492202745      
6           -102.81231998450505      
5           -12.033033868388571      
7           -136.80739218625465      
5           -281.10424553093037      
7           -183.36914655762513      
9           -198.27844069325141      
9           -250.98189265377195      
1           -0.20236088611800973     
5           -51.512260248989918      
7           -259.92411216101613      
4           -39.230309874345366      
9           -425.06594611010473      
7           -255.82529808881739      
2           -0.80944354447203892     
9           -181.53008345265945      
7           -197.69123212149196      
7           -209.21641627688075      
2           -0.80944354447203892     
5           -181.33727946395544      
3           -10.277872834045182      
11          -792.43157396684171      
7           -26.26084323058565       
11          -630.03521202262073      
2           -0.80944354447203892     
2           -0.80944354447203892     
6           -121.55171889867327      
4           -6.9838140406709464      
3           -14.346194363027934      
3           -1.8212479750620876      
8           -387.44447365588439      
5           182.04878864301963       
9           -287.51192168479321      
7           -226.02589851589929      
4           -109.32647875543969      
10          -524.51533569737717      
3           -1.8212479750620876      
10          -503.57729718834042      
6           -141.19459249307945      
6           -96.029400754333125      
8           -295.20257204297457      
10          -280.49172302165175      
10          -290.51238554650587      
8           -203.89191734103682      
3           -53.290384557458943      
18          -1032.4245509599862      
5           -14.40167225663024       
6           -120.48059961104389      
8           -593.61283142870104      
13          -614.17873087137912      
5           -69.354206789173389      
5           -61.751139924591499      
6           -272.20084003345062      
19          -533.59235758824002      
15          -1733.5716229334221      
12          -125.34467960198737      
3           -1.8212479750620876      
4           -3.2377741778881557      
8           -440.75769186057676      
10          -219.74116271783467      
4           -118.80141169037034      
8           -652.49405854314682      
6           -103.74479549180629      
9           -582.3816220714607       
6           -69.052708276507019      
5           -10.168772667668346      
7           -283.75809977719638      
9           -332.03273473416624      
10          -262.63413612256954      
6           -135.89733318790942      
3           -1.8212479750620876      
5           -5.0590221529502433      
5           -5.0590221529502433      
12          -472.78700247973188      
9           -164.35310503164939      
3           -15.80429624585714       
19          -854.94756894493855      
10          -239.49283427080186      
5           -39.564428840150001      
5           -202.28680040082278      
9           -386.84550421631997      
20          -1559.4742315181252      
18          -1281.3175322506952      
11          -648.77318579601558      
7           -343.27686992578691      
5           -175.2067588075646       
12          -448.60733144660719      
19          -1475.5489803982039      
