420 1 -3800 35 35 35
19          -1475.5489803982039      
12          -552.42418391746855      
10          -395.79724413181458      
6           -13.855492728173113      
5           -58.223006459674565      
7           -278.77142290069753      
6           -102.26735645606655      
4           -21.059992246000721      
3           -107.68152034506033      
7           -159.29821176522788      
3           -1.8212479750620876      
9           -301.96880269269741      
7           -109.76032321517522      
4           -67.488162480708453      
5           -10.801481295475829      
6           -138.41671992575743      
5           -248.64218810200109      
9           -41.49318573437867       
14          -528.16953124057352      
10          -157.4343310262814       
8           -107.30297053573231      
7           -366.12513296013321      
3           -4.3041432698507798      
7           -26.457904662569         
11          -530.93598683574601      
2           -0.80944354447203892     
9           -394.76558030517469      
9           -35.681107518192341      
6           -12.782316483969399      
9           -761.48691742415406      
9           -414.08199545160579      
6           -85.825514549236004      
8           -423.88195436066457      
5           -76.922243371421686      
4           -6.55823473586217        
7           -257.09164405716234      
7           -109.57988101135464      
5           -8.1476244329905469      
1           -0.20236088611800973     
6           -110.37381552094007      
6           -27.060627580987141      
3           -33.398410794493245      
9           -440.70196715240758      
8           -314.10266789869456      
4           -52.932514867342221      
4           -18.487219631033412      
7           -231.23597401495343      
10          -520.93608640472144      
4           -44.454542159708041      
8           -363.88211243751846      
12          -425.48158820186802      
6           -147.01082541425984      
5           -7.7607676851070071      
12          -472.25780072344378      
7           -302.5520117462745       
4           -3.2377741778881557      
8           -213.26251548856374      
7           -131.68305019129656      
9           -325.22915329680944      
15          -334.82103141991354      
8           -62.997774027995568      
4           -4.6923546157407152      
4           -41.488180259430095      
7           -220.77950208277989      
9           -206.83750542036213      
9           -135.18316613200051      
13          -553.98991276302081      
7           -21.3643719910512        
10          -234.16753238384871      
7           -160.037648636706        
5           -30.156439712571633      
11          -252.40477605725391      
7           -40.322415653391026      
7           -73.160830053918474      
9           -485.30210619110653      
15          -1449.7386179657899      
9           -322.72262752270996      
4           -170.75730417079799      
8           -240.11653548446094      
5           -77.942153929740741      
6           -147.16386552500941      
4           -18.277717612739927      
8           -87.691379121648808      
9           -609.61566485502181      
4           -12.191967813564089      
7           -105.33407582740389      
12          -715.9660837674852       
7           -197.71738631543084      
9           -352.09902517951213      
6           -126.06223928122557      
5           -36.718833159846866      
2           -138.39558060787087      
6           -75.86248322646901       
3           -1.8212479750620876      
11          -493.17447149413493      
7           -338.63194839728726      
4           -173.23798929201649      
3           -5.5033556391076335      
17          -178.8452179235278       
7           -45.234567861373264      
7           -283.67140314085782      
