420 1 -3800 35 35 35
6           -17.34625277592259       
9           -549.44498916999328      
11          -159.40654436753564      
4           -39.900675422961612      
7           -331.89459839668842      
6           -139.10271408316834      
5           -12.980024778939438      
5           -20.10483171149707       
10          -351.13902224666151      
12          -699.75292936975347      
10          -303.73794475303083      
10          -216.39448609451418      
5           -28.941572802152031      
3           -4.8835996264808497      
10          -245.34520455606244      
8           -352.38309701988629      
23          -2112.0849638400309      
30          -3284.07180309655        
7           -119.52688461091677      
9           -169.77304781848295      
5           -300.68347132215717      
6           -124.587709938694        
5           -7.6325537810691495      
4           -175.00676772369204      
5           -25.313082501719848      
9           -246.05643291752187      
5           -4.9009439805329498      
9           -107.61337508723834      
4           -8.13408217259901        
5           -135.51728485565914      
13          -260.72800171583941      
7           -247.64838763410256      
11          -203.32384583245206      
4           -5.2264432609029718      
8           -106.41373293143893      
13          -387.67332164010912      
7           -41.868411954388073      
7           -459.5085794923242       
2           -0.78415103688527188     
7           -220.49599958549328      
3           -47.667615435946061      
9           -186.96548612883521      
9           -479.25877265428414      
5           -8.8367386793668601      
12          -642.54700913999716      
6           -156.0038503829073       
11          -276.05944077150036      
7           -46.375383974783261      
8           -230.78309160696065      
4           -148.32819874118942      
3           -1.764339832991862       
5           -331.96842383561977      
3           -1.764339832991862       
17          -911.52167544488555      
7           -38.189358745051706      
4           -18.258790690087206      
7           -341.8069985125066       
8           -291.07560176740031      
6           -130.83108244139072      
4           -127.43362531901062      
12          -270.27998829676358      
5           -21.437242283458644      
11          -130.061521076546        
10          -555.68070236434698      
3           -1.764339832991862       
6           -103.26120903646938      
4           -6.7955810116730744      
12          -387.54396001067016      
6           -13.519630123894473      
5           -69.054399813654996      
4           -4.2012860274489805      
3           -75.693197709410157      
5           -47.144784906624913      
9           -191.96064914312208      
9           -338.82669108999363      
4           -12.359335774838135      
7           -69.645949284042928      
4           -12.131950031232623      
3           -59.78862625495487       
11          -393.50396982710038      
10          -234.24886403788321      
4           -23.293945186515817      
10          -232.11731641139241      
9           -305.02843469133165      
12          -260.676493540286        
15          -945.64545984980725      
13          -700.03682129406127      
13          -454.71269449190896      
2           -0.78415103688527188     
6           -227.3167532875577       
7           -163.04330741193363      
6           -122.75709218173408      
7           -416.51324817379037      
5           -122.4716372902593       
7           -156.69832144841422      
4           -50.102934476088954      
8           -43.441401809363946      
2           -0.78415103688527188     
6           -21.144619783944947      
6           -28.615456618743409      
4           -45.03035679075591       
