420 1 -3800 35 35 35
7           -639.59841562133215      
13          -1364.5833837308433      
3           -23.356800573560712      
5           -21.99290019465564       
4           -88.304299952061484      
7           -364.6761091632589       
19          -2573.8863085333055      
12          -1606.7622649568361      
11          -2431.966240813495       
16          -2032.6221308788226      
13          -1338.4241180997537      
7           -152.72902818015956      
5           -64.403320913696945      
14          -1397.1966426390388      
13          -2281.7975727725557      
7           -208.75686523566404      
3           -5.0652101507596221      
6           -36.411847548888872      
8           -352.5895969694202       
10          -840.32177787876117      
12          -2506.7586562293504      
7           -97.48756700611284       
6           -167.29879375385548      
10          -1162.897360765458       
9           -624.90133602231106      
6           -21.067284332575717      
6           -572.94575407176626      
10          -465.98752062668473      
7           -903.21899228329448      
6           -58.709301245372686      
11          -1915.9708887601016      
12          -582.58388672389356      
6           -43.814221497378014      
6           -102.2750828848969       
3           -5.0652101507596221      
5           -320.09001338014195      
4           -26.963066247395428      
9           -621.48133816960137      
10          -459.1977346787736       
7           -491.64725401092966      
8           -387.34775414340436      
6           -174.23101010869573      
8           -630.48391507682163      
11          -740.73900041428385      
5           -25.018312488677623      
5           -17.959036599975089      
4           -14.79779254073485       
13          -2028.6669391026471      
8           -519.45836562162674      
8           -631.70576100055337      
16          -2679.7125022453429      
9           -1185.5610475249314      
4           -209.08088460170447      
10          -488.46833369055292      
6           -46.900678639959374      
7           -678.58756750651082      
11          -649.02285650969009      
6           -379.71750221038138      
9           -480.80198987261718      
7           -391.17272771375434      
11          -761.98471219244755      
15          -3595.1083365066402      
11          -2529.9398149445728      
6           -228.13842573741664      
10          -1341.4820228602891      
6           -172.51647259547747      
12          -1081.4736102605375      
4           -25.503818842496912      
8           -368.45060803489855      
14          -2164.8700719560475      
3           -15.766865162226784      
8           -639.18795528877331      
9           -1142.8251241398855      
6           -427.95307603639873      
12          -2177.9355037094479      
9           -730.38986772145813      
18          -3186.2422439963957      
17          -3416.8460407996436      
11          -1817.112026596991       
5           -96.244672729088265      
5           -14.070028196554507      
7           -222.21064412720662      
9           -944.60131614037061      
7           -244.19292661880621      
10          -580.61386279799001      
13          -1949.7163971256737      
10          -1280.7524583476511      
10          -1219.7958210367353      
11          -2074.4334141861323      
3           -5.0652101507596221      
6           -81.345909714552647      
11          -873.54145284807771      
1           -0.56280112786218028     
5           -922.00643827628585      
7           -29.387538890898643      
8           -509.55497958212629      
3           -5.0652101507596221      
7           -90.997743929103606      
10          -325.07079383688711      
10          -877.31844647157936      
5           -346.22009788540646      
