420 1 -3800 35 35 35
7           -202.65307914356936      
13          -526.6825090821302       
3           -13.666916766644974      
5           -11.523677475019301      
4           -145.54348745982944      
7           -138.05721326703025      
19          -1187.8519182873488      
12          -440.18382326791209      
11          -631.53457991778339      
16          -1335.9380885536737      
13          -1163.1466783743622      
7           -58.122595927266055      
5           -88.769577234756738      
14          -493.24037323264156      
13          -977.93671834762984      
7           -199.5625402078679       
3           -1.8212479750620876      
6           -26.988238152982834      
8           -296.21855967173093      
10          -278.32514209832692      
12          -1134.6179370979301      
7           -54.006114777806218      
6           -91.71814782073838       
10          -575.66148968077005      
9           -144.58253528964252      
6           -11.469792365596845      
6           -241.51552865845252      
10          -103.72090499565724      
7           -334.84298755354814      
6           -27.518133647948602      
11          -785.23975006183184      
12          -319.04542978459313      
6           -24.823633647976731      
6           -172.76044491409743      
3           -1.8212479750620876      
5           -204.66010529015108      
4           -13.290098819705213      
9           -232.11319529797686      
10          -248.64226228653214      
7           -163.63470182781575      
8           -413.62682978186274      
6           -90.473333021401999      
8           -268.14530015297788      
11          -534.11405188477772      
5           -7.1613431204240445      
5           -15.149240650049801      
4           -9.2052488337849852      
13          -599.4215470373          
8           -168.30069243396596      
8           -107.77810400918003      
16          -1103.8820852091517      
9           -504.01796715376872      
4           -97.375331237861786      
10          -315.55217554112272      
6           -64.284832719545264      
7           -354.01658856708747      
11          -560.97563562009543      
6           -272.29974094961983      
9           -313.20780073998787      
7           -189.688760636084        
11          -538.60052953658612      
15          -951.54704683396528      
11          -773.15146878854614      
6           -154.18818250064876      
10          -657.81012203392436      
6           -127.46226656345337      
12          -691.12925496904813      
4           -5.4261439933431586      
8           -179.79396023203816      
14          -1134.1942693461142      
3           -78.623940113435452      
8           -304.12515145560781      
9           -692.9519581584882       
6           -310.57485247253658      
12          -985.61155073447321      
9           -374.46774748375122      
18          -1886.1585480942242      
17          -1787.6882268427935      
11          -1266.46348828387        
5           -19.498283429227648      
5           -7.2904788084313772      
7           -118.38127769572344      
9           -335.13469515439635      
7           -97.437462194723366      
10          -396.44765030358701      
13          -859.03088085194793      
10          -548.48552048591762      
10          -642.3711215040754       
11          -923.12010537622393      
3           -1.8212479750620876      
6           -33.380702597061635      
11          -307.34718925030893      
1           -0.20236088611800973     
5           -179.14223909718581      
7           -13.86795941700176       
8           -193.58266307115863      
3           -1.8212479750620876      
7           -103.16528944372884      
10          -143.71630561249438      
10          -366.59403239386876      
5           -205.64863094334493      
