420 1 -3800 35 35 35
5           -124.6077877453277       
3           -118.61668172242906      
10          -327.93607363361815      
10          -1501.0765137277722      
6           -136.52514402962578      
8           -176.37994927028979      
6           -298.20887337848501      
7           -108.55704264164675      
5           -391.61195773952102      
2           -2.1845095552540323      
5           -316.28611493106649      
9           -794.3655938062135       
6           -125.79727211832538      
4           -442.17529365318234      
4           -8.7380382210161294      
4           -8.7380382210161294      
4           -8.7380382210161294      
7           -526.85234062523807      
5           -565.77064911980187      
10          -988.31044884929122      
7           -772.43142336965752      
11          -1798.975968791055       
4           -97.010721125035332      
2           -2.1845095552540323      
6           -437.31356380950569      
7           -529.38807711619506      
8           -192.79008299615515      
7           -713.73601739918445      
6           -416.20546786105922      
6           -34.492386642911619      
8           -759.87769530652906      
8           -351.26372910320839      
21          -3096.1425788195525      
4           -8.7380382210161294      
6           -260.62402575730141      
8           -364.22659934206121      
6           -134.88408435761642      
8           -532.89650642624088      
5           -13.6531847203377        
10          -574.01727051652017      
8           -1064.409368265452       
10          -775.52482145359465      
11          -1437.741407606153       
15          -2498.5309446388046      
6           -367.65905756990276      
6           -1007.2451593705365      
11          -1814.4050372463712      
8           -645.76903114137895      
3           -44.151285136741244      
4           -156.75607620254493      
3           -267.90018545320856      
2           -2.9001778882741522      
9           -792.74060652416904      
9           -898.6662635886961       
6           -25.250496510817698      
5           -13.6531847203377        
5           -376.72927517936614      
13          -1438.3280256121413      
6           -215.59280111012663      
2           -2.1845095552540323      
3           -4.9151464993215725      
3           -8.256341005616779       
10          -876.97691737277103      
11          -635.57124440795894      
11          -702.12679218117694      
4           -9.4612679792801728      
8           -495.7271311899525       
5           -340.01633471604242      
5           -13.6531847203377        
4           -76.60247495431193       
8           -548.54272387914227      
8           -554.37479203092948      
5           -320.48491995889111      
4           -8.7380382210161294      
5           -1058.1625997823257      
11          -1374.2381434570564      
6           -49.896455123202223      
8           -525.70500369761646      
6           -131.4664596149687       
4           -87.280270879537952      
11          -1768.0835862882741      
4           -9.8637346060912563      
6           -77.993703521083532      
6           -598.44213694246901      
11          -1532.4149806566543      
5           -20.345197389525477      
0           0                        
4           -278.18833364801765      
4           -13.219979528759016      
8           -541.09899585909125      
6           -357.64082078600734      
5           -19.490619197126527      
12          -1812.8070463464019      
3           -493.99741471888171      
12          -955.71762556637657      
6           -255.64676212559786      
3           -92.492515654954218      
6           -279.46578452521931      
5           -779.62233143267974      
7           -968.72800849652992      
21          -2610.0147692049663      
