420 1 -3800 35 35 35
6           -86.749078858663609      
5           -265.21099622198534      
3           -4.9151464993215725      
5           -31.036784882337187      
10          -1277.3824773968029      
8           -130.94647219180973      
3           -4.9151464993215725      
12          -1505.0832153046672      
11          -520.52365292311617      
11          -981.29502716118043      
5           -92.38176294984784       
9           -725.91124156034027      
4           -8.7380382210161294      
7           -28.661441414007676      
6           -363.98413804747975      
6           -64.851253246556041      
8           -279.25204608014309      
13          -1624.2134598799792      
8           -177.01618167509616      
3           -8.5567059052180436      
3           -586.6070124839772       
9           -705.10769416247842      
4           -11.441830595330813      
1           -0.54612738881350809     
6           -21.177866335909293      
5           -170.03058175325521      
8           -520.11509871917963      
7           -607.16790640069792      
12          -972.50063870306701      
5           -566.32905021621707      
6           -145.58146511577655      
4           -30.930078728056998      
7           -81.537322719888195      
8           -73.65970484643978       
7           -528.55580280696938      
3           -5.6509694665294834      
8           -598.62663852450612      
4           -35.457362915621189      
5           -75.875852843748618      
5           -468.74598183468783      
7           -631.69691931827901      
7           -348.55386889515643      
12          -1015.5972140570371      
8           -452.9105451402844       
11          -503.028494509599        
4           -8.7380382210161294      
9           -564.39533523624016      
4           -280.05583188994302      
7           -181.85390003601819      
5           -248.01188250596766      
7           -104.93819687106364      
3           -65.514269076644013      
5           -242.81211688232156      
6           -838.49418125253044      
2           -2.1845095552540323      
8           -640.56361829885043      
5           -25.032211038770207      
6           -839.92888171112918      
7           -46.442875643341807      
7           -423.44083190574776      
12          -1358.8235066780576      
5           -108.10211613663446      
11          -1221.0434134659972      
8           -592.76096987085555      
8           -572.18795494051631      
2           -2.1845095552540323      
11          -994.44970475623222      
9           -807.40284759890267      
6           -534.40061954659541      
11          -818.53906359472137      
7           -361.47949519937686      
2           -206.19144454313985      
5           -86.093988590967314      
8           -60.558039464940386      
10          -289.91668329091607      
6           -103.87827624156427      
7           -633.44472792642284      
9           -65.492982272511256      
6           -158.31437859118716      
10          -1325.126032916444       
6           -51.468470197481508      
19          -3001.0178647655548      
7           -607.01365387594819      
7           -208.17340400197156      
5           -300.76023009511545      
7           -476.85699546396705      
9           -452.46047102448358      
9           -864.50880269325751      
9           -192.96831651682373      
11          -1505.3385868321893      
10          -1019.1510389916996      
9           -161.0479057654295       
12          -1153.4299975733193      
9           -1196.7559078647341      
8           -338.77053388502583      
9           -698.27071811112171      
9           -718.2860784514952       
12          -1509.7419202780438      
12          -1078.5548985411544      
5           -143.84346518516949      
3           -4.9151464993215725      
