420 1 -3800 35 35 35
8           -1465.2801107883022      
6           -231.21608731183738      
11          -2211.9463608616593      
11          -1676.2406027486686      
11          -2194.8895036445106      
4           -51.002467852183166      
3           -545.10416187484429      
2           -5.6886202856566097      
8           -3444.6408462398467      
6           -120.76248430432389      
16          -5654.5796965318732      
6           -114.55212210910001      
12          -4331.2973165616231      
8           -1368.3739921230067      
12          -6420.8022034417345      
11          -3859.8548030985462      
4           -602.13332561724133      
14          -3089.7227730930026      
14          -8498.4857379881323      
10          -2400.6645986815647      
11          -4861.8539761947222      
4           -43.945612120077172      
2           -5.6886202856566097      
6           -885.37274755944645      
6           -616.02974562742077      
4           -1803.5220568946881      
4           -652.51417498810429      
6           -644.97309587256188      
4           -973.18037155917079      
12          -2840.3143072121738      
6           -549.54089777304114      
7           -607.32511026135217      
3           -21.29378467039205       
11          -1747.3901745989838      
7           -280.43353808756439      
6           -1959.5966164544645      
7           -365.19502348130146      
4           -125.50242156442124      
6           -916.30328321180741      
11          -1818.9161325245796      
8           -2585.9335269410099      
8           -1101.5769859358277      
7           -565.84726262570598      
10          -1525.2912075532413      
9           -1688.5395729257543      
9           -731.95907227990983      
8           -1546.6814259074672      
16          -6368.6980465500255      
5           -81.6203736620472        
1           -1.4221550714141524      
6           -206.27757477744939      
4           -24.576450762705683      
6           -799.55831302420813      
7           -1750.5300045832651      
8           -807.9581060748626       
9           -1778.1415253048367      
21          -10681.470353454197      
6           -509.60711983457691      
7           -406.75437586020558      
3           -12.799395642727369      
6           -344.19944044211627      
5           -68.540141289514452      
7           -1535.6985870789274      
6           -717.67788201633505      
12          -4768.5902913902846      
9           -1870.9414554185282      
11          -3133.8504261447629      
6           -2002.0982710888227      
2           -5.6886202856566097      
4           -559.93386859913278      
6           -634.0980207573291       
8           -220.12249399177122      
12          -1737.7306562557278      
6           -2841.3649280195323      
16          -6768.1041089357386      
6           -76.051412720443238      
5           -46.793675199365843      
13          -3970.7012740090158      
5           -1678.2405661354062      
4           -24.365054884914134      
5           -1471.409874936913       
7           -574.83132559974388      
6           -483.66518111061225      
7           -1872.4876643928496      
8           -236.39343697307112      
2           -195.52067652504303      
9           -1941.6566134300315      
4           -803.32009526676723      
15          -5269.246707832981       
11          -4577.5948377641489      
12          -3223.2515014937017      
15          -6026.0471033253189      
7           -157.68665232020805      
2           -5.6886202856566097      
5           -87.580285960021314      
3           -15.306536126914423      
11          -2808.6359329684606      
7           -619.02714114148591      
3           -579.49464661376328      
6           -595.68489283792053      
5           -62.742839674970881      
