420 1 -3800 35 35 35
5           -6.1517286795588833      
15          -965.63509934026229      
5           -83.971908883906551      
8           -147.40187906778607      
3           -1.764339832991862       
18          -1230.8136497710518      
5           -268.20818741452291      
5           -17.951907184247304      
7           -137.09763086956102      
6           -177.91864152443404      
8           -97.333498338901379      
4           -24.083513855537507      
3           -1.764339832991862       
10          -323.94738471693768      
8           -423.68811424331972      
12          -260.97425437623872      
10          -424.85534103869242      
5           -46.72984330152007       
4           -207.46173341604239      
5           -22.096657565491007      
7           -205.24926568739991      
7           -212.51974988082128      
4           -11.600785636271238      
6           -350.80098492066929      
9           -179.29240396457325      
11          -274.07131718753766      
16          -663.50733273220885      
14          -605.68504253642834      
10          -209.05380343215762      
5           -113.10475866357207      
9           -285.93658053284696      
3           -1.764339832991862       
9           -537.32219591553792      
6           -242.19696345882247      
8           -45.441514968082238      
12          -1004.6575754797416      
12          -377.66762045914862      
10          -275.79787306209244      
4           -156.11092450704948      
17          -1066.1810730095021      
5           22.21800572123378        
8           -147.25310042555896      
9           -230.7523402869916       
13          -434.94104885695748      
13          -340.40164242588327      
8           -314.35526870613353      
5           -128.78631173553725      
6           -509.39899251993478      
9           -305.51878519350021      
3           -72.798512711539914      
7           -352.44463900317083      
2           -0.78415103688527188     
5           -92.134088519954375      
4           -4.1937905632536392      
10          -641.75436090743722      
9           -538.51623790168378      
7           -139.31000596252085      
6           -188.47865078729978      
5           -30.391366181917316      
2           -0.78415103688527188     
2           -0.78415103688527188     
12          -444.90225434800067      
4           -36.626337363983062      
6           -91.66532001660751       
7           -27.726280898830332      
6           -88.756957074792922      
10          -345.7305258868833       
5           -40.945069605555808      
11          -508.52472068525327      
8           -168.58370083285072      
5           -256.30217723492967      
7           -167.37969863002064      
13          -383.04945498918437      
9           -112.80975556227141      
12          -589.73157289260246      
20          -1186.6416387060879      
13          -641.10635887593492      
11          -190.75454939750662      
11          -362.17151735044251      
6           -15.852773459080982      
6           -223.72263982076888      
11          -597.07439858299699      
4           -27.465087908022074      
4           -104.58416051657282      
10          -162.63314316855696      
8           -433.9999976679365       
8           -512.17918912079006      
5           -76.736201924242138      
8           -338.29130178328285      
8           -193.78636350301477      
8           -510.14619152675931      
14          -656.54318421084736      
4           -4.8130021303137536      
9           -249.42434365747647      
6           -65.561213122347581      
3           -1.764339832991862       
8           -485.99570390849857      
2           -0.78415103688527188     
10          -263.18293588048266      
6           -33.191861755146043      
11          -166.8103635357553       
