420 1 -3800 35 35 35
3           -46.87178493008696       
6           -435.63335916761508      
5           -145.2492646008001       
10          -324.70579907140495      
4           -3.1366041475410875      
12          -721.74719490466646      
14          -495.35807145976537      
17          -1174.5881584567894      
6           -186.14012637147394      
6           -296.35751193486698      
11          -472.34684515390802      
6           -89.330423122012732      
6           -8.3839919122882893      
6           -330.47249762695697      
16          -1050.9433466295714      
9           -402.05896453501134      
3           -74.806971221054127      
7           -249.94971801454363      
14          -631.7724237340235       
8           -455.37146115192553      
4           -15.454444768092861      
10          -367.60991007166285      
11          -246.63718858540457      
5           -112.51597514721963      
7           -250.62118150384671      
2           -0.78415103688527188     
8           -90.432338095614696      
14          -848.47874809983409      
9           -286.15315353218875      
8           -537.35965700017391      
10          -188.55019971591994      
4           -3.1366041475410875      
9           174.07184880358389       
8           -417.79529593507397      
10          -510.78547473614486      
4           -46.690212870995353      
5           -91.317105467698298      
7           -172.36305424935421      
14          -530.65031974888825      
16          -810.68616295215486      
7           -575.54529901320086      
10          -590.062601275058        
10          -259.21692319941104      
6           -36.465296993575414      
5           -73.678590643389512      
3           -10.134072260910594      
8           -147.25574748243881      
5           -119.43820509752442      
5           -136.65112445099382      
7           -82.225272258566065      
5           -13.748754105432273      
11          -37.296232956624728      
15          -1430.6754760775566      
11          -115.76859755616383      
8           -115.70901799956688      
5           -179.92302881583566      
4           -68.811172214413787      
13          -72.067558118401479      
6           -9.2100751759732198      
7           -28.402878683062685      
9           -291.16935022956955      
9           -275.1515188892613       
15          -822.07354333220655      
9           -482.32057010022953      
2           -0.78415103688527188     
9           -286.124306513786        
6           -38.191318303343891      
15          -930.97875976891896      
21          -1416.1104678230331      
15          -705.20143372998518      
10          -163.97509429944927      
4           -53.409880092907514      
9           -368.10166655721594      
10          -250.28000785651471      
11          -530.1676637392975       
7           -81.171052172959492      
4           -587.41038611124429      
8           -196.16917361070085      
13          -566.26710667748762      
11          -284.55550389330176      
13          -700.5296109119779       
13          -1039.6098708435279      
10          -267.76435648519703      
8           -91.234017733618643      
9           -464.92668267655841      
7           -159.45776559554699      
10          -485.66650356341682      
7           -159.47509578960364      
1           -0.19603775922131797     
10          -71.828263003245794      
8           -180.69104604554454      
3           -1.764339832991862       
6           -8.5690824480073786      
4           -135.36626446987313      
12          -335.478168761262        
17          -936.93878064253306      
13          -539.92428482272101      
14          -554.82719535532613      
13          -858.33762523387077      
15          -800.67751038781762      
6           -18.687102334205733      
