420 1 -3800 35 35 35
15          -5005.851692494708       
5           -58.507812053927374      
4           -50.13181717096726       
8           -833.21121552486943      
6           -274.42022308617118      
4           -1424.0940585509616      
4           -457.13367868696258      
4           -999.92147640942892      
8           -1902.6988021528709      
12          -2507.0630564036073      
8           -3199.9802124721159      
9           -2302.4853006887552      
11          -3219.9483391489152      
8           -1177.1250127652236      
10          -1719.7568667459898      
7           -1183.6580792271029      
5           -413.24087887073966      
4           -2410.2888485602102      
1           -1.4221550714141524      
6           -1406.5909490877539      
5           -849.57343111187993      
10          -3160.8258643865674      
9           -2565.0339479062977      
7           -400.10322252522081      
8           -757.81594051116497      
10          -5267.0724516063146      
9           -2584.0737113410169      
9           -1216.8469786790472      
7           -2610.745738643699       
11          -2510.4985130627542      
18          -3949.6583178404762      
6           -168.32103451617186      
13          -1339.913772894568       
12          -2490.720790774089       
9           -284.65537493105103      
4           -29.705158445883313      
7           -1221.9788855143656      
9           -2242.5168345174766      
6           -789.8191884847829       
4           -22.754481142626439      
4           -23.88928399837674       
5           -726.56139979332829      
5           -327.31837872769563      
5           -2246.0769788937096      
7           -1316.3454931819915      
5           -35.553876785353808      
6           -115.25304523112486      
4           -22.754481142626439      
14          -5358.6773738242146      
15          -3921.0621826050869      
4           -383.68476545314087      
3           -12.799395642727369      
6           -169.9302627557951       
3           -13.919338750684815      
9           -1964.7790229194547      
6           -88.606655953123862      
7           -363.05746826761839      
1           -1.4221550714141524      
5           -1086.7710785690374      
3           -12.799395642727369      
10          -2934.9174023588785      
10          -1375.4707771383307      
5           -271.87277462224858      
6           -2786.2363426057664      
7           -653.54690945082689      
5           -44.684581772182419      
4           -77.350821382309363      
8           -1317.0283548688969      
14          -2705.9006419723319      
5           -94.976034773004073      
4           -49.62858731605364       
10          -2185.9918239202707      
12          -3556.2480721847046      
15          -3895.799715538144       
4           -1057.5821114234966      
8           -835.78203401979158      
7           -3871.7658772800678      
3           -262.74923311888745      
2           -5.6886202856566097      
9           -1435.4919480146307      
13          -3872.2319100095833      
8           -1555.2589980110433      
18          -8962.3498737058981      
11          -3725.495272097603       
12          -2482.2964936602229      
9           -3302.8227699977433      
5           -68.175386337164241      
4           -528.16505970649564      
10          -2890.5731270682686      
2           -24.099086218741924      
10          -3098.3273769096822      
15          -4370.5558857581309      
14          -5733.9564274657769      
5           -58.425206829697871      
5           -390.69046718383561      
8           -1039.7490812917936      
11          -1361.2756140826941      
6           -1893.5440108384375      
7           -367.16007347284165      
8           -701.36703064325866      
5           -85.260301660257795      
