420 1 -3800 35 35 35
5           -85.260301660257795      
7           -607.18549737962178      
6           -1221.4191530255564      
6           -384.37801195257248      
4           -856.41332786667385      
9           -2324.7346805769953      
8           -1471.9081814948199      
4           -121.93394013209897      
5           -913.52617305673289      
3           -505.0014629767964       
12          -3631.0271862667337      
12          -5050.0552290502064      
9           -1654.9559992864222      
7           -1297.3633800502582      
7           -1305.0758623863771      
10          -2462.2927168223578      
7           -537.6584344362326       
18          -7538.9705662230135      
9           -2070.1824839067644      
9           -868.36603943342652      
12          -3809.1607905774308      
10          -3098.2864478301717      
7           -811.85958700818128      
9           -370.7634749409533       
0           0                        
3           -38.2805355873111        
9           -2123.1249764559043      
10          -2854.74186079642        
10          -1178.8891564599933      
6           -1140.8226393610041      
9           -1901.2835924366846      
7           -228.13020004431792      
13          -5096.9693732399028      
10          -5219.8065159936332      
15          -4942.2693390188806      
11          -5461.2995645648771      
5           -2212.5843812395051      
9           -3011.7355949810544      
3           -12.799395642727369      
5           -1240.7398435130692      
6           -1070.4661343549981      
9           -786.81917476746116      
2           -5.6886202856566097      
8           -557.86307165110475      
8           -2548.2150186323793      
8           -1456.1963076755846      
5           -341.60686813624505      
2           -5.6886202856566097      
7           -560.03408787600415      
9           -918.7994638112732       
7           -970.24820780040636      
18          -6475.617867961133       
11          -2833.6777796595156      
17          -8906.2078099693663      
7           -1650.0779237534537      
12          -3100.6038056511607      
5           -285.47208314215914      
6           -289.69503864102819      
14          -5062.1945580042202      
8           -865.77760812629549      
9           -718.92245062341317      
8           -1618.0439176789168      
5           -103.4699490272501       
7           -900.52874089124145      
7           -1784.9013647482609      
3           -587.01468375562627      
7           -1800.0558872864756      
11          -3002.2069574279412      
7           -1255.0247758851558      
10          -3476.9958184751608      
6           -1456.9290430650701      
9           -1225.6531487258162      
5           -35.553876785353808      
15          -3650.1969588808793      
10          -1807.2543419578756      
4           -22.754481142626439      
5           -227.0753775868298       
7           -1430.3551133372571      
3           -35.317504526685653      
4           -525.61661425241846      
7           -675.20410940572481      
8           -516.38344953363469      
7           -1514.5090155262128      
3           -12.799395642727369      
8           -1805.1903183284551      
4           -22.754481142626439      
10          -2593.6627150376039      
11          -1347.4055279528538      
8           -1808.048848513643       
6           -2493.6357046575822      
6           -1154.1083092460874      
7           -1667.2495461672886      
7           -1361.317650393039       
11          -1640.5246008483705      
11          -2176.4226380377763      
4           -554.42436818665431      
8           -455.08272117718127      
4           -22.754481142626439      
9           -1584.3124822744314      
10          -1927.6991377748941      
4           -146.03698861614257      
