420 1 -3800 35 35 35
19          -9889.4750208622881      
12          -3985.2765355811812      
10          -2908.6777792003213      
6           -181.33605502780347      
5           -943.01456709445142      
7           -1020.8147044716452      
6           -1070.8246784924306      
4           -136.59127505178805      
3           -737.06677807063465      
7           -965.29145768590615      
3           -12.974262710387126      
9           -1429.540159720852       
7           -1006.8475926289284      
4           -477.25995301682434      
5           -71.767190108189013      
6           -1120.129911592787       
5           -1832.3206407499338      
9           -213.89332894855261      
14          -3522.1242430664261      
10          -1273.1985913318888      
8           -1251.1407494069092      
7           -1947.5963617388916      
3           -20.281338421216937      
7           -178.77345185209407      
11          -3503.3821328683239      
2           -5.7663389823942781      
9           -2290.7730423321495      
9           -242.07139581619262      
6           -104.82215763630352      
9           -4337.6356491103534      
9           -3046.1722892684934      
6           -445.57783613348482      
8           -2019.659911574857       
5           -920.81797606198381      
4           -27.378352456975833      
7           -1579.9095319637067      
7           -885.93270608294506      
5           -41.411819251719905      
1           -1.4415847455985695      
6           -323.64159399351212      
6           -188.62725911627166      
3           -743.6834676886449       
9           -2812.1005683009903      
8           -1550.6323046579423      
4           -334.26117886817104      
4           -127.70695223398651      
7           -1590.1699643399247      
10          -3170.6138923485055      
4           -817.91776354852527      
8           -882.43169260540287      
12          -2485.7072112025521      
6           -919.39557100755758      
5           -44.19452906551966       
12          -3612.977929232859       
7           -2261.8153120841584      
4           -23.065355929577112      
8           -1341.4633155343681      
7           -890.86082861093269      
9           -1874.578750448049       
15          -2142.922207321938       
8           -688.6714273688018       
4           -28.265494584992663      
4           -194.45695428092375      
7           -920.49993586159985      
9           -776.6712821353475       
9           -1002.6269322138727      
13          -3801.2001161877965      
7           -204.6681628558247       
10          -834.03560869164119      
7           -1027.9324174680185      
5           -373.59287429438899      
11          -1355.7029804761069      
7           -374.47150510308103      
7           -406.73899867460159      
9           -2833.3637758683681      
15          -7429.8504996238671      
9           -974.05296527964731      
4           -1130.6251344844461      
8           -1720.5158364317094      
5           -792.30132601988021      
6           -1088.4893475358535      
4           -180.04359832740542      
8           -649.50846829324814      
9           -4269.5432227068914      
4           -55.482862912471376      
7           -719.61065666577497      
12          -3688.6794555978609      
7           -1041.0342009690578      
9           -2168.9245381849751      
6           -1354.5355694836871      
5           -248.27564329212433      
2           -352.92868119194384      
6           -1104.7483257696747      
3           -12.974262710387126      
11          -2728.0981762030624      
7           -1708.9789694204719      
4           -638.88594160523667      
3           -27.496727489305471      
17          -7395.8109063865404      
7           -364.25513590211091      
7           -1384.8802083868825      
