420 1 -3800 35 35 35
7           -391.424079142523        
5           -351.7495092568779       
3           -68.500578257698038      
7           -824.08600032815741      
11          -3559.3671888161789      
5           -37.382885769469048      
7           -173.50194745429087      
11          -1420.2802958614589      
10          -4635.6018902650139      
8           -2121.5848227115694      
4           -30.502115523556284      
10          -977.48772535791886      
15          -3060.0758810202233      
10          -3186.3390929341449      
12          -1208.3650568743255      
9           -3558.7128427472803      
10          -1768.1406767320329      
5           -75.404439420288199      
4           -346.61573189079002      
8           -381.22766348013351      
6           -615.22173170178905      
11          -1080.2560890843106      
9           -3145.4956362019375      
4           -22.754481142626439      
8           -1875.4145055541399      
7           -1468.034855969722       
4           -184.84199494037981      
7           -349.64448971521801      
9           -940.90789873349831      
12          -1517.222956358311       
6           -605.43912738032384      
6           -1638.4225875796169      
12          -2453.2871020232033      
13          -3740.7398914882965      
9           -2599.7749601367291      
4           -28.13322310623073       
5           -1270.909963564688       
6           -354.13384191055604      
5           -400.60754664589382      
6           -1169.2783857156098      
7           -556.07890307396849      
7           -94.537137646304487      
6           -815.38899720832444      
5           -907.77295718402115      
10          -3209.6082648485562      
4           -1374.4091317198452      
2           -10.06109407421347       
6           -1309.1991471390991      
8           -408.16290580687814      
8           -277.459496189341        
8           -1125.6270012248272      
6           -199.47667308505021      
7           -293.36534057706729      
3           -12.799395642727369      
12          -1744.4660085272949      
5           -1316.4941797815509      
12          -4320.3508781714772      
16          -8629.8307010407534      
4           -148.53954893202047      
10          -4142.415545483761       
10          -1875.4649198326013      
6           -92.072013204017509      
6           -1111.7424337280015      
2           -5.6886202856566097      
3           -149.11976965827299      
4           -33.849543685911527      
3           -12.799395642727369      
4           -105.00600970476142      
3           -12.799395642727369      
7           -178.0304485852966       
14          -3189.0566662507822      
12          -2254.5890635212095      
4           -166.81672856646122      
13          -5570.903434683094       
5           -592.633721046387        
4           -607.37590708704602      
10          -1057.2817704517483      
8           -1090.151073930361       
4           -130.82640612727513      
8           -251.5393727758655       
3           -57.686928578101615      
9           -3279.9507872451968      
4           -22.754481142626439      
1           -1.4221550714141524      
5           -931.72374108723932      
4           -690.3484505276765       
7           -702.55042599510114      
7           -1121.9097814903903      
7           -441.47570573737596      
12          -3461.9549087933933      
14          -5339.192947661757       
5           -344.5452091358456       
12          -2258.84089731312        
7           -649.5616970186029       
3           -12.799395642727369      
9           -522.06405774972927      
5           -436.59065119367392      
8           -3353.7408311662994      
14          -6890.2751707289308      
11          -3968.5927399840743      
4           -44.153143343763631      
