420 1 -3800 35 35 35
4           -17.244991722145748      
5           -14.070028196554507      
9           -453.22785267176602      
9           -507.34765454544328      
6           -556.64831620144753      
2           -2.2512045114487211      
3           -13.575935663760792      
8           -532.59886325066213      
7           -1361.6565508946248      
2           -2.2512045114487211      
7           -371.59150571959981      
6           -369.57610126009416      
9           -168.55769975580961      
3           -5.0652101507596221      
6           -496.50882965450563      
3           -5.0652101507596221      
3           -6.9947205654811579      
13          -1316.430998563319       
5           -591.03821408914882      
3           -384.8475010281424       
2           -12.80376179998391       
9           -551.58847576683024      
7           -105.11409446421828      
11          -1299.404405040151       
5           -47.311224435750404      
11          -627.67031356147425      
5           -14.070028196554507      
7           -865.92904000966723      
2           -12.793411679406203      
14          -1771.7494984413861      
9           -219.24368832846403      
1           -0.56280112786218028     
13          -1128.031522781208       
6           -308.51947343403987      
4           -85.466572205094593      
3           -5.0652101507596221      
3           -5.0652101507596221      
7           -31.98355920503262       
9           1.7909826339044201       
4           -12.913110892627458      
4           -9.0048180457948845      
10          -1629.990611545672       
3           -209.86064715666348      
4           -563.23368536772875      
7           -107.67664076350957      
3           -141.5530957833584       
8           -449.71715547236124      
1           -0.56280112786218028     
14          -1114.6873841526144      
13          -570.33851164746648      
6           -113.44541007946339      
1           -0.56280112786218028     
6           -1273.3024635731815      
12          -1597.7683676683087      
5           -243.54218586377334      
7           -666.43274751845422      
6           -98.161679681509341      
4           -409.31431387183147      
12          -1377.7936897140735      
4           -272.32570248639411      
4           -293.47440322315958      
7           -557.09050934481547      
12          -875.43252234297233      
11          -215.52859188001804      
17          -3791.8974680267957      
12          -2702.485085244622       
8           -573.31510819263156      
2           -2.2512045114487211      
10          -1209.9860340191669      
24          -5378.0980568370642      
8           -608.65609413718437      
5           -18.174609888355725      
10          -1182.9382543495956      
12          -1388.7172159631559      
8           -202.80182229235868      
6           -139.37429234297144      
6           -437.08062072729723      
7           -360.94488467271236      
8           -1281.9138211182426      
6           -627.47252904077493      
8           -228.45169973542448      
5           -23.073613932015835      
15          -1783.504301919573       
7           -160.1623971772373       
2           -7.4403147399331919      
9           -597.79863318903188      
10          -1665.4457667341678      
10          -134.58034609257686      
6           -66.841863712126568      
10          -919.28584306919765      
8           -644.30611072828287      
4           -37.515815779726566      
7           -401.53624614079865      
12          -532.92418769139226      
2           -2.2512045114487211      
10          -657.45676208587292      
10          -1425.7260250089651      
10          -401.57011494380782      
4           -362.57553901081315      
9           -96.229563003812103      
7           -299.44391612875478      
