420 1 -3800 35 35 35
12          -248.93507445648666      
8           -241.88094294771625      
4           -9.5920292563168772      
6           -114.59662457039985      
6           -305.43421453283418      
8           -66.607425511934068      
10          -723.812574555487        
10          -607.10295115620818      
6           -394.6897585845029       
8           -420.64535535754089      
9           -483.2127116652731       
8           -77.438267388806551      
12          -791.4340559652934       
9           -247.46517700477406      
10          -349.83380610088426      
16          -955.51019144035149      
7           -219.40667816500931      
11          -538.006590721517        
4           -3.2377741778881557      
12          -233.05360989535518      
4           -21.371558978672745      
6           -256.46093972644434      
4           -3.2377741778881557      
3           -1.8212479750620876      
4           -30.310931232290724      
8           -432.5173043825024       
12          -255.05979290215163      
5           -63.612074879278559      
8           -151.71066348899089      
6           -100.61866371263307      
11          -155.85624861583764      
7           -158.28385978923166      
13          -414.49846261330021      
12          -416.79915966066073      
9           -258.47946952977634      
4           -9.8357312233409075      
1           -0.20236088611800973     
5           -139.10258707967577      
5           -5.0590221529502433      
11          -390.70246096597617      
4           -80.881911989946389      
10          -235.0479560150502       
4           -3.2377741778881557      
5           -43.394182532962333      
6           -21.113787330084858      
13          -728.66413129135253      
8           -156.49359075808655      
7           -18.186793505181843      
8           -192.73434181392429      
12          -604.21595185223987      
7           -14.173642290706077      
13          -513.03821798613137      
2           -0.80944354447203892     
4           -7.9795309842101432      
6           -161.99236485478843      
4           -4.8681379388810431      
12          -935.15078771822925      
9           -882.271086813034        
8           -68.881617890965472      
9           -358.04883764700537      
5           -20.996461912349698      
6           -24.6068509754042        
12          -349.78961510634667      
3           -1.8212479750620876      
6           -152.0326739670748       
8           -180.93835102892001      
8           -189.71101643907681      
5           -78.910733630115345      
6           -23.983259164729606      
7           -124.31775357446402      
7           -132.87751482746364      
14          -838.25495189769993      
9           -219.14263758794669      
5           -244.54092009167343      
13          -852.40995932880173      
6           -209.95222481764182      
6           -77.690788950746594      
5           -63.941330074601971      
10          -388.96106410076334      
7           678.97764804783856       
5           -79.708999225498104      
10          -299.91299500509956      
6           -90.565303139161614      
10          -279.39455368001853      
5           -28.846138990643645      
6           -100.56935633789283      
9           -414.01174966185505      
7           -209.7263199794576       
9           -427.32122582234064      
5           -150.19482525522449      
12          -130.91946676259545      
4           -3.2377741778881557      
14          -577.56733170642167      
10          -318.6491834210388       
1           -0.20236088611800973     
2           -0.80944354447203892     
9           -21.568556405356283      
13          -425.13832083776487      
5           -5.0590221529502433      
10          -405.44000588530105      
3           -48.309054127355893      
