420 1 -3800 35 35 35
14          -1471.9639793590043      
13          -902.12188519378037      
3           -7.6969022343604463      
5           -402.25151571508923      
5           -13.6531847203377        
8           -274.97932991957981      
11          -1104.4990573783386      
9           -271.63913401123648      
11          -1209.1618080851031      
7           -182.41730363327068      
7           -780.19670148164676      
10          -909.88811637655681      
6           -388.30753555880176      
4           -29.672345475113858      
11          -1007.4988763838988      
13          -1285.9655802720044      
6           -45.747137828947736      
4           -517.87284411096982      
5           -391.78534163982408      
8           -592.64880765491466      
7           -310.73703578516256      
8           -471.61179407596978      
4           -292.92406018561303      
7           -57.528066637753405      
6           -468.0306377129026       
12          -1338.1733473237714      
3           -14.37422363873244       
4           -58.212259422304115      
12          -1062.659957295527       
10          -968.8760862304282       
3           -4.9151464993215725      
5           -28.582343969349672      
3           -4.9151464993215725      
7           -724.59864354948252      
9           -1052.0153697264209      
13          -1188.6648824748754      
5           -171.00811313874081      
13          -885.98625049284567      
5           -85.803819754351835      
10          -526.77977418864305      
14          -1385.1092659506567      
3           -9.7283306912908891      
6           -698.16565157760692      
9           -1512.3471350012696      
7           -855.33437968428052      
5           -18.011833705813565      
8           -508.13287054517309      
18          -2015.4794227307416      
13          -1880.6951601212547      
10          -1783.0693499253264      
8           -750.42072195149672      
6           -432.51973306365801      
8           -473.69735319474444      
9           -629.500320865655        
5           -51.629699323219761      
5           -127.93307343299526      
6           -371.78518309506831      
1           -0.54612738881350809     
7           -43.773088177855378      
9           -597.31600606282291      
6           -38.011857483732499      
5           -548.67973691583927      
7           -705.06771140713545      
5           -80.945227290278424      
8           -711.65479336007559      
3           -4.9151464993215725      
6           -156.78727634818327      
11          -386.87224820728545      
10          -252.79410918732694      
10          -1668.6336530632582      
4           -59.174742638930326      
12          -650.41986030102123      
12          -1477.1082275661743      
8           -1106.5784596254         
10          -470.31159408037564      
10          -1337.7609081152468      
8           -155.56946149962431      
6           -551.82660601341615      
4           -9.6156726990450689      
6           -222.11905338884387      
7           -224.69303004174259      
2           -24.703005169476185      
8           -615.9136941598905       
4           -8.7380382210161294      
6           -72.200104788652169      
5           -236.308618668299        
6           -349.25551701355232      
10          -744.71235201983961      
6           -370.96256877468966      
9           -604.95123696232326      
8           -151.21570253885102      
10          -456.80151024810931      
9           -63.121879744620976      
6           -348.850920214864        
13          -2328.8741063826001      
7           -664.63789459741145      
7           -378.86595996277521      
8           -726.123998372046        
8           -1021.2928424056482      
7           -210.93512895210765      
6           -413.88102880309407      
