420 1 -3800 35 35 35
14          -2976.4914576495485      
10          -2100.1696590463389      
8           -1992.8484701319653      
6           -1415.4735452247926      
9           -1061.1895633414374      
11          -3880.23633224685        
6           -1478.6252736910801      
10          -3631.5974626073944      
11          -2008.2832103057226      
9           -697.67473289518534      
9           -3065.4310671344738      
13          -3071.5129741608912      
8           -1981.9461497983989      
11          -4490.7171556772701      
14          -4965.5462167313781      
9           -920.75377436177428      
19          -6537.9640964772725      
7           -1668.8544209419397      
7           -875.51520703292567      
8           -978.23135872237674      
6           -211.07951553350756      
8           -2054.5485198660203      
7           -981.8566205496893       
2           -5.7663389823942781      
6           -552.08191547504873      
7           -1535.5825076717799      
10          -3107.2848142196685      
6           -1025.1942027182963      
6           -1778.0732164844237      
4           -1185.536737677369       
12          -1549.2419868865793      
11          -3302.3576885494622      
7           -212.34437829239647      
15          -5920.2932763842182      
4           -861.82123637650909      
10          -1335.0228195772743      
2           -15.609950697293822      
3           -12.974262710387126      
15          -3497.4490150848787      
8           -644.8976028232272       
7           -798.89747043863167      
12          -4654.2256857649563      
6           -1674.7073755830309      
11          -836.02021304141613      
6           -1224.3698156953619      
5           -70.999428660933262      
7           -321.72519588874241      
9           -1257.2387088248065      
10          -2058.0673833935894      
5           -562.06396824105946      
3           -12.974262710387126      
9           -2006.5032523901232      
8           -305.33362839742296      
2           -5.7663389823942781      
8           -1098.7376911997731      
10          -1222.7627426879108      
8           -1836.9999429748354      
13          -3698.4948192451548      
7           -1721.3611251929365      
7           -112.39018739778319      
3           -13.944587469559155      
3           -47.974489041174294      
8           -1841.1155235593721      
6           -82.96429078390787       
8           -1043.0518242015228      
3           -12.974262710387126      
7           -1284.0700249417628      
6           -122.74001774774483      
14          -6158.6036258189361      
11          -4290.0568512098735      
7           -206.83216442780062      
3           -1065.4112997736986      
6           -62.360633926332895      
10          -1480.8651971287768      
9           -702.45426285113058      
2           -5.7663389823942781      
8           -3757.8450780870407      
8           -1680.5852291224187      
3           -24.072000082904232      
5           -74.485404804965782      
3           -12.974262710387126      
9           -2620.3351741777205      
5           -36.039618639964239      
5           -226.66067178760665      
3           -12.974262710387126      
7           -600.25016333607664      
8           -838.98016145682789      
8           -2329.0624002719119      
5           -108.09003409211238      
5           -1009.1408038837445      
8           -2171.9312660332203      
8           -228.41295235446194      
8           -1682.0748527186968      
5           -221.50877996711128      
12          -4741.38875420569        
10          -3897.7873550134059      
8           -2828.5329129776078      
7           -1272.2306950937343      
7           -200.51213515715074      
7           -417.3458625809364       
7           -1591.6744937828066      
