420 1 -3800 35 35 35
15          -933.03441575490388      
8           -118.49356560064734      
5           -183.90483733324834      
5           -384.73166343478022      
3           -18.409920760296039      
8           -374.56729266468176      
6           -57.664600890739578      
7           -61.237225184657383      
13          -516.5255597058167       
3           -1.8212479750620876      
12          -221.04079365673127      
5           -6.2444582518646641      
4           -5.3820048770887521      
12          -380.98100764468859      
17          -588.87287483415616      
8           -241.75336184571154      
3           -3.2789308520093785      
12          -1072.4893474977218      
6           -13.362980115249654      
8           -276.41421490061782      
2           -0.80944354447203892     
7           -347.85020476672793      
19          -1277.4104183498773      
4           -229.36765923099816      
6           -150.47002265690313      
6           -13.750961283748914      
6           -54.697669735451313      
6           -147.28059408657504      
8           -225.40871952629169      
16          -1302.6516953876369      
14          -469.05771081318051      
11          -502.54479713714272      
15          -713.99302544384102      
5           -5.0590221529502433      
8           -160.0507391052632       
5           -81.843410050424112      
8           -534.50469993081606      
5           -119.46900325740667      
4           -154.07111641437768      
10          -240.56018068010317      
6           -113.05150530295489      
6           -124.57487768123065      
8           -103.31438912198496      
7           -118.25140501015292      
6           -51.711980205673015      
14          -992.12691891138354      
10          868.04417796166194       
8           -283.60089016004531      
5           -75.686738260018416      
11          765.30349262323364       
12          -432.09410076337315      
8           -605.87774087212017      
10          -330.54936966273812      
4           -8.3886116410015212      
5           -9.3537862710133659      
6           -201.41752010379932      
8           -76.764085611243615      
9           -464.68199761283859      
11          -477.05065532905644      
12          -627.93081914789684      
5           -15.293883323112007      
9           -221.98341880860775      
10          -348.86108526819385      
8           -424.23330807679906      
12          -471.95224110144852      
7           -35.56856808813729       
10          -90.768461325841599      
8           -84.706715947677921      
5           -8.1358317330030143      
7           -138.08465599816014      
7           -305.51381796125338      
9           -175.04954282780204      
9           -330.93165844549202      
12          -581.1575058914342       
4           -169.03344717734646      
11          -306.91107202270234      
8           -33.142737688684974      
12          -247.28860833128303      
3           -1.8212479750620876      
3           -109.78610036704401      
7           -257.52559556155359      
3           -106.1495720934102       
8           -214.37936019423802      
8           -255.50709037071553      
3           -36.363567916503982      
7           -225.63866021280128      
3           -1.8212479750620876      
5           -15.294944327558637      
3           -2.9103098777712932      
3           -1.8212479750620876      
4           -3.2377741778881557      
5           -245.3172491994591       
6           -237.53188388829605      
9           -352.46801629434941      
7           -395.43626714673729      
6           -81.737010260569605      
5           -10.556679002943522      
5           -20.046484648564782      
5           -242.0017933343718       
10          -159.86722212982144      
13          -1204.3880722066049      
