420 1 -3800 35 35 35
5           -97.422737527402703      
8           -1141.9993826358675      
8           -84.944769171651586      
6           -554.01286286462516      
26          -6917.852896938397       
22          -3590.2398099889338      
13          -1696.0531989191272      
17          -2209.5741514350325      
3           -5.0652101507596221      
11          -728.83638090304419      
7           -541.21080021304397      
8           -481.32940451214768      
13          -804.50281988631275      
5           -106.60934995439575      
7           -1136.1128840902884      
8           -195.31764162234541      
14          -2274.4909017069931      
8           -278.79496163896079      
7           -242.14894607820455      
3           -22.156590095107472      
8           -314.60759868857167      
14          -1145.7474165035007      
8           -1077.7006473230138      
10          -1596.2279119956147      
7           -981.05881923095399      
10          -1316.31652254702        
11          -1800.6016802932977      
5           -14.070028196554507      
8           -1119.5893732520901      
12          -1854.4435224367714      
7           -126.01969318306567      
8           -679.01658992349041      
5           -143.55420174686242      
12          -471.25968609948569      
7           -404.09894385891431      
8           -949.25276691953582      
6           -62.542168913664312      
6           -220.87815027060662      
6           -190.24333114995954      
8           -706.71764418398391      
5           -612.62708686725102      
4           -13.380442126099453      
8           -132.5059754056206       
1           -0.56280112786218028     
6           -289.64155954943078      
8           -886.28455145992802      
9           -1280.7624030868478      
6           -287.10407782267134      
9           -1401.1234022369556      
8           -477.49373811425573      
10          -1770.168833792289       
1           -0.56280112786218028     
10          -1099.9824298906342      
5           -215.7838881507017       
3           -11.306709447922664      
8           -372.24918096771262      
6           -146.79877962417237      
5           -38.21069326428497       
7           -221.99509029519868      
6           -856.70157966940633      
8           -492.00023661057696      
9           -871.81196027693534      
3           -66.84611956465271       
6           -1271.2372587916202      
5           -47.100975014138911      
7           -120.96671436178875      
6           -63.379173055370813      
14          -1386.1950058095733      
6           -102.47280905235695      
5           -116.01660531707418      
5           -60.885720407515251      
5           -225.81446929329425      
8           -1076.7077882338667      
13          -690.05954054248377      
8           -52.494033368240451      
6           -57.83350738332507       
11          -1422.6122127770745      
10          -1458.7055607446766      
9           -394.02952754580463      
12          -576.45633162825879      
9           -296.14845294093163      
11          -1538.8264082303574      
9           -955.25654045781414      
8           -654.93003173379975      
9           -437.2213514751204       
5           -58.480105653967456      
5           -14.070028196554507      
11          -1214.4573516329913      
10          -1028.7898813486154      
7           -973.6482248175414       
6           -266.98499717371891      
3           -5.0652101507596221      
3           -5.0652101507596221      
1           -0.56280112786218028     
8           -112.0412338687284       
3           -18.145664762693091      
5           -563.66200820637039      
9           -341.48023932338845      
12          -2032.2041498678097      
4           -23.149051436998235      
3           -6.6271371013209226      
