420 1 -3800 35 35 35
6           -1459.2770198793919      
9           -6350.2593173428231      
6           -2833.7268598847822      
7           -1000.8125444329294      
6           -1909.2995287515901      
4           -70.629675449104766      
6           -430.79075056371221      
4           -35.108501643150028      
10          -3654.9289104024056      
14          -6206.313846948713       
11          -4169.4827690692746      
11          -5042.2657486350854      
8           -667.11640872816463      
12          -1589.6697621171875      
5           -57.667718336356238      
10          -3790.9947118776731      
8           -818.0297037767524       
3           -12.582130137348038      
10          -515.72690879154345      
5           -674.42104455775257      
7           -1104.5577108806822      
6           -1075.7722565080153      
5           -47.078127755364612      
5           -94.368851343366458      
7           -184.19386027936727      
3           -475.34293117407969      
8           -2151.2443743100175      
4           -553.67270228597908      
8           -1122.3627906945478      
5           -92.055299613736608      
5           -356.70574459059281      
9           -1842.0769057470854      
11          -1210.6223833272375      
2           -5.5920578388213498      
11          -3173.2825701525171      
8           -750.38977113533906      
10          -2453.4758692965688      
5           -203.13126433999523      
9           -556.07318590319187      
6           -3437.6200534178988      
5           -102.13132933572962      
3           -25.910250760476035      
6           -360.27142234538996      
3           -12.582130137348038      
7           -368.35685795779057      
7           -524.61406151181075      
12          -5603.6972970362576      
15          -7920.5145772102796      
7           -1689.3958591844221      
7           -1372.041003183188       
5           -48.54487460174466       
10          -1787.9855333920307      
9           -2763.8337411695366      
8           -1019.4744513167125      
5           -56.40312249202001       
14          -5034.8456249455494      
9           -871.19658067496243      
10          -2117.665585678169       
2           -1056.5493413225911      
5           -58.185244330487905      
4           -22.368231355285399      
6           -1459.9000133324562      
6           -178.29430574527763      
13          -1919.9905933882674      
8           -1424.0390642439042      
13          -2633.7016055067274      
6           -297.37758834023498      
9           -957.07525724324364      
10          -2065.8130582444919      
8           -1592.747217449451       
13          -2902.0867703409795      
15          -5504.9361400130929      
3           -444.5673068212194       
3           -206.99698330022341      
11          -2757.1030300623843      
6           -1208.5858891954147      
7           -1560.3211185347368      
8           -1612.1538620654869      
7           -1657.4868573071653      
6           -130.91041965573675      
6           -144.82194543290774      
5           -79.249775852504143      
8           -2597.8322157588314      
11          -1976.3652488398534      
12          -3831.3291201195548      
9           -2146.6303207497831      
7           -882.67430245127218      
10          -1478.3999925702531      
3           -18.684347526460293      
6           -412.5375634296829       
8           -2455.1721619088794      
8           -374.85490873738053      
7           -1498.4463678903398      
8           -1621.8236372405574      
3           -371.55177173963079      
8           -716.71313145741271      
8           -1155.6391401689159      
10          -2065.3775963240637      
9           -1962.9375950371477      
5           -95.786168069823674      
5           -458.13259282951344      
