420 1 -3800 35 35 35
5           -61.643027956800267      
15          -8536.3420776315143      
18          -10449.6884222362        
25          -12259.861903778075      
4           -1520.3964244900612      
9           -644.14485653781753      
6           -238.32632748725678      
5           -1185.3666963938363      
6           -461.2951940118428       
5           -265.89931327924256      
12          -1830.7521225895498      
4           -471.68649242373863      
4           -304.25508689082659      
5           -113.60514310894948      
5           -75.760442101713465      
6           -889.55436706374303      
14          -5211.0031149787028      
5           -219.72506459431455      
10          -2396.5389351291055      
7           -1121.2266178696964      
12          -5932.2287941376271      
8           -4559.7934890306115      
2           -5.5920578388213498      
6           -53.514803621304083      
6           -50.328520549392152      
8           -1668.8741439930225      
0           0                        
10          -4668.9582853326801      
17          -8876.0272099197209      
11          -1681.456841918749       
6           -143.12140192888131      
9           -1670.3062101559401      
16          -5021.5438227217137      
4           -598.9232703585534       
4           -46.509746496182061      
13          -2921.4545576983746      
7           -290.60731522220499      
6           -392.77409128344516      
9           -2535.28244384764        
7           -2709.7742658204179      
11          -3501.5336041458963      
3           -152.01242934679541      
6           -424.85222331365901      
9           -461.27684091212268      
7           -1553.351727637383       
11          -2487.3033506251372      
9           -1754.9872872686169      
8           -460.08580036140751      
5           -51.856734211091123      
3           -12.582130137348038      
5           -34.950361492633441      
6           -1061.4715966402675      
3           -723.40039361824006      
5           -37.023250140260402      
7           -699.86246145742246      
6           -2005.3598694359328      
3           -42.342871935028199      
3           -182.85731585275173      
5           -1541.7226311378568      
6           -602.54923238188564      
7           -137.73909923718531      
12          -3907.0043722260075      
11          -1424.2578270158367      
5           -145.4039556192526       
10          -414.93825225507135      
9           -2170.5970727607582      
7           -918.01244617189036      
5           -326.41607321649053      
4           -1636.4828448309622      
6           -627.19457391148899      
7           -779.51462336807094      
16          -5380.0482989530019      
10          -1938.702921559403       
7           -832.5243166730038       
9           -1494.1941310735997      
7           -1046.4803410781872      
3           -12.582130137348038      
8           -1425.4745616338771      
7           -721.82523190754739      
6           -795.71033445362002      
6           -82.720488999297672      
1           -1.3980144597053374      
8           -1400.3614747293418      
7           -2144.9892317482868      
3           -1198.7623751640256      
6           -388.93209893915412      
11          -1703.3967401992304      
8           -1151.207665029209       
7           -319.21197722466331      
7           -2601.3634001671344      
6           -417.24199146396222      
4           -22.368231355285399      
6           -1743.0943952352482      
11          -3558.5293426843882      
9           -2129.8641813629233      
5           -270.56271121230776      
5           -900.33268827234303      
6           -1153.002239815462       
10          -3285.841695939263       
12          -3233.4587541606079      
5           -120.47978723004479      
