420 1 -3800 35 35 35
13          -2611.1091914261265      
9           -1553.6008302984824      
4           -40.040331409711257      
7           -926.14057672596209      
9           -321.51076151315823      
6           -75.538522840342978      
10          -3771.0409037551112      
7           -85.548743043901766      
6           -539.85946608703011      
3           -70.726841047971405      
16          -8296.3109511041457      
11          -5611.9745341734888      
4           -443.33301872802315      
14          -5094.8097484629207      
14          -3265.0784393545891      
3           -81.315754847463154      
3           -81.227169973821688      
5           -1398.5282620216774      
12          -2068.5849270494         
5           -44.921302893613905      
14          -5676.5157884082346      
9           -736.62769826608906      
6           -1462.9180788725128      
5           -118.15190165212871      
7           -79.60971828316309       
13          -6089.146791269196       
4           -369.78041027101915      
7           -422.85082402063955      
7           -658.41656353133203      
9           -1037.4793047381811      
5           -1043.5904045237567      
7           -122.67020459347357      
8           -1368.9777697670352      
9           -2333.4761547671324      
5           -384.09687165962282      
6           -635.45427851026125      
10          -939.64892985466975      
7           -486.07078677647286      
7           -1804.2731353888676      
6           -2138.1833799144488      
6           -370.78977295897101      
2           -683.72813108125729      
4           -173.48866628547103      
6           -1714.4883084887445      
5           -395.58541930842154      
11          -2508.7902324299121      
12          -639.45066296122104      
11          -3818.4746543967885      
10          -1838.9341050723565      
8           -2531.1600286743951      
7           -794.66981736073126      
7           -1534.5260412904265      
9           -2767.9346746192477      
6           -278.91010411506846      
7           -432.34037676792781      
8           -1968.7925754020325      
5           -846.11696651350928      
9           -2482.8686429823342      
9           445.30128670344936       
5           -613.31055891119092      
8           -1646.4710100112434      
8           -1679.9173647960015      
12          -2796.8488963691452      
5           -1024.5979439450509      
20          -10382.223202286699      
10          -4491.4006539824559      
7           -831.91453495787391      
5           -472.08560525598409      
15          -6097.8250751608484      
13          -4789.4414752754319      
4           -41.949077452494535      
7           -1816.0593085127639      
7           -850.2826218808882       
13          -2068.1795380846652      
2           -5.7663389823942781      
4           -891.53395746730564      
7           -1267.2270216200936      
12          -5502.1014417562501      
10          -1679.0180688054984      
17          -6278.8277846500105      
7           -278.5904120669569       
2           -5.7663389823942781      
4           -1809.1753040066731      
13          -4278.3575765204923      
8           -1645.751283763097       
9           -2528.4489686545458      
3           -12.974262710387126      
11          -3487.7035274468963      
7           -1382.2915173837785      
6           -394.34068982493267      
10          -2053.2425617161348      
14          -5063.1065063627475      
14          -6939.0213272226692      
13          -1786.7551392700859      
4           -931.96170449108251      
11          -1646.5370604151735      
5           -710.65943065561385      
9           -2287.3435008460742      
10          -1827.2908895328608      
6           -100.88868585401224      
14          -5880.1047358823107      
