420 1 -3800 35 35 35
13          -3575.6250905382826      
7           -1871.9296451045263      
8           -477.15796474832308      
6           -2064.0854293518892      
10          -3931.3727887943323      
7           -617.21165180496041      
8           -1263.8452363780943      
4           -51.834631039610059      
7           -1428.9396663144341      
7           -343.46848379070371      
9           -2152.6089389533104      
5           -328.69709554489066      
9           -2355.8337687023104      
9           -1588.9379638037171      
11          -3260.1072037464573      
6           -2236.3244863960267      
11          -1239.1351527067854      
13          -4621.5732042528653      
11          -1138.1095619763244      
3           -12.974262710387126      
6           -109.09764442897227      
6           -694.36984981352919      
5           -438.39405670752643      
7           -813.05197914257406      
11          -3515.4254520303457      
10          -2017.8982182943514      
13          -3081.8900401411693      
6           -1093.9484120035106      
5           -870.9781501694049       
3           -1182.258380973544       
3           -12.974262710387126      
6           -61.132590214954604      
6           -478.66562025305694      
9           -3261.748670455263       
13          -4666.7302356707742      
21          -10300.228288010798      
7           -1651.3746403030932      
1           -1.4415847455985695      
4           -64.044979145160909      
6           -183.13383560141523      
7           -2187.9314330148109      
8           -1302.4616825318817      
13          -5154.650335442705       
11          -4626.5886158587564      
5           -1302.3169467985881      
6           -109.45500249504002      
5           -108.03499455441067      
5           -136.81805868083902      
7           -508.81733362356346      
11          -3642.5313359327979      
8           -944.89979127761717      
11          -3037.7389517096944      
5           -539.63882342710747      
7           -507.63593526685878      
5           -700.64509781623588      
7           -825.13090097749227      
10          -2849.3519012225256      
14          -2048.350982637302       
3           -47.2369571460316        
10          -3767.5651898672945      
5           -191.88851489497139      
8           -802.46187727964832      
9           -1574.7806725433784      
4           -148.76413463387541      
4           -59.996144309575612      
6           -80.07947415845517       
5           -579.88813222024874      
3           -297.55262858491631      
5           -953.12822177651435      
4           -23.065355929577112      
11          -2796.68534935564        
7           -1251.4687790301746      
6           -1401.0088408629401      
12          -2568.2766390332949      
5           -1115.2798746607357      
11          -2927.9516914595624      
15          -4003.0817662766444      
15          -5476.670229881558       
3           -794.31066787594978      
4           -23.065355929577112      
5           -215.86163009034649      
11          -5205.8691564528453      
6           -74.212558441465575      
8           -370.0472327315253       
1           -1.4415847455985695      
4           -87.523980708189114      
4           -1144.6302489924003      
8           -173.17837251245345      
3           -12.974262710387126      
6           -1781.6202022774808      
11          -3450.1845178750627      
2           -5.7663389823942781      
4           -23.065355929577112      
7           -1000.2930466259543      
13          -5661.1435560868176      
13          -3926.7393262491837      
5           -392.69756884414267      
4           -807.67021715616227      
10          -1853.4703828424399      
5           -821.95123581726352      
4           -1028.4578551834798      
