420 1 -3800 35 35 35
7           -119.22645522692625      
6           -1163.7814214693067      
9           -962.72424037616997      
10          -1489.4080329172102      
6           -875.28690774261247      
5           -900.51232477852136      
9           -1279.1760152398788      
7           -2131.8215211079373      
8           -2219.0760009429609      
10          -1940.6230777031374      
12          -2505.6063689349048      
3           -545.98363183518154      
4           -661.24128047495435      
9           -3069.9088214341136      
9           -2876.3997410506677      
10          -1678.8668490002863      
7           -2215.6228537676511      
7           -977.18368664289721      
5           -72.278467129170679      
8           -2330.6594039967613      
10          -1986.214996167852       
8           -1235.7437888135626      
7           -676.83492279953191      
5           -526.14908365503129      
9           -2153.807312758423       
7           -2230.9996669292009      
5           -538.17256331494309      
12          -1233.3564393044876      
2           -5.5920578388213498      
5           -117.63310797135685      
8           -1203.1740593552677      
6           -194.93417612074137      
6           -772.36979627687401      
3           -838.60878459328865      
8           -662.94500890254415      
3           -12.582130137348038      
3           -47.488583771206571      
9           -1294.9225788412639      
16          -6826.5807819563688      
4           -22.368231355285399      
5           -36.113586455946447      
4           -78.562651821700015      
7           -135.36961829980478      
3           -15.685288121245497      
8           -856.90883150988873      
6           -222.07691537815973      
3           587.13331750816837       
22          -8062.8802020722742      
6           -117.97704365257353      
4           -725.05860099580229      
8           -505.20116737404203      
17          -10906.405458933843      
5           -34.950361492633441      
10          -1494.1845598251866      
12          -4259.3789604042704      
9           -1724.664789391446       
7           -2478.6426189425511      
7           -691.95774986473145      
5           -121.10227657791489      
7           -344.52362889508527      
4           -381.29460513777616      
11          -2231.4847579496491      
5           -257.53184643180839      
3           -12.582130137348038      
6           -1458.9033288942819      
1           -1.3980144597053374      
8           -778.71011203681337      
6           -201.78630813642064      
4           -25.744811944445956      
12          -5587.1049316313592      
7           -3043.6753360516327      
6           -1433.8964225463355      
9           -1963.5876973520901      
6           -2526.6121649070192      
2           -5.5920578388213498      
10          -1191.9338337244255      
7           -304.66357413487003      
4           -22.368231355285399      
15          -9173.3488303663198      
9           -2110.7389637791803      
5           -464.89542750320692      
7           -202.6583480045077       
7           -610.62803092866284      
9           -1723.3424494580756      
7           -2334.7384001907217      
8           -1596.5768398103248      
4           -150.52760218004909      
6           -208.8315800253996       
8           -160.51272583466357      
7           -1478.5002349139522      
8           -198.54963234328281      
1           -1.3980144597053374      
11          -1479.8543868047263      
11          -3000.7006854040483      
9           -2436.0743549814893      
2           -5.5920578388213498      
4           -221.97711249728971      
8           -159.75683951997235      
4           -490.76430718217205      
8           -1775.645128997417       
4           -534.90329650169713      
