420 1 -3800 35 35 35
8           -177.43383767104666      
11          -500.15552892757847      
10          -384.53070657036079      
4           -102.07713178217318      
9           95.382768699907047       
12          -408.69931619826275      
20          -1474.5085433687047      
7           -61.662555347172486      
11          -1054.2652711255919      
4           -347.32580226609821      
7           -440.66115101206032      
6           -22.494549731709501      
1           -0.20236088611800973     
2           -0.80944354447203892     
4           -8.8837059702139527      
4           -39.133713790978504      
9           -394.38361272921901      
10          -204.82618570099774      
10          -443.81684318613867      
7           -252.04124324931578      
3           -13.229885793605465      
3           -1.8212479750620876      
6           -99.668179427697282      
12          -338.85783678115536      
3           -1.8212479750620876      
7           -116.70899067328219      
10          -729.12340099738583      
9           -103.92732621422377      
8           -53.095287385466776      
5           -21.868475683632546      
9           -349.43750491059063      
7           -213.72235701706782      
6           -29.317626475443699      
5           -32.368866316041917      
10          -732.47822842485095      
7           -126.53155019348158      
10          -249.6807093921264       
8           -295.55175290345539      
3           -1.8212479750620876      
9           -182.11064046851828      
11          -430.93758122496916      
8           -409.13466867763697      
11          -913.3896064383913       
5           -31.418884766907439      
3           -1.8212479750620876      
11          -141.76509451970711      
6           -13.118297135865447      
7           -289.69766371464101      
3           -1.8212479750620876      
7           -376.40687430024855      
8           -106.65774284050583      
5           -17.34948242590422       
11          -750.15823635018467      
6           -28.743660054664105      
10          -467.80743417898947      
19          -55.751714757214771      
12          -444.0371600916427       
15          -406.68480139028088      
11          -307.67572296548752      
8           -223.6293879599406       
9           -294.38997343371534      
10          -362.96242642220699      
13          -842.32095511459852      
6           -69.768041981872415      
7           -28.302992373524312      
6           -45.4096831246326        
7           -172.94735877342836      
5           -284.14170884508184      
7           -43.400309190992466      
12          -561.96877897162778      
9           -326.47718164185142      
2           -0.80944354447203892     
5           -22.633119900040938      
12          -497.8790076976378       
16          -549.66549036491142      
6           -11.421220230447124      
7           -31.80557484381977       
7           -318.72530156521771      
14          -725.93226548727114      
9           -69.977696975491781      
4           -3.2377741778881557      
3           -126.53203937398642      
10          -380.87979926796874      
10          -757.18896733114195      
9           -241.20264208482087      
6           -221.84324510008332      
8           -174.11300754907842      
3           -121.1745596318174       
8           -204.35986577113616      
4           -113.90997118874743      
7           -100.78083654078605      
1           -0.20236088611800973     
4           -3.2377741778881557      
14          -986.41225264698369      
4           -94.780490596627303      
5           -129.44670607029954      
7           -172.07171071496123      
2           -0.80944354447203892     
3           -1.8212479750620876      
6           -114.33421720017947      
4           -8.2458662914268075      
