420 1 -3800 35 35 35
4           -4.3774198986065525      
6           -23.16894370006429       
8           -193.1797245935787       
6           -112.41150812752485      
4           -147.67888373381791      
2           -0.80944354447203892     
11          -665.91051756345348      
17          -1042.4456992948353      
8           -107.31441094268901      
5           -11.222723751976815      
8           -144.83649630368384      
8           -207.66464823064518      
7           1420.0450305832385       
2           -54.384543735072221      
6           -37.184079320968053      
11          -330.13705801970906      
7           -199.03600748747331      
3           -1.8212479750620876      
4           -20.355246566138689      
6           -33.124335432943042      
5           -164.56977218698142      
10          -164.32771153024154      
6           -142.67251627010762      
5           -7.8129035976192451      
6           -71.294262716632687      
9           -316.19129410756011      
3           -7.3592026926269618      
8           -416.10064605477282      
7           -57.501357540539068      
8           -168.10712791127946      
10          -268.10236210417372      
25          -2258.0779018759781      
5           -105.37430049938979      
7           -52.534398403394761      
10          -906.08015433389039      
3           -1.8212479750620876      
10          -421.27494488050019      
5           -106.9959904258358       
7           -257.81844837336314      
7           -21.505578799296096      
10          -819.3776185705218       
8           -127.59209689333127      
12          -907.39645928343282      
5           -53.53929752993961       
6           -220.59146504391788      
9           -479.88533619445917      
9           -384.89662107083251      
11          -591.83228462410364      
8           -401.81815186612397      
7           -173.20284736110972      
13          -413.6699974032594       
13          -438.96870860556493      
5           -6.582103682573667       
5           -115.33202945232514      
5           -263.18621086340568      
5           -21.073902892740087      
7           -242.89052709972466      
4           -60.387735304563407      
5           -92.646467115554898      
14          -825.55380550059215      
10          -382.61739235062078      
5           -182.27403223264778      
4           -208.55596407564227      
5           -44.418578484086723      
7           -33.383942789848071      
7           -154.51270288726212      
3           -1.8212479750620876      
7           -181.48627245110941      
5           292.24138652008253       
6           -52.623447271004935      
18          -866.36890770227865      
4           -3.2377741778881557      
8           -394.11683230416645      
16          -953.18552976592309      
14          -891.44634171789323      
7           -187.8471968703121       
9           -135.69036332326382      
6           -183.39268371108412      
8           -196.43454821140597      
6           -174.93113265798905      
4           -67.197745003378813      
8           -627.54069978168263      
8           -106.94068077127591      
8           -246.44536354280433      
3           -23.78021266846158       
3           -13.858636066701584      
9           -135.97148263850207      
14          -1006.1729137683054      
8           -113.26443942603747      
11          -286.75777170379729      
4           -156.40767208855343      
16          -896.0530739550677       
8           -208.04529349129137      
10          -189.34495408794504      
12          31.671882943731788       
8           -204.53076278482467      
5           -7.9194718705977749      
8           -325.82139858511107      
10          -374.01509574289088      
4           -4.6441955153599608      
10          -434.81500356129118      
