420 1 -3800 35 35 35
6           -977.137329726595        
6           -976.31951753802741      
8           -713.77622805927399      
5           -59.292145604698632      
8           -386.22368184828281      
4           -91.252442181882529      
13          -788.5679279414087       
6           -24.987958879435801      
10          -1588.0821169256085      
4           -94.34394940402008       
10          -499.45319165566974      
4           -16.501638811605865      
8           -229.76512527019548      
4           -9.5465885096834171      
7           -466.50226095710502      
2           -2.1845095552540323      
6           -244.22802324127252      
8           -324.17507058952697      
9           -944.91830281233217      
10          -954.77367351587066      
5           -19.847765349982751      
6           -724.18065730348803      
9           -877.07059469517253      
3           -8.4171223162687099      
2           -2.1845095552540323      
6           -19.66058599728629       
4           -37.378872765226838      
7           -764.89227212001481      
4           -32.114760086048349      
8           -997.07255513784094      
7           -642.12978258180101      
5           -13.6531847203377        
8           -815.1394219329419       
7           -686.16363479913525      
8           -953.55476201628414      
8           -986.65863864724929      
4           -33.961447713564183      
6           -723.07835242436784      
4           -18.956744902714671      
4           -8.7380382210161294      
3           -4.9151464993215725      
10          -134.25689015914693      
10          -664.0368922249562       
2           -2.1845095552540323      
6           -41.583549109618453      
9           -143.08311940214344      
6           -162.91798677017456      
8           -256.04913976422853      
1           -0.54612738881350809     
10          -719.31735302871527      
6           -480.72284124725036      
10          -1462.1627965748833      
8           -664.21726792168147      
9           -1914.5988658099304      
7           -500.86099477345408      
11          -774.73867876688769      
9           -871.5825589209154       
7           -124.10133400185538      
6           -40.710548611948937      
4           -41.005599975241964      
11          -844.8484534113137       
4           -320.97805746850389      
5           -78.078606528631809      
7           -537.78853691959819      
4           -80.99987919633223       
10          -1445.0712445023275      
4           -8.7380382210161294      
7           -345.04641420408075      
7           -609.62835472502843      
6           -40.060288902337575      
4           -97.429917672520205      
7           -636.12826094200409      
10          -92.630572406572483      
7           -160.33218605101337      
10          -945.33243762205336      
8           -1021.0872203190928      
18          -2523.2377481700942      
9           -1389.7328069191017      
9           -1137.3032103645282      
10          -1476.3334613091677      
9           -753.10303955704637      
6           -68.930697114076764      
7           -686.73588211075378      
6           -133.34315610776093      
4           -301.18533390513875      
16          -2753.4302815438214      
12          -1439.1792540228785      
13          -2083.6855266561847      
9           -501.84801033446058      
4           -8.7380382210161294      
6           322.1261071616525        
7           -94.208458184220987      
5           -113.78798356665777      
2           -2.1845095552540323      
4           -29.718693413555734      
6           -479.5860449015006       
6           -39.432118868688363      
1           -0.54612738881350809     
6           -101.64311280275989      
2           -497.01655567904379      
15          -1807.3878187325104      
