420 1 -3800 35 35 35
7           -568.83934025315205      
4           -25.897644001394994      
9           -753.33486567919113      
11          -1095.3233863109019      
4           -191.25304190941745      
8           -80.940551978518357      
7           -150.89662644954464      
8           -1079.4488546475284      
3           -5.0652101507596221      
11          -1053.8136789594528      
4           -21.172683956516977      
13          -3550.7044476982392      
10          -1438.4116110796972      
9           -245.10154687059145      
5           -501.08950971449042      
5           -14.070028196554507      
6           -427.19248830835193      
12          -904.65857908231919      
5           -18.505434531756364      
1           -0.56280112786218028     
6           -141.23000258898247      
7           -80.791533175487814      
5           -158.54587376538223      
10          -579.75425581848913      
10          -302.06249901390782      
4           -81.964871077721         
7           -258.53423399337572      
1           -0.56280112786218028     
6           -193.06347338420341      
10          -1337.4278242833757      
9           -968.656004740291        
9           -800.6694903998582       
2           -2.2512045114487211      
10          -858.88475356451499      
11          -299.87993570031438      
9           -523.40386068205055      
3           -7.8918761605392191      
5           -14.070028196554507      
9           -928.01405576671937      
4           -209.44970150628285      
12          -1812.8100174207964      
3           -5.0652101507596221      
10          -1314.2207277552793      
10          -543.96286976308579      
4           -252.64303387358106      
4           -9.0048180457948845      
10          -1166.0431090935886      
7           -304.10847809102546      
7           -886.48760616525556      
9           -983.49646859965583      
8           -1252.9108882388634      
5           -44.202443147218617      
9           -599.77700344654943      
5           -14.070028196554507      
4           -12.633529921876924      
4           -32.526050495214008      
6           -21.04940763336289       
9           -328.87150890226002      
10          -198.93755187802304      
3           -5.0652101507596221      
2           -2.2512045114487211      
2           -2.2512045114487211      
8           -213.44488395516223      
7           -1163.1058000349633      
8           -91.01569580748577       
5           -30.445468833367691      
10          -592.43306886437631      
4           -402.54426990913339      
7           -103.62294268367506      
2           -2.2512045114487211      
5           -374.23673986285371      
13          -766.08919258104015      
11          -684.11076304542757      
4           -31.205579575678428      
8           -821.97829069703755      
6           -635.24862995977094      
3           199.27935019112624       
4           -9.7445220560870833      
8           -951.55932076916486      
6           -454.46214207268019      
9           -1087.7011617299124      
8           -735.77636056067149      
17          -2615.2447982793142      
11          -1320.2716240446362      
10          -1875.1433178736611      
9           -213.48291040560508      
9           -564.73515505067178      
8           -342.80327389498348      
7           -68.887611068208727      
3           -5.0652101507596221      
12          -452.07254333293605      
0           0                        
1           -0.56280112786218028     
9           -419.62277431728023      
7           -509.29734579912582      
11          -1231.2038516510302      
6           -20.260840603038488      
12          -2232.4386541304943      
8           -902.75464874319607      
9           -1220.8122094180205      
9           -1053.0369846314222      
