420 1 -3800 35 35 35
9           -183.94362768708208      
2           -2.2512045114487211      
4           -11.261559766081744      
3           -5.0652101507596221      
4           -89.676202567164097      
9           -129.24105267713622      
3           -5.0652101507596221      
9           -338.65645230047488      
6           -139.41358790619273      
6           -520.02835231109805      
4           -108.31508902349614      
12          -1880.5123956730483      
6           -117.148018415678        
9           -65.696570012136007      
8           -145.26866261608953      
10          -2719.0591288164092      
6           -193.00384760572319      
6           -54.461236962064064      
9           -467.54429574694888      
7           -79.025962123502623      
7           -166.80139552179247      
5           -14.943374726489148      
8           -432.18173458664478      
7           -36.960212435341525      
8           -618.32440523017408      
6           -1457.9180290825773      
4           -12.19966756615289       
14          -859.85158146521098      
7           -475.637550981755        
9           -905.49773000711821      
4           -383.77511714733458      
6           -72.516364724976256      
10          -546.08002129126783      
7           -84.407406724408787      
3           -323.7535651679101       
8           -113.86218297343504      
10          -678.97487108682594      
20          -3437.8651635986553      
20          -4002.5204360018679      
13          -2040.7720875102268      
3           -264.52290785133289      
10          -757.28472547479737      
8           -1511.5310011403992      
11          -453.57603916829964      
10          -1503.6485849211979      
9           -898.90948476188419      
6           -181.2830717762958       
9           -405.42167778674349      
12          -479.5636627550677       
4           -22.492319533149363      
7           -123.34858249760077      
12          -1890.3418257508217      
6           -507.14726346329462      
6           -503.3812346609613       
6           -219.62128021851333      
4           -175.88226308007907      
7           -342.23965243549191      
6           -683.31727863453068      
5           -386.76060111088253      
0           0                        
6           -103.70279663229066      
5           -14.070028196554507      
9           -838.5546238377882       
11          -2570.2035921202746      
11          -627.74928731864838      
12          -565.40580383182146      
5           -274.99328304397244      
6           -20.260840603038488      
7           -249.93917949646402      
7           -867.1917472345491       
8           -355.44097851904337      
6           -25.937548475997229      
1           -0.56280112786218028     
6           -306.27130592300853      
6           -113.22741596728281      
9           -950.87010049955131      
14          -1575.9729386444949      
5           -34.852548398251159      
4           -16.472383528234609      
9           -479.25398397934487      
5           -15.300284176102744      
8           -280.99311492043557      
5           -325.22838044515055      
3           -5.0652101507596221      
7           -106.68319624991068      
7           -455.64309785121674      
13          -1657.2298826779547      
10          -1475.4882671300775      
9           -80.639525912431623      
5           -40.48229071556581       
13          -1783.8591536273821      
1           -0.56280112786218028     
6           -136.85256033044178      
14          -693.90345297473402      
10          -163.60673283604439      
8           -185.08955822469912      
10          -1575.7391729320959      
10          -834.33411077202845      
9           -1012.9189249958149      
5           -370.07425522744654      
7           -568.83934025315182      
