420 1 -3800 35 35 35
6           -69.321747582795112      
13          -4665.3578527759018      
4           -600.95599985048         
11          -674.67752835188423      
7           -440.76388485322832      
7           -267.86223450828766      
6           -829.25490536834036      
6           -52.297967515754408      
1           -1.3980144597053374      
15          -6133.2532374686862      
10          -2172.7245710950756      
6           -91.826149913308797      
9           -1463.2215686565337      
6           -881.76774240595739      
7           -2274.271716203345       
12          -1382.0735429092588      
15          -6298.4411634510807      
12          -3735.564415130521       
11          -1396.8029339716463      
8           -674.80066052692177      
4           -220.24191819634513      
6           -1189.2867103269389      
5           -186.08001088910726      
7           -715.92480990993351      
6           -140.0519916663724       
6           -922.09506763642207      
2           -5.5920578388213498      
14          -4712.5931565915243      
7           -1387.9830969456102      
6           -759.42498208941481      
6           -451.87582873507267      
12          -2503.5810234461796      
6           -50.328520549392152      
7           -1475.181158844126       
9           -2025.8261745171267      
8           -1181.6718092079798      
4           -1246.848890643601       
11          -2423.2410371440533      
10          -1631.7015401399233      
10          -3082.9947555049444      
10          -2186.344783049024       
2           -24.797338679594684      
3           -41.795769519306901      
6           -1426.0823643102963      
2           -5.5920578388213498      
12          -2896.3637804803657      
11          -2835.5655193669813      
7           -755.40335000813297      
5           -40.725192500721803      
19          -6612.2935852128294      
7           -649.64787048157905      
6           -780.72386111354967      
9           -344.9003032604935       
4           -759.48233622175007      
10          -4976.8283232782032      
12          -3887.2762544478037      
2           -5.5920578388213498      
4           -163.1963075596916       
6           -460.90732348651204      
7           -742.48182554741516      
14          -3056.5422589736277      
5           -48.761702432003823      
9           -2251.8746352909989      
10          -1821.0786916371003      
4           -290.04982865853259      
2           -5.5920578388213498      
7           -1283.0437217750118      
8           -773.80483756574085      
4           -117.4011727044431       
8           -2296.1667004050014      
7           -926.00952585005268      
16          -5276.8050104664671      
3           -12.582130137348038      
11          -4299.6333122760561      
6           -84.600006628496288      
6           -417.69836596213145      
8           -1059.4899906469172      
13          -3525.0461555025149      
6           -877.83604457109845      
3           -841.32974470202805      
14          -7417.6383953506411      
9           -3113.2826030893552      
8           -1706.2321845588219      
10          -2052.4617145459597      
3           -87.886751987188262      
6           -899.82779516322626      
10          -1222.2775664905494      
10          -1808.3413765294767      
10          -3636.3822392243674      
4           -593.10546513404756      
7           -1567.0454193965841      
8           -1874.608530289875       
10          -1452.190559280943       
10          -2675.2252559563844      
4           -22.368231355285399      
7           -207.96409271458501      
3           -15.883610939183381      
4           -762.1565496520393       
6           -70.764467199732394      
7           -164.78667286743723      
3           -12.582130137348038      
