420 1 -3800 35 35 35
4           -225.93807947196436      
8           -254.86402309258196      
9           -454.26710113541168      
14          -1215.6326323226835      
6           -197.53648973832588      
6           -263.35578102956697      
6           -130.2070896977682       
12          -1883.5543903531141      
10          -820.33255330594716      
11          -1279.9777655064217      
5           -136.38044938447806      
8           -364.26351805049092      
16          -3581.9950691636195      
10          -1255.3421223535086      
2           -246.93046014898707      
2           -38.157126079783055      
11          -2129.0133634399253      
12          -2305.3231861234367      
6           -241.74228675110095      
2           -2.2512045114487211      
9           -147.10191017217284      
6           -28.442334547151688      
7           -1259.9795564948588      
8           -306.15934596374041      
5           -67.370202692052828      
6           -33.965989821564236      
10          -406.48566442499657      
3           -61.760893271096066      
4           -313.6718555622536       
13          -1324.7235027035138      
14          -1332.6361381162817      
12          -1714.4693554985379      
2           -2.2512045114487211      
5           -16.684702266387845      
10          -305.32491042814456      
5           -295.73887852611148      
6           -131.52472411156702      
15          -806.1717355405799       
7           -32.956872609088776      
7           -656.81964003502503      
10          -428.27880154318433      
9           -450.49342701563046      
7           -750.44707029873371      
4           -109.88904402378247      
4           -123.29272335568069      
6           -24.449024861282879      
11          -441.49631666676407      
5           -18.468596744129577      
2           -2.2512045114487211      
5           -84.223901191757079      
11          -548.08091212552904      
6           -563.76018409039455      
2           -2.2512045114487211      
13          -910.16808621911457      
5           -15.942757856629887      
2           -2.2512045114487211      
9           -594.77175764912431      
5           -442.59904058554355      
3           -5.0652101507596221      
5           -261.42524853867053      
9           -715.03830656322452      
8           -679.03790531359607      
13          -521.08951069417344      
5           -184.21341494468982      
7           -187.5214441230697       
4           -316.09511650814272      
6           -307.84629112287581      
9           -519.41858578767096      
4           -185.26069643629654      
6           -202.50027960916879      
14          -2569.8827164298496      
9           -911.40645429343476      
7           -144.19972774379463      
4           -80.034187728633526      
5           -54.799054766249924      
6           -433.57710440518923      
8           -808.35217049005564      
12          -2066.7231486888518      
10          -650.33788721237659      
5           -72.647902699719538      
11          -1111.7110229845603      
9           -844.35814159243773      
3           -5.0652101507596221      
10          -224.9773137966821       
10          -538.69571993351451      
10          -653.96517675284679      
9           -314.68861669468305      
6           -688.34139813353659      
9           -1333.149541490287       
16          -1905.4565332074271      
11          -2287.4085277793874      
2           -14.139363731730851      
8           -294.55738361596332      
5           -85.088305684103673      
5           -475.85152895378519      
6           -175.59607037833803      
10          -1213.4286870640344      
8           -481.38594651429355      
3           -72.921017009389246      
6           -581.10407019015508      
5           -199.20279560601179      
