420 1 -3800 35 35 35
7           -1100.5679179689284      
10          -4188.9546334930756      
5           -543.46521136960803      
6           -535.60750550087164      
10          -4395.2488825666396      
7           -1499.8665540065222      
14          -3161.6827954719638      
9           -963.80114016372636      
7           -119.35464997300951      
6           -1386.6460001171963      
4           -561.89613589545058      
6           -811.30478843687274      
5           -1207.6713009527241      
2           -5.5920578388213498      
7           -3528.0692169920362      
7           -719.42101380442796      
5           -531.65341659843762      
9           -499.70466961493366      
13          -5839.7723227239885      
5           -2726.5062428937163      
3           -862.6093625775834       
20          -10398.993386858961      
15          -10740.714258317983      
10          -2651.551329070724       
13          -6505.0057094209251      
10          -1776.9824596114845      
11          -2248.1207725839677      
4           -22.368231355285399      
14          -4807.5336750194319      
7           -381.5791590845198       
2           -20.609796076641288      
4           -444.08735769195476      
3           -12.582130137348038      
11          -3289.9793694351979      
3           -644.05614272576395      
6           -886.76707078573872      
2           -5.5920578388213498      
11          -3619.7050832232026      
6           -357.29517472185955      
3           -17.982973504391403      
3           -13.437344920795814      
8           -2121.2669523265067      
6           -73.720101545327168      
4           -22.368231355285399      
10          -3313.8921168224952      
12          -3754.7193010015935      
9           -1725.0095047691514      
9           -2428.2529551306993      
8           -1283.0930159607506      
8           -1202.6530875035642      
10          -3778.2631131896646      
9           -3580.7657407044107      
8           -259.7284139486934       
12          -4109.5369485985148      
12          -3631.016423773448       
12          -3651.3360848894954      
8           -3356.4200929407962      
6           -721.26388385722157      
3           -14.016558771836898      
6           -169.96216116514884      
13          -2945.1364868027349      
8           -1112.3541781275871      
12          -1399.7123530740068      
11          -3063.8400202164594      
6           -558.35394992780641      
5           -528.43909055823099      
11          -1617.015833532515       
3           -12.582130137348038      
4           -428.26079368134805      
1           -1.3980144597053374      
15          -6291.0961117803308      
6           -556.30592767252449      
7           -875.2942886851888       
5           -1145.1324620598969      
11          -4732.3086124752581      
15          -4820.687253015426       
8           -2062.8780316671973      
8           -312.68419032365688      
5           -514.68153874037444      
6           -993.92268973505668      
14          -7328.4539672442497      
7           -812.3888887646367       
8           -482.48801827350428      
10          -3990.6105203831162      
5           -350.90842886102644      
7           -930.95672486441777      
4           -27.580012462663795      
6           -650.48016204164594      
12          -9012.1929705998973      
12          -4313.7644010939202      
17          -7850.0685229128521      
5           -190.75788580066538      
3           -452.32220629668439      
10          -1103.2523140841424      
9           -1297.1959033096437      
9           -577.18685339982255      
6           -822.52081280157472      
6           -2088.3369724106765      
9           -2395.2074802379066      
11          -2591.0147141907696      
3           -918.33759162513854      
