420 1 -3800 35 35 35
6           -1026.0816297020924      
5           -949.39504036206233      
7           -1486.0582976228757      
3           -30.002214325464212      
6           -558.02555828612117      
7           -390.74124309953845      
3           -15.816445571107112      
14          -2873.970918729493       
3           43.350302267975231       
5           -110.43539399934099      
8           -3073.7682641497208      
7           -1124.533138845143       
14          -4120.1511479254432      
7           -347.30742965841864      
11          -2652.715302419871       
10          -2223.1150890337162      
10          -2308.9948818487755      
9           -3208.0226418221955      
7           -259.40802843876156      
10          -1776.7983822130914      
3           -12.582130137348038      
13          -3216.6867399984476      
6           -1696.2322249929352      
9           -2614.9033209193249      
12          -4903.4831770332366      
5           -57.10370349242541       
10          -3371.1884249447821      
6           -337.22547839235619      
7           -866.75887207951473      
9           -1664.5079805870032      
7           -3700.990082955308       
15          -6211.2727406836721      
7           -555.69876477414596      
8           -862.27708207340208      
4           -425.87193210369765      
2           -19.191143852125496      
6           -132.93734149026307      
5           -1942.7780169751404      
7           -850.4981300901062       
4           -24.938367752853878      
13          -2580.9425169111014      
8           -1365.3510488450706      
5           -42.052604741404593      
11          -3034.413302517075       
4           -66.2233657338207        
3           -26.983851923146027      
7           -1109.0197276712968      
5           -260.75733439271136      
9           -2641.6629480586639      
5           -194.72160373656075      
10          -1581.9302999593647      
4           -229.37927821020779      
8           -1774.1664917845087      
2           -5.5920578388213498      
5           -471.32788883002411      
6           -527.1954112768974       
16          -3629.7998385115707      
3           -38.523763983940839      
7           -695.49977096577948      
6           -64.838930228113753      
4           -57.212721675940429      
7           -1131.7592285742699      
15          -3859.809002670102       
11          -3644.4840949669551      
9           -7253.8710897199608      
8           -1816.6049087221841      
13          -5073.0945740328325      
15          -4721.8055640342636      
9           -3404.9925339643951      
17          -8961.6297794382317      
10          -5562.2975616303247      
8           -1707.8609880179881      
7           -1914.6362626431892      
8           -554.53956627441357      
5           -220.03309317461418      
8           -1896.8529890570114      
8           -1382.134086850456       
11          -3133.8311440760554      
16          -7147.2793605933184      
13          -6687.6132132276389      
1           -1.3980144597053374      
6           -534.99069841275832      
12          -3346.0439825802805      
5           -568.79280372435824      
12          -2205.0673533363511      
14          -3301.1800131117807      
5           -35.792773402144192      
6           -371.51574101067968      
4           -267.82627179866637      
7           -984.21208595305507      
8           -2086.0782482942063      
9           -1848.1400673511152      
14          -7292.8034734927578      
8           -1861.6794630224645      
4           -637.69541113827961      
4           -389.55808581967813      
7           -1180.1821870843564      
8           -1187.6786573895627      
4           -641.53272448386758      
6           -74.746243745351393      
8           -1421.6999826648373      
