420 1 -3800 35 35 35
5           -6.3501455213675628      
15          -984.23574518724058      
5           -86.258569630730122      
8           -151.63267123578015      
3           -1.8212479750620876      
18          -1215.0429077258675      
5           -267.97593032875608      
5           -18.53007760413324       
7           -141.16154318155563      
6           -183.21475206899188      
8           -100.45873209183233      
4           -24.853804913592281      
3           -1.8212479750620876      
10          -331.78687052448515      
8           -406.99663437913466      
12          -226.57604744413746      
10          -436.5024240816818       
5           -48.205747083948133      
4           -212.10759293542938      
5           -22.808364724688566      
7           -210.12464315228405      
7           -209.44894543793242      
4           -11.974794686460617      
6           -358.88469439132342      
9           -169.76046545411705      
11          -213.95638818762816      
16          -683.63764941303452      
14          -624.01782705842697      
10          -215.60614542272609      
5           -116.28046813043093      
9           -294.62207018000578      
3           -1.8212479750620876      
9           -531.11234638925703      
6           -245.35552504650667      
8           -46.903562593050182      
12          -1022.5823128050096      
12          -383.52613964934642      
10          -266.73631619192594      
4           -146.38840964890849      
17          -1082.2732200734008      
5           48.23231230561138        
8           -151.58153692871991      
9           -234.87714466190783      
13          -412.90794406879212      
13          -347.24506158588338      
8           -312.12727798217384      
5           -131.26030792990912      
6           -524.54759989749414      
9           -307.72520543621783      
3           -75.009351212514034      
7           -362.2619403359422       
2           -0.80944354447203892     
5           -94.732515196804655      
4           -4.3290567990868869      
10          -651.23468247573044      
9           -552.03281580052578      
7           -143.31499671861906      
6           -194.01989971155183      
5           -31.362349907102995      
2           -0.80944354447203892     
2           -0.80944354447203892     
12          -456.16069219887834      
4           -19.787361632513331      
6           -94.547308420751079      
7           -28.620208966736691      
6           -91.527536786165342      
10          -352.70068389292089      
5           -42.26012009838562       
11          -523.54011938707129      
8           -173.31232417656548      
5           -248.55219685954296      
7           -171.12106967612377      
13          -394.84913581389736      
9           -116.33861404314371      
12          -597.58868306434488      
20          -1184.0730390008043      
13          -652.52203538866149      
11          -196.63088908264442      
11          -373.5308136336763       
6           3.8217298351238949       
6           -228.47256302473562      
11          -607.33386771505423      
4           -28.336648171413604      
4           -107.70023592372542      
10          -152.14425398856636      
8           -444.04379995158541      
8           -525.66297946083489      
5           -79.101000598724696      
8           -348.34706694677664      
8           -179.6068290333198       
8           -515.15479272319646      
14          -671.42863571879207      
4           -4.9682321937987401      
9           -255.83975218312997      
6           -67.639292259194576      
3           -1.8212479750620876      
8           -499.85729023482133      
2           -0.80944354447203892     
10          -269.66109557312836      
6           -34.254907072603203      
11          -171.5856914930003       
