420 1 -3800 35 35 35
14          -2965.4069833604071      
10          -2075.4690363176892      
8           -1976.7006453929148      
6           -1406.1101858378372      
9           -1048.9745279891661      
11          -3856.5397986974881      
6           -1464.202323010961       
10          -3601.7128591948203      
11          -1998.739287763241       
9           -689.10448235348258      
9           -3045.5999786725024      
13          -3041.302680563901       
8           -1963.4105838245653      
11          -4466.8285001609829      
14          -4918.8614626527124      
9           -908.84037077049788      
19          -6545.4864381596708      
7           -1654.7753754004605      
7           -870.86265450750875      
8           -966.80642863731896      
6           -208.39311087176912      
8           -2036.5853579203106      
7           -971.85757942416751      
2           -5.6886202856566097      
6           -550.6500060245337       
7           -1529.6192487380285      
10          -3078.0724892792978      
6           -1064.8986426289828      
6           -1778.4689530430096      
4           -1173.4499647539255      
12          -1535.4441836251549      
11          -3280.5872309003853      
7           -209.45601919285463      
15          -5931.7989083671391      
4           -851.53358016880281      
10          -1319.3160946987198      
2           -15.412452731863306      
3           -12.799395642727369      
15          -3549.9634759407913      
8           -638.29766803900952      
7           -788.84147534980457      
12          -4673.968854584059       
6           -1672.5195220244141      
11          -825.54271370389631      
6           -1218.3268467978867      
5           -70.078973683258226      
7           -317.57758043916573      
9           -1245.2466138002426      
10          -2034.7830212915976      
5           -555.39335684093578      
3           -12.799395642727369      
9           -2016.5490801649858      
8           -301.30545818107771      
2           -5.6886202856566097      
8           -1085.5157232015222      
10          -1207.3515310682019      
8           -1825.3605169247278      
13          -3675.0010900734442      
7           -1710.177384434096       
7           -110.92308201225575      
3           -13.75708637827171       
3           -47.355767324003288      
8           -1820.7360999684033      
6           -81.891752158144669      
8           -1031.1324759702741      
3           -12.799395642727369      
7           -1270.0293122985727      
6           -121.15379060188111      
14          -6170.9686042183876      
11          -4268.2125010996897      
7           -204.1141849756313       
3           -1062.3118535946442      
6           -61.532968151693439      
10          -1473.0695830504728      
9           -693.57581817140908      
2           -5.6886202856566097      
8           -3751.7127487980902      
8           -1676.8873515110731      
3           -23.764293657017063      
5           -73.472410786036079      
3           -12.799395642727369      
9           -2596.1454690617197      
5           -35.553876785353808      
5           -223.70767108163767      
3           -12.799395642727369      
7           -610.63464008636493      
8           -830.06139416289261      
8           -2328.6947994418574      
5           -106.639012529374        
5           -1019.4582801215877      
8           -2151.9962985422108      
8           -225.39873554983998      
8           -1673.0693658760854      
5           -218.57853317845979      
12          -4718.7165836430986      
10          -3874.2048619847983      
8           -2829.1342239737164      
7           -1259.1202984403933      
7           -197.83903573729032      
7           -411.67917998050393      
7           -1609.5624080528992      
