420 1 -3800 35 35 35
4           -97.30484895116075       
8           -97.628808493493977      
9           -285.68234510018505      
14          -486.41274232384154      
6           -140.65470170438726      
6           -175.67930791555463      
6           -53.702120916754858      
12          -765.31524314442652      
10          -289.3147054056339       
11          -474.44079517714204      
5           -97.501475913283556      
8           -125.35356592028276      
16          -509.14708286461132      
10          -524.47126496592216      
2           -58.038249883888845      
2           -53.508569794666172      
11          -1120.2615458163134      
12          -1419.571110914866       
6           -97.057375342747576      
2           -0.80944354447203892     
9           -105.33613530383562      
6           -13.413358349087655      
7           -368.86547436592383      
8           -276.20284103910365      
5           -85.256473628093929      
6           -13.511515689359515      
10          -154.32908832046601      
3           -56.531522725609669      
4           94.238773370377984       
13          -591.15323980077562      
14          -549.07949455521475      
12          -759.49501840400421      
2           -0.80944354447203892     
5           -6.2249919118711663      
10          -242.80142865187648      
5           -33.291626329217856      
6           -163.39360899288008      
15          -615.97623695737275      
7           -31.577653277951747      
7           -330.48526812656849      
10          -238.46502188619397      
9           -274.18022505978598      
7           -285.45488031844911      
4           -18.998692534430656      
4           -114.78940353350849      
6           -13.60202747545949       
11          1129.8156514946641       
5           -8.1257882513681192      
2           -0.80944354447203892     
5           -100.18277287386213      
11          -375.86797219942662      
6           -108.9969004748896       
2           -0.80944354447203892     
13          -559.44491752075874      
5           -8.2556844515790537      
2           -0.80944354447203892     
9           -296.96038951408701      
5           -143.17768383169667      
3           -3.2773565121357877      
5           -92.702623831550554      
9           132.82419398897551       
8           -404.50950418776881      
13          -310.98949432124795      
5           -98.029950388349064      
7           -147.24491696494982      
4           -151.73135924603346      
6           -159.11205389582148      
9           -308.23820208176545      
4           -132.89177217581684      
6           -158.51218579694668      
14          -1237.5439355651765      
9           -450.25183007237047      
7           -253.67483757006434      
4           -31.541840591753626      
5           -49.911354912149804      
6           -253.2590646519495       
8           -641.48762655467397      
12          -570.56927555467996      
10          -449.9791988576863       
5           -24.740623396643009      
11          -607.7305560156384       
9           -571.47099861528784      
3           -1.8212479750620876      
10          -98.81637845012142       
10          -464.8384553040907       
10          -297.38504680021867      
9           -176.90787875390757      
6           -187.98070476498765      
9           -393.6898169463712       
16          -613.27450969597623      
11          -702.66278375580805      
2           -7.3011743249219601      
8           -199.6601819239026       
5           -43.357977939860881      
5           -142.12434557872211      
6           -148.60665882626282      
10          -425.34549499383246      
8           -228.21444147587371      
3           -20.200108392105442      
6           -362.44416774112238      
5           -53.796902444406335      
