420 1 -3800 35 35 35
10          -2254.9809744368913      
7           -1771.9821609299916      
5           -987.61205243108122      
11          -4692.0652232500934      
4           -951.77476449447352      
11          -4870.9844130878946      
6           -55.354432027877628      
5           -171.27868565984787      
4           -1252.2231434826433      
10          -1963.2426461097562      
10          -4047.2486195304573      
7           -81.322252964703083      
2           -5.5920578388213498      
5           -493.90962404902592      
10          -433.3582519717296       
6           -101.18145564013295      
10          -2673.9544515022349      
12          -1725.9622235949687      
11          -3567.586320297979       
9           -781.1415804982671       
4           -1674.914133739768       
9           -1861.6513425515493      
9           -1326.5426178426933      
3           -12.582130137348038      
7           -115.85881282765189      
5           -66.038110553912972      
4           -24.420978331862422      
7           -100.22381476671976      
5           -91.735353409447612      
9           -2699.7380785137861      
8           -465.80852623316144      
4           -724.91855395795574      
7           -1111.5356644075573      
7           -2962.4843184195893      
10          -1950.5911039012794      
14          -6506.0274632711089      
6           -427.39860189959438      
3           -12.582130137348038      
5           -845.71407312818724      
5           -132.81348343190936      
8           -754.04476573901024      
6           -535.81674369613825      
6           -1071.7777384210763      
7           -295.41962206652863      
8           -1900.8010860209786      
9           -1774.2031238394547      
10          -1376.3811640754543      
2           -5.5920578388213498      
1           -1.3980144597053374      
6           -342.81846382093909      
4           -220.97227176114666      
1           -1.3980144597053374      
7           -366.14623607243379      
1           -1.3980144597053374      
8           -1613.7750280328278      
6           -901.69491269773789      
7           -2097.8009048883055      
4           -270.25237169773294      
8           -1675.5638042994797      
7           -679.51402572855875      
5           -914.01039623010934      
15          -6072.5138474348987      
12          -3268.6203538359132      
6           -55.003613173586253      
9           -1102.4260250507559      
7           -1012.241188236123       
9           -1379.082474738638       
3           -255.49385163515672      
9           -3013.9475037554193      
4           -34.230779014959495      
7           -204.97710056297811      
15          -7029.4300892624206      
6           -179.77692203626313      
9           -1385.9022176327755      
6           -787.05826199899707      
8           -1534.3227558245694      
3           -12.582130137348038      
3           -12.582130137348038      
5           -470.33027391589962      
12          -5033.5481848886084      
5           -1217.934307045022       
22          -14503.919665906957      
13          -6734.1721782116274      
6           -1152.8796132329935      
10          -2370.6885915760572      
5           -1316.6428664555765      
8           -1217.7152815554866      
8           -3297.4868212417655      
7           -91.186569711615007      
13          -4824.9025008711642      
5           -1124.905479304583       
6           -1232.1274135663764      
11          -3620.917837330373       
9           -1900.5244078948729      
6           -66.12240819738642       
11          -2177.5499899436259      
8           -833.02013353835378      
3           -12.582130137348038      
7           -1073.9606879676223      
5           -138.36389348591831      
4           -40.401431980274069      
