420 1 -3800 35 35 35
2           -0.80944354447203892     
3           -10.493407557431047      
10          -581.13971546710775      
20          -880.3179984655095       
7           -53.524625934680671      
6           -57.411205452752874      
9           -552.80798487216907      
8           -59.819815659161733      
7           -11.119589078979249      
8           -102.32484975049127      
10          -202.11764208492463      
3           -3.8691430271355589      
6           -24.105356155642806      
3           -155.40308999977364      
8           -305.99568818350247      
7           -195.75330632505865      
8           -74.886955189959679      
5           -5.0590221529502433      
13          -436.06681069962133      
10          -323.98538753177138      
20          -648.44521811531445      
15          -611.18870046188931      
5           -11.450123889004946      
4           -3.2377741778881557      
12          -223.07827762164953      
5           -16.863921710080771      
7           -44.910563189244797      
9           -126.9000447115296       
9           -55.775026505712511      
5           -7.0815316934602617      
9           -582.68403119560014      
14          -789.32321152310658      
14          -782.01713350102057      
11          -307.0152035597859       
6           -119.98431449994561      
5           -53.497874355852552      
11          -221.68869293111663      
6           -106.76286989618669      
4           -3.2377741778881557      
7           -139.72083338051488      
8           -277.29334818399298      
3           -7.3128701699913439      
6           -32.972047390458343      
4           -22.10369983908436       
11          -493.50759007325888      
14          -451.18360506646468      
6           -105.35225569661765      
4           -16.965480318940848      
10          -511.89632742421969      
10          -135.15489935264523      
3           -38.47065164269231       
5           -76.221809961358545      
6           -295.66664688188087      
1           -0.20236088611800973     
5           -350.59298539259106      
1           -0.20236088611800973     
9           -327.65875709336353      
2           -0.80944354447203892     
5           -36.951122827243566      
8           -502.75195121845508      
6           -199.84311069753588      
3           -1.8212479750620876      
9           -197.80820911898056      
6           -137.17004351750467      
9           32.023832812385287       
6           -143.7238834235296       
8           -206.37159483745975      
8           -228.04374398114319      
3           -3.1710000687069524      
5           -15.127734409450612      
2           -0.80944354447203892     
14          -736.95994728893845      
6           -228.09898945377898      
4           -33.232279842801503      
7           -179.73275247432565      
6           -27.397730594120599      
7           -108.21578046058522      
9           -171.61816729346182      
10          -154.27200845159442      
8           -142.10574806834066      
6           -21.590246796774071      
7           -11.212181865942208      
9           -189.69406755151064      
7           -354.87266667852026      
3           -14.793190501041332      
11          -494.59765323643899      
10          -641.76223734101643      
9           -180.36050047813353      
7           -577.88498411319756      
11          -119.06234812439838      
10          -227.25863272184856      
10          -517.4400998461274       
7           -228.95554445831195      
16          -1148.0481726213097      
9           -367.53467867662391      
6           -147.57784006784266      
6           -114.05739774036903      
9           -284.86949126962247      
6           -118.33436108949869      
5           641.58133018688761       
6           -28.283599583184419      
