420 1 -3800 35 35 35
6           -46.609830516676638      
5           -9.6487724013725895      
3           -142.35669419318424      
10          -225.63443527942277      
7           -283.89605628573003      
8           -54.527406310644047      
4           -3.1366041475410875      
4           -3.1366041475410875      
16          -462.16186821100888      
4           -133.71449638304645      
15          -1047.0516652260287      
10          -311.21517915970077      
11          -494.26571799189577      
1           -0.19603775922131797     
18          -1175.6157678071954      
5           -12.252663039645096      
6           -63.492596807288152      
11          -451.06260098393369      
2           -0.78415103688527188     
10          -200.29667293479022      
9           -333.45809060521805      
6           -120.67683140425105      
8           -348.48681430736883      
10          -398.3238782240349       
8           -300.63156867929399      
6           -64.330490695536582      
5           -96.185809808886447      
4           -13.487413735138457      
6           -235.89667829941624      
8           -284.72566367569783      
10          -650.01330972197218      
9           -281.92647320318929      
5           -152.23597370546292      
6           -66.134599985052503      
7           -186.18269050586758      
6           -153.99470352783385      
8           -298.13018379283778      
10          -388.64699099108287      
8           -18.584336295648715      
10          -450.95111042657578      
7           -64.816864054143849      
8           -250.37366974929265      
8           -275.61589076660385      
10          -591.01151316954429      
4           -3.1366041475410875      
4           -3.1366041475410875      
4           -119.2044629808441       
3           -1.764339832991862       
3           -138.95570179957687      
5           -45.290185424345083      
7           -189.26683605353014      
6           -203.24851709501692      
9           -385.70039156876413      
5           -608.51594259482658      
5           -30.790832798809603      
6           -112.4747313803506       
6           -40.543433151667195      
3           -8.753835383182297       
16          -1242.7556182208175      
5           -506.45108272035179      
7           -53.86017689326939       
10          -293.27421957495648      
10          -646.45383893435712      
4           -9.0990821783232079      
12          -710.63828569459611      
5           -6.3781805581452655      
4           -12.392633723934885      
5           -7.9288956241692254      
6           -373.77349442366125      
7           -295.95915710386038      
10          -106.56036408917819      
11          -172.77187457706779      
13          -475.87097910443367      
9           -271.55591998108173      
10          -242.11994241500534      
10          -365.1051343399908       
8           -175.12389009879789      
9           -298.36948894587266      
3           -1.764339832991862       
10          -220.04295742634591      
13          -1073.0214945067075      
14          -1184.601497237818       
8           -170.30537131177229      
8           -156.65942039010542      
5           -212.51045475314416      
16          -929.39930538834471      
2           -0.78415103688527188     
7           -318.72852374615906      
11          -272.06650448146473      
12          -812.71404458359893      
13          -1194.9964340385868      
3           -104.31542452960748      
5           -130.21593545728433      
3           -1.764339832991862       
2           -0.78415103688527188     
7           -278.05308113384746      
8           -307.05904353689908      
2           -0.78415103688527188     
4           -5.6554140963172088      
4           -49.965132624712723      
14          -379.73126075322966      
