420 1 -3800 35 35 35
5           -52.15631173467586       
5           -170.8594636458518       
3           -22.246200976621953      
4           -8.5131556340363712      
4           -3.1366041475410875      
4           -14.280755208029083      
4           -3.1366041475410875      
6           -38.667703285916566      
4           -3.1366041475410875      
8           -127.29912245615907      
3           -3.8647542520588809      
6           -99.206478618661066      
11          -378.08367261490986      
10          -529.68404973138308      
13          -963.32805156920449      
12          -488.26232698158827      
10          -121.09606492243424      
3           -22.627183116798154      
1           -0.19603775922131797     
6           -10.511655551310955      
4           -4.5262348571304996      
12          -488.46298949243652      
6           -27.626918077814242      
8           -52.50275114537159       
2           -0.78415103688527188     
8           -243.13777328091351      
6           -196.2956059336114       
10          -61.194124262449975      
4           -3.1366041475410875      
8           -217.12249967564037      
7           -222.9562432643109       
3           -4.1781777536632116      
9           -214.19210265673919      
7           -479.80886381696911      
12          -892.80303045751577      
6           36.664025791254261       
9           -334.96864492372669      
8           -141.16351585458955      
6           -69.367087379196647      
13          -18.166319646152935      
7           -43.996666360676542      
11          -555.29515870311411      
9           -172.524868797615        
10          -177.49955413885621      
6           -72.187515374006082      
12          -914.49290504580654      
6           -52.721026872525705      
6           -245.61221702732428      
2           -0.78415103688527188     
11          -437.35517364413226      
9           -63.04080766999266       
4           -4.1605013692668695      
8           -237.23015408877481      
12          -419.62866374156357      
4           -3.1366041475410875      
11          -418.58220257692994      
4           -22.81339110449554       
9           -276.1316934890894       
9           -280.70362603610562      
9           -512.19696252268568      
7           -154.02191371397666      
8           -404.45686895729011      
10          -397.81247563511312      
6           -389.57462088008384      
10          -278.42765614969949      
6           -149.67316438475689      
9           -237.53971798443422      
5           -10.632001997732381      
7           -205.68214555524048      
7           -426.07003736818621      
12          -775.30106030066258      
4           -115.53428057336309      
6           -9.4543431609112076      
8           -346.41969629015824      
5           -98.739561468387521      
6           -40.011579481122631      
7           -58.320341939043551      
9           -465.51069918954221      
1           -0.19603775922131797     
8           -275.33028266916017      
14          -822.57033610338976      
9           -285.5296059009566       
9           -83.66964563648888       
8           -206.0167266462723       
10          -254.36248117558017      
6           -15.393819065137432      
7           -242.23430702186192      
8           -71.864775331782553      
1           -0.19603775922131797     
5           -6.7805391886328072      
4           -238.73130212450198      
10          -315.4694240091344       
1           -0.19603775922131797     
9           -321.30110648162974      
9           -348.0273420312563       
3           -9.1271356273503699      
5           -53.871996422389614      
6           -28.292367948516244      
13          -862.28313247076676      
4           -69.488606529870594      
15          -905.73154767454514      
