420 1 -3800 35 35 35
4           18.31327721793971        
9           -2537.6452228066501      
3           -12.974262710387126      
6           -244.36757843065084      
11          -2601.357295012418       
18          -5800.2261039188361      
14          -3902.7378548977385      
12          -2932.9736956964121      
5           -179.67913351223953      
2           -383.36274130594882      
5           -56.653746864246173      
7           -1686.7918639778406      
6           -1421.7561953837082      
4           -23.96851186350985       
9           -2053.4004165844694      
7           -1304.8770088860474      
6           -961.70886244215865      
11          -2233.0761875766611      
12          -4465.8507221109148      
9           -2984.2003934752956      
10          -4272.7123218959932      
5           -713.8575234675103       
5           -553.91432729147755      
8           -864.81442846678306      
6           -685.0487600485709       
7           -1852.1765635977533      
6           -1174.3878887188755      
5           -364.15572251473526      
6           -543.76593895107828      
9           -3130.6740820156047      
10          -1844.8501334111229      
4           -2848.3650072606338      
10          -5445.7156760109247      
10          -2830.275607809202       
3           -37.704428648030998      
9           -2559.6050649736608      
6           -54.212145836985549      
5           -1501.1268624777792      
2           -5.7663389823942781      
10          -1699.7202541276195      
18          -5773.4432892056284      
9           -1233.9555116508018      
5           -327.2713136813054       
6           -613.34389116902912      
9           -1856.5042053721936      
5           -219.05632708544448      
10          -4580.4509326082107      
7           -1286.2934018080318      
8           -970.68127917001641      
8           -177.52361780221463      
12          -3160.4461577710535      
7           -836.10918685039815      
6           -811.78141697851026      
13          -2953.3025839596762      
9           -946.8609212177513       
8           -2421.3707341645427      
8           -721.62202674575713      
10          -719.94419715186712      
4           -40.138328383267783      
6           -793.08134934821715      
8           -3369.1235418505889      
7           -645.84648329032802      
3           -12.974262710387126      
10          -2111.0764133914463      
8           -2807.3852473986258      
8           -1238.1353779484621      
8           -425.68743754727251      
7           -2058.1548480362189      
0           0                        
10          -2281.920811255784       
10          -1630.185280188251       
7           -684.09280720989682      
4           -24.376822545494676      
6           -1281.1731774868092      
6           -1160.9433304426402      
8           -493.01855848020523      
5           -94.108833949588131      
3           -12.974262710387126      
3           -12.974262710387126      
1           -1.4415847455985695      
5           -233.70710313656849      
7           -2270.1929042619322      
7           -276.63408642797623      
2           -5.7663389823942781      
5           -709.53282980600306      
8           -1084.0722466924544      
7           -495.2506605414593       
5           -73.869706335432824      
1           -1.4415847455985695      
6           -892.42433780043109      
6           -78.283169144374028      
8           -387.25596889570727      
9           -1031.0102978879595      
6           -4363.8805762655356      
7           -2254.1332008126419      
6           -414.14359240341872      
4           -23.065355929577112      
5           -105.53010590237952      
5           -633.02664759758693      
12          -2047.0115390241001      
8           -1452.1263632808709      
