420 1 -3800 35 35 35
5           -10.744724266289474      
5           -7.3902972323070655      
7           -91.901257689349251      
5           -237.57701613629027      
8           -180.23867893809711      
7           -68.542397071757094      
5           -158.59316917408222      
11          -593.35510181143559      
4           -3.1366041475410875      
4           -3.1366041475410875      
13          -700.43546387917786      
7           -74.644332561902843      
4           -11.55229601149299       
7           -135.13946315415464      
8           -31.725962263371578      
8           -263.39034022366241      
4           -3.1366041475410875      
4           -167.95162215419307      
6           -147.95650833613368      
8           -241.81116129606932      
14          -743.93083985045155      
14          -1596.4346259421941      
19          -2437.8153765663178      
10          -1322.6666215563309      
9           -391.3171094241589       
7           -87.853692138690775      
14          -802.63005045305408      
13          -959.74059576641048      
9           -61.785733738400282      
5           -90.412668854045265      
9           -375.93781789060597      
9           -94.107740055172002      
8           -313.8071331343512       
8           -116.38404535676641      
3           -75.048008867546685      
4           -80.879364349086444      
7           -118.81694384976635      
10          -368.9399596574105       
9           -345.28550434159786      
8           101.3830109140829        
6           -186.21506668383478      
2           -0.78415103688527188     
7           -132.10016077837739      
15          -499.13904591884312      
5           -99.994017401845511      
11          -190.54806435373987      
16          -779.67972294115873      
6           -63.225457391741521      
5           -39.842216225724172      
9           -55.086804752396446      
6           -234.51489846826297      
10          -218.89881518035529      
4           -136.58858826981165      
8           -14.437495011776655      
11          -676.16597593082463      
8           -193.59177479714029      
8           132.2501503104472        
4           -21.163813218933182      
6           -210.25749549633008      
9           -287.72577182105664      
9           -457.5547354343621       
3           -17.990079589713265      
9           -61.499633859469952      
10          -540.10245161280807      
6           -23.630859779050368      
12          -432.63355186264602      
7           145.82010884817296       
4           -35.049640845215819      
7           -295.50367697372195      
8           -654.90278042448915      
6           -58.91244000778903       
10          -292.36621970923869      
8           -285.06800706115865      
5           -4.9009439805329498      
6           -163.16869399835909      
2           -0.78415103688527188     
13          -666.76457832890344      
4           -152.88032998283987      
7           -414.84791614524926      
7           -154.37595575971142      
13          -330.0422225494338       
5           -19.537645695618252      
9           -224.87419258323959      
12          -341.61773117584886      
8           -281.14973928953725      
14          -681.63958564217546      
4           -3.1366041475410875      
13          -188.26534209399099      
11          1.9144751527814847       
11          -224.17793280422509      
8           -116.32677233223831      
7           -262.79532046301227      
10          -306.62334185947094      
9           -514.30181637528392      
8           -163.88210437433236      
4           -3.1366041475410875      
5           -4.9009439805329498      
2           -0.78415103688527188     
3           -37.095501940592868      
7           -376.17021145183617      
5           -57.759374434385592      
