420 1 -3800 35 35 35
6           -162.96232358197244      
5           -17.485826915879645      
3           -337.03036969109866      
10          -558.74990440612828      
7           -932.68203449642829      
8           -61.816254924587803      
4           -9.0048180457948845      
4           -9.0048180457948845      
16          -1410.0433204449992      
4           -87.106376005378706      
15          -3159.7782038355317      
10          -410.92806793969993      
11          -906.82035572570942      
1           -0.56280112786218028     
18          -2776.3030988455016      
5           -53.798652754412501      
6           -69.241951594957953      
11          -491.48805239508818      
2           -2.2512045114487211      
10          -535.02725435116758      
9           1177.3141090786735       
6           -110.60817038047591      
8           -1320.0175522740149      
10          -621.81151398927295      
8           -727.6594805536389       
6           -80.794017923943727      
5           -127.86831277815917      
4           -16.98911224584937       
6           -346.77069655457626      
8           -304.8096198001009       
10          -1853.1803723892676      
9           -538.37522374474804      
5           -327.26368992510015      
6           -222.53184031541474      
7           -652.13564106192473      
6           -518.15981648736397      
8           -542.89383880136006      
10          -939.5121250865875       
8           -36.787024556835554      
10          -1080.7474148222459      
7           -80.083177832129991      
8           -769.87720602902095      
8           -360.22634953918327      
10          -818.92656094438814      
4           -9.0048180457948845      
4           -9.0048180457948845      
4           -70.182154460454058      
3           -5.0652101507596221      
3           -413.17159806847928      
5           -382.97448302529381      
7           -528.2667051505374       
6           -202.65062307979292      
9           273.61689406073799       
5           -1436.4574226949919      
5           -28.359066649851286      
6           -145.41543563234353      
6           -114.716857359017        
3           -16.634189895980356      
16          -2764.6430021213505      
5           -1087.1485474383014      
7           -81.57410902487382       
10          -1013.6773269447831      
10          -1156.6201307769693      
4           -21.165291254614221      
12          -741.52967622083111      
5           -14.070028196554507      
4           -28.847606017415902      
5           -19.657348905396539      
6           -613.72108326799082      
7           -769.72669430165024      
10          -590.67936359579107      
11          -1837.9291386603325      
13          -1500.2116353189685      
9           -678.41914444347162      
10          -497.64117584208117      
10          -654.62648815126704      
8           -261.00172558946883      
9           -424.65244496225273      
3           -5.0652101507596221      
10          -787.24315678997016      
13          -3294.861786848573       
14          -3490.6922357149015      
8           -281.89224631333821      
8           -284.04231500345327      
5           -381.19701806292227      
16          -2171.6114455578086      
2           -2.2512045114487211      
7           -572.18379516549271      
11          -405.86958015535527      
12          -2203.4960868995545      
13          -2704.406574151948       
3           -176.03338568931869      
5           -235.89193332437355      
3           -5.0652101507596221      
2           -2.2512045114487211      
7           -523.83472799377705      
8           -275.52678151933321      
2           -2.2512045114487211      
4           -63.385010041001173      
4           -234.34748318752258      
14          -1011.3153190530659      
