420 1 -3800 35 35 35
5           -94.120329991756535      
9           -137.49548581759029      
10          -401.05194273423979      
10          -540.48602541208788      
6           -177.10634380380995      
12          -466.36337975902029      
9           -173.96644806980424      
8           -163.9794013552584       
9           -119.68526657223885      
3           -5.4266152173703706      
10          -228.61558100858434      
7           -176.24692198390119      
9           -303.01659711133561      
7           -170.23412560154947      
6           -148.83479723893171      
9           -243.95407704689185      
8           -54.082634112972698      
5           -106.42339233146272      
3           -10.506216682641609      
10          -654.94218416883825      
4           -3.2377741778881557      
4           -183.25271082097603      
12          -327.47456178764287      
9           -575.54562939183734      
7           -117.54242302879923      
12          -853.78116628690907      
11          -226.5986316312115       
7           -96.032916325854046      
3           -1.8212479750620876      
6           -31.696039091997886      
5           -38.69075711016194       
6           447.78201196824136       
12          -286.43400450702768      
10          -499.72392419814929      
2           -0.80944354447203892     
6           -152.81178900249063      
7           -37.334460173171465      
10          -463.58076367414907      
4           -8.2789578191265374      
7           -32.771576424516006      
6           -56.930816563176862      
5           -107.4908983814848       
3           -4.2235587842684401      
7           -153.37561273356704      
13          -425.83579402960743      
2           -0.80944354447203892     
12          -304.40337638325502      
3           -77.037047648649491      
9           -479.74171836760689      
7           -161.40130928793542      
5           -82.005872714332881      
15          -1983.3755307422712      
18          -1098.8661764871861      
16          -1756.7627276575699      
12          -1182.9398633753708      
15          -1213.700832125136       
7           -693.63798575490046      
8           -416.19691634307571      
5           -117.02188010981003      
8           -301.30306951889725      
7           -332.55988983799739      
7           -166.52799295469063      
12          -640.82645299405431      
6           -167.27706942883214      
12          -451.66951452936212      
4           -60.004891826772479      
3           -1.8212479750620876      
9           -55.953525384150815      
8           -70.741189693659592      
7           -435.81191375467984      
3           247.51077101312853       
1           -0.20236088611800973     
11          -358.75735650988622      
11          -444.64764733501045      
8           -166.30492405579454      
3           -1.8212479750620876      
7           -191.26184127720489      
6           -26.209203725231927      
5           -14.7912614622671        
11          -411.80048387223019      
1           -0.20236088611800973     
6           -242.50438182503504      
10          -482.15719885382572      
8           -71.718996311588683      
3           -12.803270224282356      
5           -21.715715379372135      
8           -94.239548317554267      
11          -528.80947674375261      
15          -884.13375183618723      
23          -2394.488474904821       
13          -468.72186547392704      
11          -250.89658272175018      
5           -403.73548119424271      
6           -128.17889614517901      
12          -739.14349833581798      
8           -49.629690546305298      
8           -270.83496716172124      
5           -83.378421134668841      
3           -1.8212479750620876      
5           -347.02087353880114      
18          -1796.1502546247089      
