420 1 -3800 35 35 35
5           -13.36362465616731       
15          -1624.2990707310537      
18          -1362.8802074912587      
25          -2208.2095899717256      
4           -202.53382383076948      
9           -156.39716340879107      
6           -37.59294420764207       
5           -119.36657721812942      
6           -82.620926122575         
5           -64.821793038374295      
12          -365.54609416078932      
4           -112.74971031961944      
4           -27.324667729056756      
5           -19.835051693195563      
5           -9.5396503444682708      
6           -147.62415527499448      
14          -747.16549260441388      
5           -38.558746342847158      
10          -426.50666297469957      
7           -142.73173728441901      
12          -811.25346068669069      
8           -663.86614599485745      
2           -0.78415103688527188     
6           -7.0573593319674481      
6           -7.0573593319674481      
8           -226.88018700929516      
0           0                        
10          -843.85990237530177      
17          -1620.6663125454172      
11          -294.70271868593755      
6           -24.047264045580782      
9           -339.74840436946954      
16          -964.92600778944586      
4           -71.160231850260701      
4           -7.2293790561892965      
13          -670.23667252608584      
7           -45.395471430455629      
6           -73.585303821984127      
9           -515.27686383581681      
7           -223.95838955962196      
11          -547.43576219701356      
3           -32.964503964921619      
6           -134.51866614471714      
9           -71.176765908258247      
7           -195.90013309468941      
11          -447.29589199654555      
9           -219.07708892283904      
8           -74.349113039207253      
5           -8.9827516125528248      
3           -1.764339832991862       
5           -4.9009439805329498      
6           -208.18860028069682      
3           -58.576495404990801      
5           -5.9383570263709915      
7           -154.18276722686741      
6           -297.51803782300948      
3           -6.0539845713585656      
3           -41.641995809864554      
5           -268.36849144252932      
6           -83.362321244334126      
7           -18.303774551529482      
12          -639.99992403072724      
11          -164.90418488655226      
5           -39.619163969193238      
10          -69.893129081421066      
9           -460.45535768639388      
7           -135.70672915985131      
5           -59.46253725213036       
4           -165.65290648967255      
6           -133.74208725880936      
7           -160.85784908793963      
16          -677.05670663118747      
10          -265.40992521831879      
7           -203.17850780860056      
9           -226.59564769540503      
7           -252.42548592855366      
3           -1.764339832991862       
8           -267.04851512978456      
7           -126.87723202822363      
6           -82.431885684145684      
6           -11.594861383304664      
1           -0.19603775922131797     
8           394.85872536732529       
7           -498.37235570984211      
3           -154.90966532542305      
6           -75.4254509199815        
11          -269.43778344202008      
8           -314.35671316429017      
7           -92.675199291710612      
7           -361.65367979502128      
6           -77.202521959159185      
4           -3.1366041475410875      
6           -278.58654499251446      
11          -394.66688960070394      
9           -434.35409213023968      
5           -73.666122655387213      
5           -75.663039086148544      
6           -187.71495902461666      
10          -593.20756642936556      
12          -507.25851308388758      
5           -27.808953949652796      
