420 1 -3800 35 35 35
12          -3028.9496609818684      
6           -1630.4595005495746      
8           -2080.0119527954271      
10          -4334.6278611269572      
7           -807.45154648606581      
2           -5.6886202856566097      
7           -1084.7297321033147      
12          -1359.1829637163373      
14          -2568.0861898776875      
10          -1037.0185047762729      
11          -4145.752806628474       
2           -5.6886202856566097      
9           -1522.6181368848286      
5           -665.68802178630881      
7           -370.96520684874014      
1           -1.4221550714141524      
4           -145.95853868164116      
6           -398.33902349549226      
9           -1604.7859247236206      
14          -5743.4292489332074      
12          -3535.0760487275188      
14          -3655.9931402124412      
16          -5748.2352548836298      
12          -2983.7018133795459      
12          -1509.227783425179       
14          -3764.8030199486502      
4           -576.72460434467189      
6           -428.72996686617694      
7           -2569.303506259756       
11          -2680.615808669012       
18          -8333.312601369933       
3           -252.41209192930046      
17          -4687.8643211359049      
3           -12.799395642727369      
5           -106.10426857072574      
4           -50.802238196796495      
9           -5177.3181932226598      
11          -1725.7615597587483      
16          -7845.1085888053722      
14          -5461.0181086849298      
8           -1202.7646741838039      
6           -1478.9611093800213      
7           -1461.6585690348459      
15          -3441.6992569843828      
4           -25.643458502904529      
6           -789.85998133190139      
14          -3352.6451278462741      
6           -52.331833009891518      
4           -224.47482649013668      
4           -25.764057352655968      
6           -1061.7359644383796      
4           -489.90505972511085      
3           -12.799395642727369      
7           -786.09642621798753      
7           -466.02205021619221      
7           -201.96287479980754      
7           -957.16350447489367      
17          -10846.291687983152      
6           -462.5769166249512       
5           -160.09404255403729      
6           -476.35215887020013      
3           -12.799395642727369      
6           -1508.6984078369767      
8           -1501.16539608484        
1           -1.4221550714141524      
10          -2486.9088688428615      
0           0                        
5           -266.20036721122528      
8           -1239.3965431314921      
9           -2610.4796396021457      
15          -6682.1935736330506      
16          -10961.094336536584      
13          -6085.6192057454109      
2           -5.6886202856566097      
17          -11355.490808667033      
9           -6353.7840589063635      
11          -3879.0771505248263      
9           -916.18943692430003      
11          -2748.0496578312582      
9           -2709.0833980947386      
9           -2227.315468312293       
6           -737.75025242745266      
4           -23.677097699739413      
4           -665.69270978657255      
9           -751.05166016456337      
9           -2628.0483925549024      
13          -3302.4077762279403      
6           -1660.1726738220334      
9           -2311.7616991610303      
5           -1419.3147256278123      
5           -612.39873621206107      
5           -271.96131425633172      
7           -286.2741075806299       
15          -3483.9957013458215      
3           -12.799395642727369      
6           -1328.7847789289644      
13          -4663.0719199638979      
13          -3280.7380262873553      
6           -1367.4614303379278      
14          -4961.4861062061109      
11          -3400.540548076382       
