420 1 -3800 35 35 35
14          -3583.1490091976261      
13          -2487.9368456652205      
3           -15.623339543142627      
5           137.52766305823559       
5           -36.597668071606016      
8           -901.23913529119181      
11          -2788.8410494532181      
9           -933.91719028370312      
11          -3115.1653685351962      
7           -297.39343382133325      
7           -2100.9813486125249      
10          -2058.9178699177846      
6           -1215.3863904368702      
4           -171.77499994473735      
11          -3210.5031455916146      
13          -5054.2377403209493      
6           -141.31613526138358      
4           -1306.696222107407       
5           -793.51209605473332      
8           -1517.5784156395357      
7           -901.19231675719675      
8           -1429.3705096407937      
4           -705.48671788094066      
7           -211.22482671941304      
6           -1188.9507936455766      
12          -4382.7351712487298      
3           -81.799612007379011      
4           -295.55890106300592      
12          -2956.2833648763603      
10          -2724.0032729797531      
3           -12.799395642727369      
5           -89.932268496075011      
3           -12.799395642727369      
7           -1727.3833746902837      
9           -2703.8958373923983      
13          -3754.1271026517848      
5           -621.90267082409889      
13          -2265.8318550995882      
5           -226.60709032413081      
10          -1424.4140164872645      
14          -3389.8987441517138      
3           -24.355894153068725      
6           -1367.6065433742688      
9           -3958.0858470629591      
7           -1882.1906402895283      
5           -45.460875953385454      
8           -600.37511582540014      
18          -5545.0868442131195      
13          -5523.4579663283357      
10          -3737.9062528593618      
8           -1667.8845857638487      
6           -1060.2255146594584      
8           -1111.8154941361618      
9           -2013.2270291481905      
5           -167.53229286880008      
5           -526.35907828071186      
6           -945.3608214114854       
1           -1.4221550714141524      
7           -200.80601242677835      
9           -755.32019003027267      
6           -108.40431685415928      
5           -1548.3124551107901      
7           -1693.4526088345478      
5           -389.48658619606971      
8           -1850.7516371806721      
3           -12.799395642727369      
6           -500.97143601953508      
11          -1298.6624162634348      
10          -871.45052482229221      
10          -4845.1979125230955      
4           -105.12895838334623      
12          -2213.8990346115061      
12          -2916.7595647377934      
8           -2889.0181518351787      
10          -1843.2225907614959      
10          -3540.2721285002845      
8           -437.13925036899275      
6           -1426.6630197030695      
4           -25.10402831785693       
6           -644.97501490429693      
7           -615.15813132511516      
2           -110.09500534653111      
8           -1992.4332264693533      
4           -22.754481142626439      
6           -258.61818722440751      
5           -502.05723992250762      
6           -911.35777929201947      
10          -1356.8578712335839      
6           -1327.4145728057513      
9           -2144.2494441346525      
8           -457.99519967124206      
10          -1189.8961573517699      
9           -220.48702267748894      
6           -860.48442597901226      
13          -5526.5324337421398      
7           -1908.6956796639888      
7           -972.23087287008616      
8           -2174.9337597295676      
8           -2747.6074768759431      
7           -770.96141089299749      
6           -1475.6002176435616      
