430 1 -4127 35 35 35
5           -36.039618639964239      
9           -2948.8685706222286      
2           -902.26845284632054      
3           -12.974262710387126      
4           -23.065355929577112      
2           -5.7663389823942781      
5           -36.039618639964239      
5           -100.19279931244256      
5           -1328.11411131451        
2           -194.43065749986656      
2           -30.196404636272288      
4           -1710.632804047284       
2           -819.87405449913035      
6           -128.25660479737314      
5           -555.11507443996504      
6           -932.70380220040079      
3           -12.974262710387126      
3           -110.74841893986667      
7           -559.85275613886915      
4           -1042.9437539230353      
5           -192.76941570956677      
1           -1.4415847455985695      
1           -1.4415847455985695      
6           -148.0158948150937       
5           -869.00185017449519      
3           -424.26564867385622      
6           -1352.3493797443818      
3           -12.974262710387126      
4           -873.38400679470885      
1           -1.4415847455985695      
7           -1999.0931763433466      
5           -623.61248254172312      
6           -274.80577000208723      
1           -1.4415847455985695      
2           -151.57174744723778      
3           -1276.3208221288917      
3           -12.974262710387126      
2           -5.7663389823942781      
3           -201.67819305633887      
3           -12.974262710387126      
6           -804.25308508232069      
3           -12.974262710387126      
1           -1.4415847455985695      
4           -157.03097667513461      
4           -326.64704301532936      
5           -397.31438728759838      
4           -159.44484945769287      
3           -47.129824848750872      
2           -6.8510557353247359      
6           -2245.9582980009959      
3           -12.974262710387126      
3           -211.6460344666167       
3           -1108.5657839186188      
2           -107.68141797946797      
1           -1.4415847455985695      
2           -5.7663389823942781      
3           -14.806922485910482      
5           -493.46462100904648      
3           -669.44752755127138      
3           -69.538285569819706      
4           -1470.964113711296       
7           -2116.7805039595273      
1           -1.4415847455985695      
5           -427.59924603887407      
3           -12.974262710387126      
4           -23.065355929577112      
1           -1.4415847455985695      
1           -1.4415847455985695      
5           -1856.0676693909672      
4           -849.65926917802585      
1           -1.4415847455985695      
6           -660.76489245079665      
3           -20.761941019326507      
3           -12.974262710387126      
4           -145.86878213177286      
4           -764.88149536385868      
0           0                        
5           -730.76619518901884      
1           -1.4415847455985695      
5           -706.27626009627716      
3           -1038.1563861905572      
3           -793.79010786847039      
5           -657.02474309241006      
4           -910.99797784927364      
8           -2987.8540826270296      
3           -12.974262710387126      
3           -52.104915143470805      
5           -212.56002886337311      
2           -5.7663389823942781      
1           -1.4415847455985695      
5           -86.348279319470294      
2           -5.7663389823942781      
8           -3232.5000930444594      
4           -425.81500772554131      
3           -57.677057947887036      
2           -460.05468193529026      
1           -1.4415847455985695      
1           -1.4415847455985695      
3           -17.401677542496174      
4           -94.754814272547776      
3           -268.9462676296593       
