430 1 -4127 35 35 35
1           -1.3980144597053374      
2           -5.5920578388213498      
5           -234.6127380901406       
0           0                        
4           -26.174589910140384      
6           -696.96095354789202      
0           0                        
6           -474.93363033179889      
3           -343.47014317160125      
5           -34.950361492633441      
3           -12.582130137348038      
1           -1.3980144597053374      
6           -99.258100954424634      
4           -266.31515508823361      
6           -684.05110198097577      
2           -5.5920578388213498      
5           -945.50963477138907      
4           -396.18450995312799      
6           -587.48820419026663      
4           -340.87066475576967      
4           -598.08178266691618      
1           -1.3980144597053374      
3           -12.582130137348038      
3           -12.582130137348038      
2           -5.5920578388213498      
6           -1860.2662015690846      
2           -5.5920578388213498      
4           -7.9001431383437986      
6           -611.1039396364223       
2           -5.5920578388213498      
1           -1.3980144597053374      
5           -461.28265255303955      
3           -12.582130137348038      
2           -5.5920578388213498      
0           0                        
1           -1.3980144597053374      
2           -5.5920578388213498      
3           -652.70842086113328      
3           -12.582130137348038      
5           -40.502487671562704      
7           -1950.9719050492531      
1           -1.3980144597053374      
1           -1.3980144597053374      
6           -782.28280215479822      
4           -29.206653965828227      
6           -85.085078016994771      
5           -504.73903718074519      
3           -12.582130137348038      
3           -87.603247371278485      
2           -5.5920578388213498      
2           -5.5920578388213498      
4           -22.368231355285399      
2           -5.5920578388213498      
2           -5.5920578388213498      
5           -189.63130906978589      
3           -12.582130137348038      
2           -5.5920578388213498      
8           -2369.7512877516888      
2           -5.5920578388213498      
7           -877.57706671795222      
3           -36.256142797729837      
3           -12.582130137348038      
1           -1.3980144597053374      
1           -1.3980144597053374      
4           -23.512755500923284      
7           -768.55786233167714      
1           -1.3980144597053374      
7           -2320.6774988534276      
0           0                        
5           -3087.0173432059619      
1           -1.3980144597053374      
1           -1.3980144597053374      
0           0                        
3           -12.582130137348038      
2           -5.5920578388213498      
9           -942.89660392063956      
3           -1003.0843259591712      
4           -855.72619754979223      
5           -101.34119117537136      
3           -431.2390703376737       
6           -1652.2323607318476      
2           -922.3698299907137       
1           -1.3980144597053374      
3           -20.878084972606491      
3           -216.76437349520796      
2           -5.5920578388213498      
6           -2487.7711353040204      
5           -966.18223651896244      
8           -312.81478524277838      
2           -5.5920578388213498      
2           -5.5920578388213498      
4           -25.040573411147804      
3           -49.477310350785395      
8           -1041.9919012535033      
7           -732.42840653593839      
3           -12.582130137348038      
3           -12.582130137348038      
3           -19.399235579007822      
1           -1.3980144597053374      
2           -5.5920578388213498      
2           -5.5920578388213498      
