430 1 -4127 35 35 35
1           -1.4415847455985695      
3           -12.974262710387126      
4           -26.931096064888184      
2           -5.7663389823942781      
10          -4075.092040800947       
2           -27.495273827782409      
5           -789.35958504293194      
4           -340.20163113460364      
1           -1.4415847455985695      
5           -54.655247414352594      
3           -33.617448573655238      
5           -311.00653674775555      
4           -29.387290931854103      
2           -50.754264232964324      
6           -305.80237930262058      
1           -1.4415847455985695      
4           -23.065355929577112      
3           -204.68720408432358      
3           -43.047008326211142      
1           -1.4415847455985695      
6           -1150.6908049462209      
7           -82.022071023307959      
2           -46.783070947934682      
3           -60.280641612216385      
1           -1.4415847455985695      
3           -12.974262710387126      
0           0                        
4           -29.509507477360259      
2           -89.360372821398684      
3           -14.028798317971797      
7           -578.70072481995726      
6           -1234.5191215488835      
1           -1.4415847455985695      
3           -12.974262710387126      
3           -31.270683936678999      
3           -12.974262710387126      
5           -77.313093543802552      
0           0                        
2           -5.7663389823942781      
3           -12.974262710387126      
4           -892.17390857106318      
1           -1.4415847455985695      
0           0                        
2           -5.7663389823942781      
3           -63.198556603553811      
5           -791.26836536467204      
7           -1421.2486520161872      
1           -1.4415847455985695      
5           -939.69875054077477      
3           -84.056275291932153      
4           -32.165917266176706      
4           -112.53438109378602      
1           -1.4415847455985695      
8           -689.00055409768379      
2           -5.7663389823942781      
2           -5.7663389823942781      
2           -5.7663389823942781      
2           -5.7663389823942781      
4           -71.611439603506682      
3           -12.974262710387126      
2           -5.7663389823942781      
2           -5.7663389823942781      
1           -1.4415847455985695      
3           -25.098655485905926      
4           -85.176320610010848      
3           -776.4305079247556       
3           -14.961036311401646      
1           -1.4415847455985695      
4           -44.416844890732762      
4           -23.065355929577112      
2           -5.7663389823942781      
2           -5.7663389823942781      
7           -498.87046109796671      
6           -834.79466901082662      
4           -24.003679399983298      
2           -5.7663389823942781      
5           -227.17948120976575      
2           -5.7663389823942781      
4           -294.4686237148008       
4           -23.065355929577112      
3           -17.695692360412956      
5           -36.039618639964239      
4           -88.494529705952218      
3           -277.162543470667        
2           -479.34285527402409      
0           0                        
4           -679.21924844836269      
4           -37.262443494282024      
3           -12.974262710387126      
8           -4080.3631234437848      
3           -49.239761451156141      
3           -184.3954545553778       
5           -72.319493953378895      
1           -1.4415847455985695      
0           0                        
4           -554.7585050152893       
4           -181.03685466539349      
1           -1.4415847455985695      
3           -136.17550596210674      
1           -1.4415847455985695      
2           -5.7663389823942781      
