430 1 -4127 35 35 35
1           -0.54612738881350809     
3           -4.9151464993215725      
4           -10.43851713482562       
2           -2.1845095552540323      
10          -1276.9618846780033      
2           -203.74665135682292      
5           -209.60301398785526      
4           -64.243333104551368      
1           -0.54612738881350809     
5           -16.787538509958768      
3           -11.052926381457578      
5           -132.2594051518428       
4           -9.4370984650549197      
2           -10.840398527686258      
6           -82.39978293679178       
1           -0.54612738881350809     
4           -8.7380382210161294      
3           -125.56548993790875      
3           -18.070168945024299      
1           -0.54612738881350809     
6           -427.25039024163186      
7           -28.402728956638516      
2           -11.467151001124005      
3           -20.345320003477163      
1           -0.54612738881350809     
3           -4.9151464993215725      
0           0                        
4           -11.508509862385381      
2           -13.392409724619458      
3           -4.9151464993215725      
7           -110.51171129731758      
6           -468.00443310611365      
1           -0.54612738881350809     
3           -4.9151464993215725      
3           -6.877531565131827       
3           -4.9151464993215725      
5           -27.386156757114005      
0           0                        
2           -2.1845095552540323      
3           -4.9151464993215725      
4           -429.3070908683531       
1           -0.54612738881350809     
0           0                        
2           -2.1845095552540323      
3           -23.51134556617966       
5           -367.56149624579785      
7           -406.54664523204968      
1           -0.54612738881350809     
5           -229.35354244797873      
3           -23.800665048788307      
4           -9.5392459549956463      
4           -33.415704222581226      
1           -0.54612738881350809     
8           -198.8655659013902       
2           -2.1845095552540323      
2           -2.1845095552540323      
2           -2.1845095552540323      
2           -2.1845095552540323      
4           -12.080243697417966      
3           -4.9151464993215725      
2           -2.1845095552540323      
2           -2.1845095552540323      
1           -0.54612738881350809     
3           -7.8449078013118339      
4           -29.762414851162831      
3           -272.3953864774906       
3           -4.9151464993215725      
1           -0.54612738881350809     
4           -12.0457321243146        
4           -8.7380382210161294      
2           -2.1845095552540323      
2           -2.1845095552540323      
7           -164.74495144363851      
6           -224.89802991265978      
4           -8.7380382210161294      
2           -2.1845095552540323      
5           -76.254295342836443      
2           -2.1845095552540323      
4           -124.20669523692371      
4           -8.7380382210161294      
3           -5.9282500040593877      
5           -13.6531847203377        
4           -45.238281742840201      
3           -41.3940553420938        
2           -128.68315260423773      
0           0                        
4           -173.07382936254777      
4           -9.5951585709584037      
3           -4.9151464993215725      
8           -1601.0392862637693      
3           -13.187124604726867      
3           -36.619733782970002      
5           -24.654658148010036      
1           -0.54612738881350809     
0           0                        
4           -107.50273373508547      
4           -35.737869545069586      
1           -0.54612738881350809     
3           -20.308033845621324      
1           -0.54612738881350809     
2           -2.1845095552540323      
