430 1 -4127 35 35 35
1           -0.54612738881350809     
1           -0.54612738881350809     
4           -143.65839235254663      
2           -2.1845095552540323      
5           -1152.9728272413693      
8           -298.24472076972552      
4           -11.676550500364455      
2           -2.1845095552540323      
2           -2.1845095552540323      
4           -9.5891957583211234      
5           -420.66724048165617      
3           -20.043667821693518      
6           -240.12030048703369      
1           -0.54612738881350809     
4           -104.92571843744942      
3           -4.9151464993215725      
2           -2.1845095552540323      
2           -2.1845095552540323      
2           -2.1845095552540323      
6           -607.42272808699624      
4           -8.7380382210161294      
3           -43.176995265218331      
6           -23.882918614437287      
4           -22.581486818309049      
2           -2.1845095552540323      
1           -0.54612738881350809     
3           -4.9151464993215725      
4           -196.34789881575571      
1           -0.54612738881350809     
3           -20.630889157170849      
3           -210.50810952298107      
2           -309.77607748593601      
5           -1103.0713870943327      
3           -4.9151464993215725      
2           -2.9934669792774153      
2           -2.1845095552540323      
7           -77.06434397661593       
3           -4.9151464993215725      
2           -87.706794008102605      
11          -1022.1283240443041      
2           -2.1845095552540323      
2           -2.1845095552540323      
1           -0.54612738881350809     
3           -4.9151464993215725      
2           -2.1845095552540323      
4           -12.840650733011749      
7           -373.59020928821178      
3           -4.9151464993215725      
9           -708.30228933248225      
3           -4.9151464993215725      
4           -10.569196185140413      
2           -2.1845095552540323      
3           -4.9151464993215725      
2           -279.03263941971545      
7           -240.75688348400999      
3           -4.9151464993215725      
2           -2.1845095552540323      
3           -291.13390738608229      
2           -2.1845095552540323      
6           -109.5363843740823       
4           -103.53174148565382      
2           -2.1845095552540323      
2           -2.1845095552540323      
5           -20.363328077606834      
3           -4.9151464993215725      
6           -1133.1873218591722      
3           -8.3561959207156562      
4           -8.7380382210161294      
4           -12.798736270948611      
1           -0.54612738881350809     
5           -266.50858648994893      
6           -185.3866550958399       
6           -143.93328462852156      
5           -24.715837887785497      
4           -129.62221055844472      
5           -260.80353758894756      
4           -15.674996885456427      
5           -22.400572450041018      
5           -667.98490309883584      
1           -0.54612738881350809     
1           -0.54612738881350809     
0           0                        
2           -2.1845095552540323      
4           -465.15950643215945      
2           -2.1845095552540323      
1           -0.54612738881350809     
4           -9.6919264909458018      
4           -139.55320883607135      
2           -2.1845095552540323      
4           -22.38497169662439       
1           -0.54612738881350809     
2           -2.1845095552540323      
3           -10.444325041739976      
3           -4.9151464993215725      
5           -99.132983230732648      
2           -2.1845095552540323      
1           -0.54612738881350809     
2           -2.1845095552540323      
2           -2.1845095552540323      
0           0                        
7           -423.30689663045791      
