430 1 -4127 35 35 35
1           -0.56280112786218028     
5           -14.070028196554507      
3           -11.359183713131914      
8           -1435.6594165630256      
3           -5.0652101507596221      
2           -2.2512045114487211      
2           -2.2512045114487211      
2           -2.2512045114487211      
4           -263.85439199826618      
7           -44.916518517658091      
3           -5.0652101507596221      
5           -181.30419960358208      
2           -2.2512045114487211      
2           -9.813241928271518       
2           -2.2512045114487211      
3           -5.0652101507596221      
4           -9.0048180457948845      
3           -5.0652101507596221      
5           -461.39041285755405      
4           -251.41217606648405      
2           -22.212459805028359      
2           -2.2512045114487211      
4           -52.301345550207451      
10          -1002.9778072202789      
6           -540.60852129945908      
2           -2.2512045114487211      
4           -304.89632923634264      
6           -110.40104056112443      
2           -2.2512045114487211      
3           -73.418740980322113      
9           -326.18554713151417      
3           -5.0652101507596221      
9           -319.71664908251137      
5           -613.08475279473953      
2           -2.2512045114487211      
2           -2.2512045114487211      
4           -184.85949036572359      
4           -154.38777610418958      
3           -11.931680223976242      
1           -0.56280112786218028     
2           -2.2512045114487211      
4           -25.417719463645799      
2           -2.2512045114487211      
8           -1808.6553468041282      
3           -10.456671710023009      
1           -0.56280112786218028     
4           -208.4866450112529       
6           -637.08234948935376      
5           -14.070028196554507      
3           -5.0652101507596221      
0           0                        
2           -2.2512045114487211      
10          -163.18726765855337      
7           -202.03903412979446      
6           -146.18414901232401      
5           -518.3203371219156       
2           -2.2512045114487211      
3           -5.0652101507596221      
1           -0.56280112786218028     
3           -5.0652101507596221      
2           -2.2512045114487211      
3           -5.0652101507596221      
4           -153.75917936376609      
5           -453.22548985030642      
2           -2.2512045114487211      
6           -215.29089995181425      
3           -19.51825315224524       
5           -91.45099500600891       
2           -2.2512045114487211      
3           -5.0652101507596221      
0           0                        
6           -23.264132462870762      
5           -734.34387843611103      
0           0                        
5           -83.650531728501036      
2           -12.084054337803469      
3           -5.0652101507596221      
4           -9.0048180457948845      
2           -2.2512045114487211      
3           -13.534181205578282      
3           -10.726876043655805      
2           -2.2512045114487211      
2           -2.2512045114487211      
2           -2.2512045114487211      
2           -2.2512045114487211      
2           -2.2512045114487211      
4           -9.0048180457948845      
2           -459.80405786115989      
3           -55.912360426931642      
2           -21.971897411844587      
4           -111.67332476806209      
1           -0.56280112786218028     
7           -678.45036630809079      
3           -5.0652101507596221      
1           -0.56280112786218028     
4           -9.0048180457948845      
6           -103.99520229966657      
8           -619.2911012356027       
1           -0.56280112786218028     
0           0                        
8           -1072.0689400593537      
