430 1 -4127 35 35 35
2           -2.1845095552540323      
5           -353.57672323127991      
5           -19.795110902555244      
2           -2.1845095552540323      
7           -490.02501549555734      
0           0                        
3           -4.9151464993215725      
3           -4.9151464993215725      
3           -5.765995004155247       
4           -405.9075811823609       
1           -0.54612738881350809     
3           -4.9151464993215725      
5           -160.30686558180537      
1           -0.54612738881350809     
1           -0.54612738881350809     
2           -2.1845095552540323      
4           -8.7380382210161294      
7           -501.96585137561681      
2           -2.1845095552540323      
5           -53.906886954088272      
2           -222.61000430173252      
1           -0.54612738881350809     
4           -36.296925141422975      
6           -297.38212213806605      
3           -1196.3672277815779      
3           -5.7440070817659548      
3           -4.9151464993215725      
3           -4.9151464993215725      
3           -7.8245204470782763      
0           0                        
3           -4.9151464993215725      
3           -4.9151464993215725      
2           -2.1845095552540323      
3           -4.9151464993215725      
2           -2.1845095552540323      
1           -0.54612738881350809     
2           -2.1845095552540323      
0           0                        
7           -301.23265697750759      
4           -8.7380382210161294      
5           -273.96925678385941      
1           -0.54612738881350809     
4           -37.926338978716146      
4           -83.955270115318726      
5           -81.401227679677874      
3           -4.9151464993215725      
3           -4.9151464993215725      
3           -558.51443967865453      
3           -11.158507048923616      
1           -0.54612738881350809     
6           -96.61392928205882       
6           -19.66058599728629       
3           -15.629971860681934      
4           -26.215524176537578      
1           -0.54612738881350809     
4           -8.7380382210161294      
1           -0.54612738881350809     
6           -25.748739297917659      
6           -50.079426024013735      
4           -21.517802063617665      
4           -156.22259520436711      
4           -8.7380382210161294      
1           -0.54612738881350809     
1           -0.54612738881350809     
2           -2.1845095552540323      
6           -23.812882282535163      
2           -2.1845095552540323      
6           -374.42166218495095      
4           -257.68077423521146      
5           -161.42398301018096      
4           -146.36493024181655      
6           -689.76224382506393      
3           -4.9151464993215725      
5           -171.40072631271153      
2           -2.1845095552540323      
3           -66.578574229165923      
3           -4.9151464993215725      
2           -2.1845095552540323      
2           -11.040026198953424      
3           -259.62850608786044      
4           -36.275020726829972      
5           -88.947013283546198      
3           -31.484910181115826      
4           -33.864632754657315      
3           -4.9151464993215725      
2           -254.30113979935163      
4           -12.7509376649807        
3           -4.9151464993215725      
0           0                        
1           -0.54612738881350809     
3           -4.9151464993215725      
7           -83.980036916087158      
0           0                        
4           -8.7380382210161294      
3           -4.9151464993215725      
3           -4.9151464993215725      
7           -397.17307648842592      
4           -346.36235036499954      
5           -13.6531847203377        
2           -2.1845095552540323      
6           -450.36547434653994      
