430 1 -4127 35 35 35
2           -5.7663389823942781      
5           -297.79099087082193      
4           -193.23990042966321      
3           -33.058075186116099      
3           -12.974262710387126      
3           -17.006641287905737      
5           -515.66215640023688      
4           -23.065355929577112      
7           -128.87015520693723      
2           -5.7663389823942781      
0           0                        
2           -5.7663389823942781      
5           -46.978938997465974      
1           -1.4415847455985695      
11          -2633.073523734538       
9           -1268.5919137268747      
0           0                        
4           -728.33180242965398      
1           -1.4415847455985695      
5           -1072.2462766248136      
5           -1023.0551364575118      
3           -12.974262710387126      
2           -5.7663389823942781      
3           -12.974262710387126      
9           -1709.0182219210196      
4           -1070.9810731706914      
2           -5.7663389823942781      
2           -5.7663389823942781      
2           -5.7663389823942781      
1           -1.4415847455985695      
5           -36.039618639964239      
4           -147.75044088449195      
6           -635.22945656879256      
5           -77.066886830216959      
3           -15.876553812338368      
2           -5.7663389823942781      
6           -1231.3228035218046      
2           -5.7663389823942781      
2           -5.7663389823942781      
4           -23.065355929577112      
3           -127.50762705422601      
3           -12.974262710387126      
7           -1213.5269369873724      
3           -12.974262710387126      
3           -12.974262710387126      
3           -60.482735752323904      
0           0                        
0           0                        
2           -5.7663389823942781      
4           -469.5599615991494       
2           -5.7663389823942781      
5           -489.12052216876447      
5           -1020.4248520556521      
5           -410.62243602474751      
2           -383.30602433051143      
5           -129.94147874615007      
2           -5.7663389823942781      
3           -35.267208529073983      
2           -119.3295915578814       
2           -5.7663389823942781      
3           -491.32964064202844      
4           -65.236148199939507      
5           -378.81268731774475      
2           -448.89216157855356      
3           -111.31718210324689      
6           -55.50454863909976       
2           -5.7663389823942781      
5           -37.386012049670697      
6           -937.24334919230023      
3           -336.65506186639794      
1           -1.4415847455985695      
10          -2533.0157748152556      
3           -741.32260575772511      
6           -96.456045722790066      
4           -685.87735260935449      
1           -1.4415847455985695      
4           -501.15458640735039      
3           -599.42492685821423      
6           -1295.9720844035191      
2           -5.7663389823942781      
1           -1.4415847455985695      
0           0                        
4           -37.244134515933638      
5           -1368.9268321158161      
5           -853.99404506956409      
3           -640.38195627929122      
5           -485.74842434084707      
2           -638.51667210117944      
3           -12.974262710387126      
1           -1.4415847455985695      
5           -1740.3163567786114      
2           -5.7663389823942781      
2           -10.483093557527557      
1           -1.4415847455985695      
2           -427.94090514795403      
4           -185.44685901641017      
5           -1432.6008637421796      
3           -111.24547463547412      
4           -23.065355929577112      
2           -5.7663389823942781      
2           -5.7663389823942781      
