430 1 -4127 35 35 35
1           -1.4415847455985695      
3           -33.675783893199842      
5           -395.13145712644001      
3           -450.61787379530136      
5           -509.68259846809264      
3           -12.974262710387126      
1           -1.4415847455985695      
3           -27.951082080783969      
3           -14.499810777920338      
1           -1.4415847455985695      
2           -5.7663389823942781      
2           -5.7663389823942781      
4           -939.98248163912319      
1           -1.4415847455985695      
2           -5.7663389823942781      
6           -154.4653653475616       
2           -504.40078029435489      
2           -5.7663389823942781      
2           -44.971309696449076      
4           -26.408564437104847      
3           -12.974262710387126      
1           -1.4415847455985695      
1           -1.4415847455985695      
3           -12.974262710387126      
0           0                        
4           -77.75025905509284       
4           -23.065355929577112      
3           -25.97914230156659       
2           -5.7663389823942781      
1           -1.4415847455985695      
0           0                        
2           -446.19604029151304      
3           -102.03420964545838      
3           -12.974262710387126      
7           -489.35817093631039      
5           -36.039618639964239      
3           -350.15399207471779      
2           -243.42973713790073      
4           -288.57802509431588      
3           -12.974262710387126      
3           -12.974262710387126      
8           -901.58130627428955      
7           -938.73443602797443      
4           -542.52047403074141      
4           -61.176387223493606      
4           -23.065355929577112      
2           -59.603932155583749      
4           -26.515464444945923      
3           -12.974262710387126      
7           -821.45618269864281      
5           -501.58632463485787      
0           0                        
4           -1057.7591451862704      
8           -1715.1303244113096      
2           -590.33480768778202      
2           -5.7663389823942781      
3           -38.041846726103891      
2           -5.7663389823942781      
6           -613.56225444225572      
5           -141.91119265892678      
6           -1799.2569532718051      
2           -31.321280321141089      
0           0                        
1           -1.4415847455985695      
3           -420.32872536978266      
2           -5.7663389823942781      
3           -492.33422696062729      
3           -18.971066216283305      
4           -23.065355929577112      
2           -5.7663389823942781      
2           -94.439940504862037      
0           0                        
5           -947.31572033899999      
2           -21.927751230732923      
9           -599.98982433336892      
3           -12.974262710387126      
3           -12.974262710387126      
1           -1.4415847455985695      
5           -273.87509665729851      
1           -1.4415847455985695      
3           -12.974262710387126      
5           -135.75475863856744      
5           -164.67548108635364      
6           -799.04355042706288      
2           -5.7663389823942781      
7           -943.63368135749579      
1           -1.4415847455985695      
0           0                        
0           0                        
2           -5.7663389823942781      
4           -23.065355929577112      
3           -123.26510902736082      
0           0                        
3           -12.974262710387126      
2           -5.7663389823942781      
3           -12.974262710387126      
5           -704.04928938893943      
4           -824.97000405782603      
4           -23.065355929577112      
1           -1.4415847455985695      
1           -1.4415847455985695      
