430 1 -4127 35 35 35
4           -319.64929712413885      
7           -1040.8680891645536      
0           0                        
3           -5.8883175544263269      
4           -170.71609574694148      
6           -307.16559423016491      
3           -5.0652101507596221      
3           -5.0652101507596221      
4           -10.001753429595869      
4           -9.0048180457948845      
5           -409.73360472451731      
5           -634.25820909789604      
5           -102.80028605972953      
5           -14.070028196554507      
1           -0.56280112786218028     
2           -2.2512045114487211      
1           -0.56280112786218028     
2           -2.2512045114487211      
4           -10.721932638645841      
4           -48.349803641151958      
2           -2.2512045114487211      
4           -9.0048180457948845      
3           -5.0652101507596221      
5           -29.963337301313175      
2           -2.2512045114487211      
4           -49.43654425390082       
3           -5.0652101507596221      
0           0                        
0           0                        
2           -2.2512045114487211      
5           -370.91989361725717      
4           -48.365134379228003      
3           -5.0652101507596221      
6           -21.829189484259953      
4           -10.010280270419962      
1           -0.56280112786218028     
3           -5.0652101507596221      
4           -210.97187747821781      
5           -60.128868017099094      
3           -7.6825390191035936      
1           -0.56280112786218028     
0           0                        
3           -5.0652101507596221      
6           -760.74896429430623      
5           -121.37032611966555      
1           -0.56280112786218028     
7           -527.06577745782033      
4           -59.462736256891411      
7           -412.70379818389154      
1           -0.56280112786218028     
5           -15.183994320894806      
0           0                        
3           -5.0652101507596221      
0           0                        
2           -2.2512045114487211      
5           -14.070028196554507      
5           -17.513206126013209      
5           -62.955403770111317      
1           -0.56280112786218028     
6           -29.322807143103397      
4           -9.0048180457948845      
4           -9.0048180457948845      
5           -18.578609745216944      
5           -87.207768981717479      
9           -1274.4109808449587      
9           -3.2918582085116057      
2           -2.2512045114487211      
2           -18.866560509935333      
3           -5.0652101507596221      
5           -1138.6323011376021      
4           -9.0048180457948845      
5           -352.01129959555016      
1           -0.56280112786218028     
5           -24.3014688285989        
4           -9.0048180457948845      
1           -0.56280112786218028     
6           -105.04462430869388      
4           -117.82589761156888      
0           0                        
5           -46.543280991960785      
5           -55.258105700080819      
5           -123.14390995474001      
2           -130.17927173545343      
3           -410.84792605674596      
6           -320.07206037622706      
7           -202.88702041056405      
3           -5.0652101507596221      
5           -93.311377235142459      
5           -989.39672091008538      
1           -0.56280112786218028     
3           -15.278560313700776      
1           -0.56280112786218028     
2           -2.2512045114487211      
3           -17.466255129042473      
4           -312.61948066253927      
1           -0.56280112786218028     
4           -1101.6219934978078      
5           -295.51356147777869      
1           -0.56280112786218028     
1           -0.56280112786218028     
4           -9.0048180457948845      
