430 1 -4127 35 35 35
2           -7.2859234508917332      
2           -1076.6305678430895      
3           -12.974262710387126      
4           -197.82651146004753      
1           -1.4415847455985695      
2           -75.022929809792686      
5           -80.018193140504735      
3           -36.177478320954435      
6           -2129.5495128714715      
5           -786.52595554331776      
1           -1.4415847455985695      
3           -12.974262710387126      
6           -82.365258371353363      
5           -686.01918315595628      
7           -143.72120105958021      
5           -37.95149474527004       
2           -5.7663389823942781      
7           -1051.2463244729388      
5           -37.17334552950301       
2           -5.7663389823942781      
6           -1483.4380632181687      
6           -960.07898576480761      
4           -69.345257340829832      
3           -102.86022399095491      
5           -91.254164915259878      
2           -6.9698576414197575      
2           -13.817939730238752      
2           -5.7663389823942781      
6           -186.47458891667549      
4           -29.969750576264207      
2           -5.7663389823942781      
3           -26.814315147996972      
2           -5.7663389823942781      
6           -1564.1397207496746      
1           -1.4415847455985695      
2           -5.7663389823942781      
2           -5.7663389823942781      
3           -12.974262710387126      
2           -5.7663389823942781      
3           -188.39793513142229      
1           -1.4415847455985695      
3           -12.974262710387126      
1           -1.4415847455985695      
5           -76.351810050292656      
2           -5.7663389823942781      
2           -5.7663389823942781      
3           -12.974262710387126      
5           -108.38712902719149      
1           -1.4415847455985695      
1           -1.4415847455985695      
1           -1.4415847455985695      
3           -12.974262710387126      
6           -63.750572546075844      
0           0                        
4           -115.57280132312637      
6           -378.61609121978296      
2           -5.7663389823942781      
5           -871.89986223006201      
1           -1.4415847455985695      
5           -40.274829531268814      
2           -5.7663389823942781      
5           -1312.3515604987485      
5           -576.75433966984178      
3           -1090.5651167790252      
4           -244.2293608942023       
0           0                        
2           -5.7663389823942781      
2           -5.7663389823942781      
0           0                        
1           -1.4415847455985695      
5           -779.95082899106728      
3           -12.974262710387126      
4           -203.81770631471682      
7           -1622.9739806464279      
4           -24.300018460658375      
5           -721.35264505806776      
5           -361.15656744653796      
3           -455.13160516058713      
2           -5.7663389823942781      
2           -5.7663389823942781      
7           -571.2141974566639       
3           -20.32317053821799       
2           -15.500264730644549      
2           -5.7663389823942781      
3           -12.974262710387126      
1           -1.4415847455985695      
6           -1484.5982227423679      
1           -1.4415847455985695      
5           -114.20218602316811      
4           -227.47386302492669      
3           -12.974262710387126      
5           -281.57082755933129      
4           -347.22863695272468      
2           -5.7663389823942781      
1           -1.4415847455985695      
4           -489.09436710410966      
3           -12.974262710387126      
9           -3457.5294110727577      
1           -1.4415847455985695      
6           -250.18387486397575      
3           -12.974262710387126      
