430 1 -4127 35 35 35
2           -5.5920578388213498      
5           -288.94953372261011      
4           -187.41246730047234      
3           -32.056407490428043      
3           -12.582130137348038      
3           -16.491587868258158      
5           -500.99982340192264      
4           -22.368231355285399      
7           -124.96854403525327      
2           -5.5920578388213498      
0           0                        
2           -5.5920578388213498      
5           -45.55558955120366       
1           -1.3980144597053374      
11          -2560.9369969207496      
9           -1232.3576756665284      
0           0                        
4           -709.24782528339585      
1           -1.3980144597053374      
5           -1044.1879012470984      
5           -995.53727041452282      
3           -12.582130137348038      
2           -5.5920578388213498      
3           -12.582130137348038      
9           -1708.343353546735       
4           -1051.2797770671248      
2           -5.5920578388213498      
2           -5.5920578388213498      
2           -5.5920578388213498      
1           -1.3980144597053374      
5           -34.950361492633441      
4           -143.30053646565847      
6           -707.64709921722124      
5           -74.723598438125222      
3           -15.395870794379487      
2           -5.5920578388213498      
6           -1210.1124122685751      
2           -5.5920578388213498      
2           -5.5920578388213498      
4           -22.368231355285399      
3           -123.76397099157879      
3           -12.582130137348038      
7           -1183.9510543412489      
3           -12.582130137348038      
3           -12.582130137348038      
3           -58.666685582263142      
0           0                        
0           0                        
2           -5.5920578388213498      
4           -456.46878192876545      
2           -5.5920578388213498      
5           -500.05457024104282      
5           -992.23222566393042      
5           -398.4672963701907       
2           -372.87720135874105      
5           -126.02313742443573      
2           -5.5920578388213498      
3           -34.192028987378237      
2           -115.73648988809731      
2           -5.5920578388213498      
3           -477.66923839525924      
4           -63.265185870150319      
5           -367.92089904433544      
2           -464.16467690747606      
3           -107.98436305822008      
6           -53.825310631195805      
2           -5.5920578388213498      
5           -36.254689856384488      
6           -929.17484720399         
3           -332.00909810574473      
1           -1.3980144597053374      
10          -2484.7000300774289      
3           -723.82697913596883      
6           -93.534190401335877      
4           -688.31994746448754      
1           -1.3980144597053374      
4           -489.87975255273915      
3           -585.2366598579473       
6           -1310.8252827421807      
2           -5.5920578388213498      
1           -1.3980144597053374      
0           0                        
4           -36.116818347089655      
5           -1371.1324199172059      
5           -834.06009851030876      
3           -647.60162956161116      
5           -472.43215955429207      
2           -621.39245063278463      
3           -12.582130137348038      
1           -1.3980144597053374      
5           -1748.8605842312702      
2           -5.5920578388213498      
2           -10.163078877161745      
1           -1.3980144597053374      
2           -415.75519352971924      
4           -179.90557489124373      
5           -1405.6511009285366      
3           -107.88888158457979      
4           -22.368231355285399      
2           -5.5920578388213498      
2           -5.5920578388213498      
