430 1 -4127 35 35 35
1           -0.20236088611800973     
3           -5.8891592261656616      
5           -125.70089379630572      
3           -56.749139537832782      
5           -77.756868432504049      
3           -1.8212479750620876      
1           -0.20236088611800973     
3           -7.6862255507874497      
3           -3.3467960425952992      
1           -0.20236088611800973     
2           -0.80944354447203892     
2           -0.80944354447203892     
4           -178.21082307821146      
1           -0.20236088611800973     
2           -0.80944354447203892     
6           -29.66565269609864       
2           -51.890051927418845      
2           -0.80944354447203892     
2           -5.6369483572061627      
4           -4.8824427473610337      
3           -1.8212479750620876      
1           -0.20236088611800973     
1           -0.20236088611800973     
3           -1.8212479750620876      
0           0                        
4           -10.69613698504617       
4           -3.2377741778881557      
3           -2.9344397289204012      
2           -0.80944354447203892     
1           -0.20236088611800973     
0           0                        
2           -104.30580976448022      
3           -27.851031893005384      
3           -1.8212479750620876      
7           -158.1381436340038       
5           -5.0590221529502433      
3           -43.043344004453346      
2           -98.639288004455949      
4           -33.42442120502588       
3           -1.8212479750620876      
3           -1.8212479750620876      
8           -154.56672270004273      
7           -72.238611372182319      
4           -79.8650397742108        
4           -5.3931541073776845      
4           -3.2377741778881557      
2           -6.921127907263716       
4           -4.4003083930423976      
3           -1.8212479750620876      
7           -187.27804590533319      
5           -150.54706670085628      
0           0                        
4           -172.37874698220887      
8           -317.00736719608312      
2           -37.599412642522161      
2           -0.80944354447203892     
3           -12.49723196643729       
2           -0.80944354447203892     
6           -172.69529883836248      
5           -19.074870711011592      
6           -360.35361048775161      
2           -7.788043435162626       
0           0                        
1           -0.20236088611800973     
3           -55.381696535689478      
2           -0.80944354447203892     
3           -82.781371927483278      
3           -4.2246670696559514      
4           -3.2377741778881557      
2           -0.80944354447203892     
2           -39.422916379174133      
0           0                        
5           -171.11101646426133      
2           -4.1318881927873319      
9           -89.379132786670681      
3           -1.8212479750620876      
3           -1.8212479750620876      
1           -0.20236088611800973     
5           -29.472942599835378      
1           -0.20236088611800973     
3           -1.8212479750620876      
5           -53.19166321734437       
5           -36.434355189247782      
6           -134.20381696466791      
2           -0.80944354447203892     
7           -159.64039121571039      
1           -0.20236088611800973     
0           0                        
0           0                        
2           -0.80944354447203892     
4           -3.2377741778881557      
3           -31.353776557782332      
0           0                        
3           -1.8212479750620876      
2           -0.80944354447203892     
3           -1.8212479750620876      
5           -129.73174367251229      
4           -215.96828721368786      
4           -3.2377741778881557      
1           -0.20236088611800973     
1           -0.20236088611800973     
