430 1 -4127 35 35 35
2           -5.5920578388213498      
4           -122.08487492768974      
3           -12.582130137348038      
1           -1.3980144597053374      
7           -899.57947546669197      
4           -401.35661149354343      
4           -1004.7023236512038      
12          -3305.3834432339954      
5           -45.162639463026174      
1           -1.3980144597053374      
6           -1686.2762951015793      
0           0                        
2           -5.5920578388213498      
3           -162.81730191423748      
3           -12.582130137348038      
4           -995.61985630595882      
3           -12.582130137348038      
3           -12.582130137348038      
6           -135.42337063482199      
0           0                        
1           -1.3980144597053374      
2           -5.5920578388213498      
2           -43.15628717865053       
4           -65.02318285474901       
4           -1131.6409582572524      
5           -2610.2894622972231      
3           -12.582130137348038      
7           -1696.5563449249767      
3           -12.582130137348038      
0           0                        
3           -47.042711704614277      
3           -24.027961853277134      
4           -22.368231355285399      
0           0                        
2           -5.5920578388213498      
6           -1672.1272166580152      
8           -648.56010896602334      
1           -1.3980144597053374      
2           -498.55920001387437      
7           -577.27984852570501      
3           -12.582130137348038      
2           -5.5920578388213498      
3           -12.582130137348038      
6           -315.10001407140794      
5           -183.994166365659        
6           -1090.3253881813059      
4           -610.81104752354906      
0           0                        
3           -64.476462424860216      
8           -1481.621117741659       
2           -1312.8421172922085      
3           -868.85200373944929      
6           -2712.901784828342       
3           -127.51927041562035      
3           -15.927883692517943      
5           -283.73560559976255      
3           -12.582130137348038      
3           -12.582130137348038      
0           0                        
3           -72.244132600438093      
1           -1.3980144597053374      
3           -26.029484194531438      
2           -5.5920578388213498      
1           -1.3980144597053374      
3           -12.582130137348038      
7           -1322.7948716103997      
3           -12.582130137348038      
6           -2084.2328831588866      
4           -42.403301408161191      
2           -5.5920578388213498      
6           -236.37069659189669      
1           -1.3980144597053374      
2           -5.5920578388213498      
3           -12.582130137348038      
2           -5.5920578388213498      
3           -344.48703042750191      
0           0                        
2           -5.5920578388213498      
6           -1516.5551526881443      
4           -258.45968894449743      
2           -5.5920578388213498      
2           -5.5920578388213498      
2           -5.5920578388213498      
4           -22.368231355285399      
4           -232.01267473188472      
1           -1.3980144597053374      
2           -64.380201973281658      
3           -12.582130137348038      
4           -22.368231355285399      
2           -5.5920578388213498      
3           -12.582130137348038      
1           -1.3980144597053374      
6           -1023.6685588673356      
7           -1074.4214904022554      
2           -5.5920578388213498      
3           -23.301873673254676      
1           -1.3980144597053374      
10          -3319.2723084934905      
3           -12.582130137348038      
3           -12.582130137348038      
2           -5.5920578388213498      
