430 1 -4127 35 35 35
4           -82.211645982242999      
2           -53.383533996582351      
4           -38.362036931036748      
2           -4.1445516232150039      
3           -1.8212479750620876      
5           -150.38466153926188      
4           -10.611717254447171      
5           -12.032430286817732      
5           -27.046248623500347      
5           -76.555299829979205      
7           -109.45563338475063      
5           -5.0590221529502433      
2           -0.80944354447203892     
3           -1.8212479750620876      
4           -11.159637851535122      
1           -0.20236088611800973     
6           -435.07165602098172      
6           -82.584421529709147      
8           -560.37711248392577      
4           -27.191068227581269      
7           -327.90760905373492      
3           -22.239471172749205      
4           -38.068976572663395      
1           -0.20236088611800973     
0           0                        
4           -209.34283533783557      
5           -10.416631895192895      
2           -0.80944354447203892     
5           -42.978721515322832      
4           -3.2377741778881557      
3           -8.6565543121391944      
3           -2.9285531936734266      
1           -0.20236088611800973     
4           -93.950682154729392      
2           -0.80944354447203892     
3           -1.8212479750620876      
1           -0.20236088611800973     
6           -42.224150008627532      
3           -1.8212479750620876      
5           -66.872586388320059      
5           -204.85768865627145      
6           -62.709886156027153      
2           -0.80944354447203892     
2           -0.80944354447203892     
4           -20.76863793011567       
1           -0.20236088611800973     
3           -1.8212479750620876      
4           -143.46003870594021      
2           -4.991638312594274       
3           -1.8212479750620876      
5           -42.764424382704362      
8           -182.4790937309219       
4           -96.998427545823205      
4           -146.46561274406628      
3           -1.8212479750620876      
4           -3.2377741778881557      
5           -6.6247332322109651      
2           -4.0181759476762764      
1           -0.20236088611800973     
2           -0.80944354447203892     
5           -33.537695257194024      
1           -0.20236088611800973     
4           -19.956702111007857      
5           -147.5428616706877       
3           -1.8212479750620876      
7           -225.96631032461494      
1           -0.20236088611800973     
3           -1.8212479750620876      
3           -94.402800274871296      
3           -8.2601223039646534      
3           -1.8212479750620876      
2           -0.80944354447203892     
2           -0.80944354447203892     
0           0                        
5           -46.035512091297996      
2           -39.882283458257966      
2           -0.80944354447203892     
2           -28.925931413990035      
4           -53.692825829401592      
3           -1.8212479750620876      
5           -69.635315551879472      
1           -0.20236088611800973     
2           -0.80944354447203892     
4           -185.2923236050195       
4           -96.579351091540445      
4           -27.032170361432605      
2           -0.80944354447203892     
6           -138.14223308120896      
2           -0.80944354447203892     
3           -6.6408093735318596      
5           -24.510181630212479      
3           -1.8212479750620876      
4           -3.2377741778881557      
1           -0.20236088611800973     
2           -2.200905575436547       
4           -3.2377741778881557      
4           -3.2377741778881557      
0           0                        
8           -148.12717613159847      
5           -88.762384642905047      
5           -262.1006923107754       
