430 1 -4127 35 35 35
3           -266.53425782437233      
2           -16.931244214532303      
2           -5.6886202856566097      
8           -788.32342812029799      
3           -12.799395642727369      
3           -60.030082241367204      
6           -428.66660069197792      
2           -10.68057520068426       
10          -2710.3539352602511      
2           -5.6886202856566097      
7           -588.8761651103307       
3           -136.58166405985557      
2           -5.6886202856566097      
2           -79.18547309098021       
2           -5.6886202856566097      
4           -22.754481142626439      
3           -109.13291491726307      
1           -1.4221550714141524      
4           -735.80987768140392      
2           -5.6886202856566097      
0           0                        
7           -2058.2811629710186      
6           -184.97992563198875      
2           -528.89011933035624      
7           -730.05000283841946      
2           -5.6886202856566097      
3           -1226.3624025485153      
8           -2502.0513654046458      
1           -1.4221550714141524      
3           -12.799395642727369      
3           -12.799395642727369      
1           -1.4221550714141524      
3           -544.10001833420267      
1           -1.4221550714141524      
1           -1.4221550714141524      
4           -295.88744778392584      
2           -5.6886202856566097      
3           -370.3863001683805       
6           -1202.1465315609037      
4           -31.332840453786751      
0           0                        
1           -1.4221550714141524      
4           -624.66953186626779      
3           -12.799395642727369      
5           -196.73266357946756      
3           -12.799395642727369      
5           -130.84619124931993      
4           -106.1662234716604       
10          -2650.5862945694926      
7           -425.41759219481105      
7           -4109.0902025233354      
5           -573.54848584893568      
4           -135.47164315075122      
7           -480.33608672494904      
3           -16.508571617850976      
3           -38.29853096772851       
3           -18.014297630617524      
1           -1.4221550714141524      
2           -46.951184322957594      
0           0                        
6           -396.26161800306659      
3           -12.799395642727369      
3           450.05224614985775       
2           -5.6886202856566097      
1           -1.4221550714141524      
3           -15.788372588821705      
3           -12.799395642727369      
5           -168.00063927299021      
5           -368.06773489840396      
2           -5.6886202856566097      
4           -402.78775346505699      
5           -258.83620867954698      
1           -1.4221550714141524      
6           -182.30784716252793      
3           -12.799395642727369      
3           -15.282689757077764      
2           -22.133577846835792      
2           -5.6886202856566097      
5           -1585.3939734024527      
2           -5.6886202856566097      
1           -1.4221550714141524      
2           -5.6886202856566097      
6           -358.69604048389272      
1           -1.4221550714141524      
7           -237.93439125759653      
3           -12.799395642727369      
2           -5.6886202856566097      
2           -5.6886202856566097      
7           -149.00566704712753      
5           -1099.0995049713404      
1           -1.4221550714141524      
3           -13.832233958256724      
5           -38.202316927332653      
5           -50.644110163544717      
4           -22.754481142626439      
6           -114.09830120221976      
2           -8.3597047926516339      
4           -25.101979695359283      
4           -35.982817993733597      
3           -12.799395642727369      
2           -5.6886202856566097      
