430 1 -4127 35 35 35
0           0                        
2           -2.1845095552540323      
1           -0.54612738881350809     
5           -531.37153210262261      
2           -2.1845095552540323      
6           -622.54857827712624      
5           -13.6531847203377        
2           -2.1845095552540323      
5           -724.97667980851168      
1           -0.54612738881350809     
1           -0.54612738881350809     
8           -559.44642217377782      
4           -20.654662610204937      
3           -4.9151464993215725      
6           -322.72551883264464      
6           -88.460921212927758      
3           -95.758679785176298      
4           -8.7380382210161294      
1           -0.54612738881350809     
4           -44.196766938237033      
5           -13.6531847203377        
3           -5.8881340296596569      
4           -114.78009168700513      
6           -88.489081280984848      
7           -134.31905165832629      
4           -9.6237785989330096      
4           -157.29571065613365      
2           -2.1845095552540323      
3           -4.9151464993215725      
6           -19.66058599728629       
5           -13.6531847203377        
5           -489.55842718655367      
2           -2.1845095552540323      
7           -510.16603564946951      
8           -106.23383414622673      
0           0                        
0           0                        
5           -13.6531847203377        
3           -4.9151464993215725      
5           -149.80977455268766      
1           -0.54612738881350809     
9           -301.68248490219463      
2           -2.1845095552540323      
1           -0.54612738881350809     
4           -339.37769726821335      
5           -276.66413932247531      
2           -2.1845095552540323      
3           -23.935254244027249      
1           -0.54612738881350809     
4           -157.53506941443305      
4           -56.145485619461667      
2           -2.1845095552540323      
2           -2.1845095552540323      
3           -4.9151464993215725      
6           -26.03619121978133       
3           -4.9151464993215725      
4           -334.53042953491581      
3           -64.644940984625208      
4           -8.7380382210161294      
3           -4.9151464993215725      
3           -4.9151464993215725      
4           -122.07807745269525      
2           -2.1845095552540323      
4           -139.54064430102574      
4           -8.7380382210161294      
4           -25.262365375958172      
7           -261.04661503168984      
2           -2.1845095552540323      
2           -2.1845095552540323      
4           -53.289843266857275      
2           -2.1845095552540323      
4           -261.01941630082001      
3           -4.9151464993215725      
5           -116.44345353415272      
4           -18.905361724596855      
3           -4.9151464993215725      
5           -339.79282369062389      
5           -204.44611009830504      
2           -11.485682502558017      
0           0                        
3           -4.9151464993215725      
5           -470.55765216268605      
4           -13.724658352497965      
5           -90.366923478629701      
5           -123.2559195323155       
2           -2.1845095552540323      
6           -480.1819048421363       
1           -0.54612738881350809     
3           -68.059170186194038      
5           -82.965877389622605      
1           -0.54612738881350809     
2           -7.8643751047195272      
4           -8.7380382210161294      
4           -171.66808377557149      
4           -285.48308084133117      
3           -4.9151464993215725      
2           -2.1845095552540323      
4           -87.494745750616644      
4           -11.922948919659131      
5           -358.37586717599112      
4           -334.35328811917032      
