430 1 -4127 35 35 35
4           -8.2859641233753702      
3           -1.8212479750620876      
0           0                        
2           -114.14545541708546      
8           -41.063888058363005      
3           -1.8212479750620876      
4           -3.2377741778881557      
5           -27.151076706231358      
1           -0.20236088611800973     
2           -0.80944354447203892     
4           -4.3306738306712758      
6           -176.52010951501092      
4           -133.93953985246864      
2           -0.80944354447203892     
1           -0.20236088611800973     
2           -0.80944354447203892     
2           -0.80944354447203892     
3           -2.874110752580751       
1           -0.20236088611800973     
3           -1.8212479750620876      
4           -3.2377741778881557      
3           -1.8212479750620876      
2           -0.80944354447203892     
3           -5.0812420545638144      
6           -33.587195366485346      
1           -0.20236088611800973     
0           0                        
2           -0.80944354447203892     
1           -0.20236088611800973     
2           -0.80944354447203892     
6           -354.55628716258872      
2           -0.80944354447203892     
1           -0.20236088611800973     
4           -3.2377741778881557      
3           -1.8212479750620876      
2           -0.80944354447203892     
3           -64.69571355262039       
4           -122.12023651651074      
5           -27.749866540992819      
5           -72.826654352158414      
4           -7.498071032000996       
2           -0.80944354447203892     
4           -17.048905136891484      
3           -1.8212479750620876      
3           59.466636437293566       
3           -1.8212479750620876      
0           0                        
1           -0.20236088611800973     
1           -0.20236088611800973     
0           0                        
6           -311.96649249639535      
2           -0.80944354447203892     
9           -584.0459750283926       
3           -1.8212479750620876      
3           -115.61488712232368      
3           -1.8212479750620876      
3           -5.6893129578716062      
1           -0.20236088611800973     
0           0                        
2           -0.80944354447203892     
2           -127.37782550283097      
5           -162.00151764934895      
3           -1.8212479750620876      
3           -1.8212479750620876      
3           -1.8212479750620876      
5           -128.86826380396184      
2           -0.80944354447203892     
4           -9.555143197058662       
4           -56.608697090851919      
6           -84.499851063394772      
1           -0.20236088611800973     
1           -0.20236088611800973     
2           -0.80944354447203892     
1           -0.20236088611800973     
5           -5.0590221529502433      
1           -0.20236088611800973     
4           -3.2377741778881557      
1           -0.20236088611800973     
6           -87.96763373160303       
1           -0.20236088611800973     
2           -0.80944354447203892     
7           -92.86342889436095       
1           -0.20236088611800973     
4           -21.972468830575284      
2           -0.80944354447203892     
2           -0.80944354447203892     
1           -0.20236088611800973     
0           0                        
5           -13.070526046200154      
5           -7.5934367819885367      
5           452.92178085300367       
4           -80.393695636442999      
1           -0.20236088611800973     
3           -1.8212479750620876      
3           -8.1438754448380131      
3           -16.648824121371401      
3           -1.8212479750620876      
5           -8.1407887462297861      
5           -355.53452252957146      
5           -131.72029300917555      
7           -139.19897961199038      
