430 1 -4127 35 35 35
2           -2.1845095552540323      
1           -0.54612738881350809     
4           -8.7380382210161294      
3           -15.254247295455169      
7           -370.12182804242417      
5           -97.938622250286372      
1           -0.54612738881350809     
9           -931.44767446906133      
6           -92.452676771445581      
0           0                        
3           -108.91652041570654      
2           -2.1845095552540323      
8           -638.65988397367084      
3           -195.69333213324774      
6           -525.34643799200262      
9           -433.97225897127623      
2           -2.1845095552540323      
1           -0.54612738881350809     
2           -2.1845095552540323      
4           -401.45089163222679      
4           -48.677695716371403      
2           -2.1845095552540323      
2           -2.1845095552540323      
2           -2.1845095552540323      
2           -2.9892122120354725      
4           -8.7380382210161294      
4           -8.7380382210161294      
2           -2.1845095552540323      
4           -99.124729749307306      
0           0                        
3           -4.9151464993215725      
5           -13.6531847203377        
4           -437.72311021004589      
1           -0.54612738881350809     
0           0                        
2           -10.483013101074771      
2           -2.1845095552540323      
4           -8.7380382210161294      
2           -3.8044432549119565      
3           -4.9151464993215725      
2           -2.1845095552540323      
3           -32.877688222015038      
6           -86.458308941582587      
3           -15.715451013023626      
3           -4.9151464993215725      
1           -0.54612738881350809     
5           -13.6531847203377        
3           -77.532388468449795      
2           -2.1845095552540323      
5           -177.73488032388417      
3           -5.8617248224865399      
2           -2.1845095552540323      
2           -2.1845095552540323      
3           -30.262853239992733      
2           -2.1845095552540323      
4           -8.7380382210161294      
3           -4.9151464993215725      
1           -0.54612738881350809     
3           -87.57523892075551       
5           -93.811399128296713      
3           -4.9151464993215725      
6           -203.27020675725967      
6           -69.004431408459922      
5           -356.6995368965641       
1           -0.54612738881350809     
6           -339.25156512583146      
2           -2.1845095552540323      
4           -574.66727016902882      
4           -8.7380382210161294      
3           -75.478922444066654      
2           -2.1845095552540323      
2           -2.1845095552540323      
3           -121.98670452729871      
0           0                        
0           0                        
4           -8.7380382210161294      
7           -304.50402847750212      
1           -0.54612738881350809     
3           -45.511524346521         
4           -28.59412118043095       
3           -127.84506884759983      
7           -70.186191047841575      
3           -144.38999223064343      
3           -4.9151464993215725      
2           -2.1845095552540323      
6           -157.67711566068439      
3           -4.9151464993215725      
6           -41.040012278158464      
7           -144.01453247149331      
4           -8.7380382210161294      
1           -0.54612738881350809     
3           -6.9621357156964132      
4           -23.08608364139921       
2           -2.1845095552540323      
4           -42.287436762536686      
4           -39.660081065335348      
3           -338.8525527651737       
8           -550.444148783782        
2           -2.1845095552540323      
3           -253.77826985003469      
0           0                        
