430 1 -4127 35 35 35
4           -8.5446341498754173      
2           -0.80944354447203892     
4           -102.78599124552936      
0           0                        
5           -40.043455944959206      
5           -67.97442399587203       
7           -210.54074154094295      
4           -112.56147453643119      
4           -95.3387561355987        
5           -10.015985208455081      
0           0                        
4           -3.2377741778881557      
6           -239.98959097107902      
5           -40.98188857169896       
3           -1.8212479750620876      
2           -0.80944354447203892     
10          -230.48200681075679      
0           0                        
3           -1.8212479750620876      
1           -0.20236088611800973     
2           -0.80944354447203892     
1           -0.20236088611800973     
3           -16.98348104749957       
9           -322.6044543458375       
4           -322.01378451042569      
3           -1.8212479750620876      
3           -3.1389582361383384      
3           -3.2734596248606977      
5           -109.96511056559864      
4           -3.2377741778881557      
1           -0.20236088611800973     
6           -68.943020428788572      
3           -1.8212479750620876      
2           -0.80944354447203892     
7           -141.04564373009984      
8           -433.29638545425502      
2           -0.80944354447203892     
2           -21.981465694861434      
3           -1.8212479750620876      
5           -29.150951770522504      
5           -6.4939530230486397      
6           -161.36655229053071      
2           -4.0855419631118295      
3           -1.8212479750620876      
5           -237.28666516998697      
1           -0.20236088611800973     
5           -347.84237336212078      
2           -0.80944354447203892     
6           -11.657617280357208      
1           -0.20236088611800973     
1           -0.20236088611800973     
3           -1.8212479750620876      
6           -54.100530799240801      
2           -0.80944354447203892     
2           -0.80944354447203892     
6           -165.94932091740486      
4           -3.2377741778881557      
2           -46.253538321061257      
3           -1.8212479750620876      
4           -3.2377741778881557      
6           -190.8817476634903       
8           -54.410484636393477      
4           -6.3452066281233686      
3           -111.24887166384757      
7           -178.87256104526099      
2           -0.80944354447203892     
5           -87.580631183673162      
2           -0.80944354447203892     
4           -3.2377741778881557      
4           -97.98248104185349       
3           -1.8212479750620876      
2           -0.80944354447203892     
6           -25.55890002855574       
3           -1.8212479750620876      
2           -0.80944354447203892     
8           -256.31838111444114      
2           -0.80944354447203892     
4           -3.2377741778881557      
5           -133.23324716565         
1           -0.20236088611800973     
3           184.08617485471299       
5           -147.63575547656646      
3           -67.505573317415283      
6           -260.07971559329951      
4           -50.40470243133921       
6           -328.0899860170631       
0           0                        
8           -264.79158054297363      
1           -0.20236088611800973     
6           -27.272503098775868      
5           -145.59671521271551      
2           -0.80944354447203892     
3           -2.8724966334781046      
5           -15.670237819033217      
6           -69.959042181036438      
4           -3.2377741778881557      
0           0                        
2           -0.80944354447203892     
5           -286.36287448322662      
6           -105.1872598252495       
2           -0.80944354447203892     
