430 1 -4127 35 35 35
5           -224.045618442261        
4           -335.12791497084459      
1           -1.4221550714141524      
2           161.12264844439596       
4           -1311.5116808781318      
3           -40.698821873453284      
2           -5.6886202856566097      
2           -114.35025402179465      
4           -43.583957639221268      
0           0                        
8           -1448.4251895276536      
3           -265.57135209887485      
1           -1.4221550714141524      
1           -1.4221550714141524      
1           -1.4221550714141524      
2           -5.6886202856566097      
1           -1.4221550714141524      
2           -5.6886202856566097      
5           -820.50034073565939      
4           -31.496449216974952      
1           -1.4221550714141524      
7           -2261.3653503450564      
4           -27.48743060186171       
6           -2558.0279435723592      
5           -40.221496300038851      
3           -554.87847837101901      
6           -1510.1567389145723      
4           -282.92062858002549      
4           -331.73420259454457      
3           -160.87912819367264      
5           -130.54079927159171      
4           -978.43716421423778      
7           -890.91272722566305      
5           -129.45535055999807      
4           -28.271910824054931      
2           -18.548746098919914      
4           -23.483552061311915      
0           0                        
4           -387.42935004824312      
2           -5.6886202856566097      
1           -1.4221550714141524      
0           0                        
5           -926.54024322361556      
6           -639.40075967054941      
1           -1.4221550714141524      
2           -5.6886202856566097      
0           0                        
2           -5.6886202856566097      
1           -1.4221550714141524      
5           -1042.8785565594762      
1           -1.4221550714141524      
3           -104.63281282586433      
0           0                        
8           -1246.644671468764       
8           -2698.1111028107607      
10          -1851.2765505645871      
5           -854.74449022975466      
3           -42.213844188063263      
7           -958.72111292427769      
8           -2133.4819483246079      
4           -180.93838318714316      
3           -284.61661699195855      
3           -12.799395642727369      
4           -23.640964599895277      
3           -406.63731375082529      
1           -1.4221550714141524      
3           -14.880772042451973      
5           -40.843659642281899      
8           -736.17099804146892      
3           -12.799395642727369      
1           -1.4221550714141524      
8           -3991.3077266988366      
3           -12.799395642727369      
8           -1541.1860557337852      
1           -1.4221550714141524      
5           -93.506400159288347      
2           -355.49250505984611      
5           -68.049693500545686      
3           -18.536344866130744      
3           -12.799395642727369      
6           -608.67364599322832      
6           -398.32952895078108      
3           -12.799395642727369      
2           -5.6886202856566097      
4           -71.352312382386245      
4           -67.947955928643182      
1           -1.4221550714141524      
5           -276.96910099747907      
2           -5.6886202856566097      
0           0                        
3           -12.799395642727369      
3           -286.92868181040376      
2           -5.6886202856566097      
4           -23.930113392744087      
5           -166.50918914743096      
5           -1136.8070447812936      
5           -99.957856244092994      
5           -49.248127296019774      
1           -1.4221550714141524      
5           -35.553876785353808      
2           -369.45051241243539      
