430 1 -4127 35 35 35
4           -90.068108107147765      
3           -12.582130137348038      
7           -236.0529845527565       
0           0                        
9           -984.645215564713        
2           -12.889361360527253      
10          -1322.7738037024667      
6           -1494.0587294586815      
2           -5.5920578388213498      
1           -1.3980144597053374      
2           -5.5920578388213498      
1           -1.3980144597053374      
1           -1.3980144597053374      
2           -5.5920578388213498      
1           -1.3980144597053374      
2           -5.5920578388213498      
5           -632.44335411969712      
6           -242.89123245895212      
3           -1076.0745565469254      
8           -440.01449149136897      
3           -409.21201984045666      
2           -78.115639415489255      
4           -45.639262586131473      
6           -613.6029870601875       
1           -1.3980144597053374      
0           0                        
3           -426.60922511911775      
0           0                        
3           -14.679530803150421      
2           -5.5920578388213498      
5           -304.49635727610905      
3           -132.47602413499087      
3           -345.08046420490348      
7           -673.24933005104958      
4           -727.89341288680293      
2           -5.5920578388213498      
5           -182.21096223048716      
2           -76.788706132402396      
3           -89.576245844282141      
5           -195.40420693926956      
3           -12.582130137348038      
2           -5.5920578388213498      
5           -237.92299682206669      
3           -12.582130137348038      
3           -120.81124014980193      
2           -9.1247565522193099      
2           -5.5920578388213498      
5           -1054.6574098123729      
5           -42.883008283570355      
4           -133.37371192133747      
6           -51.058710006920165      
4           -293.78190032506984      
4           -194.46423630795795      
4           -22.368231355285399      
4           -22.368231355285399      
1           -1.3980144597053374      
3           -12.582130137348038      
6           -1392.8440803698622      
3           -12.582130137348038      
14          -5326.9551550516262      
3           -12.582130137348038      
4           -23.935150923469113      
3           -12.582130137348038      
4           -63.481123709720833      
4           -25.85151982899357       
3           -17.222314088376798      
4           -119.86198149956483      
7           -700.85848884960797      
1           -1.3980144597053374      
2           -120.26355723638108      
2           -10.466214676517296      
3           -784.71797083483125      
2           -5.5920578388213498      
0           0                        
8           -1484.5806866922874      
3           -211.08067702878668      
4           -49.866520698104651      
5           -689.23909154602995      
3           -513.27010675162001      
2           -5.5920578388213498      
1           -1.3980144597053374      
3           -640.75767447666999      
4           -22.368231355285399      
6           -412.91317580358702      
7           -1012.4180297112742      
6           -192.17732414363664      
0           0                        
6           -103.40779667290273      
4           -22.368231355285399      
3           -16.186031892943994      
4           -103.66007905573764      
2           -5.5920578388213498      
5           -44.160827261389514      
3           -12.582130137348038      
5           -224.35678473747319      
1           -1.3980144597053374      
2           -5.5920578388213498      
3           -12.582130137348038      
2           -5.5920578388213498      
3           -65.349489868993743      
2           -5.5920578388213498      
