430 1 -4127 35 35 35
5           -64.488514964154888      
2           -5.7663389823942781      
1           -1.4415847455985695      
4           -1003.8979320265418      
3           -12.974262710387126      
3           -12.974262710387126      
5           -91.021486493142532      
1           -1.4415847455985695      
0           0                        
6           -83.558491501929836      
4           -33.090862921042898      
5           -322.73723879493741      
3           -194.77005048507465      
4           -821.15493536917006      
4           -552.33852082281044      
4           -37.636590370269381      
2           -10.787615307803879      
2           -5.7663389823942781      
5           -45.643220400963891      
6           -995.01719555726527      
0           0                        
5           -713.65844307189423      
7           -1541.6732077329191      
4           -23.065355929577112      
2           -5.7663389823942781      
1           -1.4415847455985695      
4           -2089.2456791858294      
5           -834.81707838775515      
4           -130.18342911863476      
3           -877.7878628315633       
2           -5.7663389823942781      
0           0                        
0           0                        
1           -1.4415847455985695      
1           -1.4415847455985695      
3           -26.249759218250844      
2           -5.7663389823942781      
4           -319.39668528686622      
6           -2246.1870248308733      
9           -486.93336566035049      
5           -511.38914483567055      
5           -1078.840943605514       
5           -823.98078039134975      
4           -84.612703387655259      
3           -321.38710087166993      
2           -5.7663389823942781      
3           -271.17242937609456      
3           186.14781536677751       
1           -1.4415847455985695      
4           -287.47626316265524      
9           -3730.3042049726932      
2           -5.7663389823942781      
4           -79.73223114055412       
4           -173.97219985537728      
2           -25.303436364436354      
3           -855.96359615905533      
5           -990.39919265186961      
4           -23.065355929577112      
1           -1.4415847455985695      
7           -468.04222082743291      
1           -1.4415847455985695      
2           -5.7663389823942781      
6           -774.15554932428245      
9           -2106.9506433771548      
4           -32.066165896787503      
2           -86.550286228470085      
2           -5.7663389823942781      
6           -411.25794257737908      
5           -143.6950383612577       
2           -481.22172881065876      
3           -482.14687744073689      
1           -1.4415847455985695      
4           -310.38211549942952      
2           -5.7663389823942781      
7           -626.07242993296813      
1           -1.4415847455985695      
3           -12.974262710387126      
3           -12.974262710387126      
2           -19.069349407474192      
5           -710.77974090363955      
3           -12.974262710387126      
3           -751.35560272035445      
5           -102.01935383153543      
3           -12.974262710387126      
1           -1.4415847455985695      
3           -129.67839582692577      
3           -59.665108221054538      
2           -5.7663389823942781      
8           -3077.7525192956641      
3           -74.030584731316068      
0           0                        
7           -479.13226246673565      
7           -657.16668771049308      
5           -140.0607309344494       
5           -340.83358415266741      
3           -31.818987133921866      
6           -248.68473816609054      
3           -16.464860709337067      
3           -12.974262710387126      
4           -29.407653394422169      
5           -42.544800226923009      
