430 1 -4127 35 35 35
5           -41.418391832064003      
0           0                        
3           -12.974262710387126      
5           -74.468222640987022      
2           -5.7663389823942781      
2           -5.7663389823942781      
4           -975.20277711435904      
3           -14.352274330743306      
1           -1.4415847455985695      
1           -1.4415847455985695      
4           -263.17361688181705      
3           -101.66828381049696      
3           -12.974262710387126      
1           -1.4415847455985695      
0           0                        
4           -212.12476038397492      
7           -644.3578138219757       
4           -205.33886626988499      
2           -5.7663389823942781      
2           -5.7663389823942781      
3           -12.974262710387126      
3           -202.36536144616767      
6           -956.92307840999104      
6           -1010.5697542914567      
8           -2207.2294267020216      
4           -2198.1887722636748      
2           -5.7663389823942781      
4           -291.04162564580241      
4           -29.850311623247876      
6           -1114.1576453473608      
0           0                        
1           -1.4415847455985695      
3           -196.72897488007308      
2           -5.7663389823942781      
0           0                        
6           -1771.5745956683809      
2           -5.7663389823942781      
3           -14.017828875573624      
3           -700.50741785390949      
7           -1123.8245091248568      
2           -5.7663389823942781      
2           -5.7663389823942781      
1           -1.4415847455985695      
3           -64.401959636114242      
3           -18.345912677368105      
4           -83.291171240545879      
2           -5.7663389823942781      
4           -321.59638563869771      
2           -5.7663389823942781      
1           -1.4415847455985695      
1           -1.4415847455985695      
2           -5.7663389823942781      
2           -5.7663389823942781      
2           -5.7663389823942781      
4           -344.60224263414         
2           -5.7663389823942781      
3           -99.322433891518017      
3           -12.974262710387126      
7           -981.19757001435937      
1           -1.4415847455985695      
2           -5.7663389823942781      
4           -197.76803614089334      
0           0                        
4           -35.138452313903031      
2           -91.347315589071457      
3           -12.974262710387126      
4           -99.323065099806385      
7           -239.44472345540919      
3           -30.327670392241902      
2           -5.7663389823942781      
1           -1.4415847455985695      
4           -32.181608796678766      
3           -866.7522002371104       
4           -79.492551926042253      
5           -658.21564401879027      
4           -69.344853935203773      
9           -1300.224441318715       
3           -432.73284396729935      
10          -3250.4916905032687      
7           -610.4961774632734       
5           -2021.7012349845959      
5           -978.45381145104056      
4           -67.31611628015267       
5           -316.37313711563758      
2           -5.7663389823942781      
3           -457.32925457681512      
2           -21.934922199527247      
3           -64.782640896381594      
2           -5.7663389823942781      
3           -12.974262710387126      
1           -1.4415847455985695      
1           -1.4415847455985695      
5           -1452.7975435323297      
6           -580.51780273331167      
4           -515.21796656531353      
4           -23.065355929577112      
7           -86.424251831443911      
0           0                        
3           -12.974262710387126      
3           -12.974262710387126      
2           -49.722959827739423      
