430 1 -4127 35 35 35
1           -0.54612738881350809     
4           -11.198095378603798      
3           -31.245135896087852      
3           -4.9151464993215725      
1           -0.54612738881350809     
2           -2.1845095552540323      
2           -18.341152156846821      
1           -0.54612738881350809     
2           -2.1845095552540323      
7           -327.7515512155864       
8           -1295.8593731029935      
3           -22.241257098260881      
4           -331.61592779308262      
3           -4.9151464993215725      
2           -203.39978184231941      
2           -332.18046992258058      
2           -2.1845095552540323      
2           -2.1845095552540323      
7           -823.23133202299618      
7           -85.990199945309016      
5           -605.9890648975263       
0           0                        
5           -13.6531847203377        
2           -2.1845095552540323      
4           -35.507375478809934      
2           -2.1845095552540323      
2           -2.1845095552540323      
3           -4.9151464993215725      
12          -946.39484917757454      
5           -207.81534755847986      
10          -531.69637663155231      
8           -51.430538099175038      
4           -8.7380382210161294      
6           -86.065583854041861      
2           -155.91537054562971      
3           -4.9151464993215725      
2           -372.53787196818996      
1           -0.54612738881350809     
5           -233.4361397104272       
8           -370.54724419052309      
9           -459.75958420751323      
4           -8.7380382210161294      
4           -263.6606327019652       
7           -270.32846491854286      
5           -99.597615530332419      
2           -2.1845095552540323      
2           -2.1845095552540323      
3           -14.017877654947922      
5           -447.99959238823146      
2           -2.1845095552540323      
6           -402.32683743271298      
0           0                        
1           -0.54612738881350809     
7           -294.49237409980418      
1           -0.54612738881350809     
4           -307.36479839850017      
2           -2.1845095552540323      
1           -0.54612738881350809     
3           -4.9151464993215725      
4           -434.25232895997158      
3           134.04355920317417       
6           -662.03996130798953      
4           -8.7380382210161294      
0           0                        
1           -0.54612738881350809     
4           -12.304877000693438      
1           -0.54612738881350809     
2           -2.1845095552540323      
2           -14.368111069573736      
6           -21.267192907366741      
2           -20.4768598436563        
1           -0.54612738881350809     
5           -13.6531847203377        
0           0                        
5           -13.6531847203377        
3           -19.597488816971563      
2           -2.1845095552540323      
2           -2.1845095552540323      
4           -213.81088792386376      
3           -4.9151464993215725      
1           -0.54612738881350809     
5           -30.495782758547762      
2           -2.1845095552540323      
5           -219.64134730773273      
4           -55.407137849134699      
1           -0.54612738881350809     
3           -4.9151464993215725      
1           -0.54612738881350809     
3           -4.9151464993215725      
2           -4.1792793584988024      
1           -0.54612738881350809     
3           -8.8080513786186252      
3           -4.9151464993215725      
5           -188.16226348635331      
3           -4.9151464993215725      
1           -0.54612738881350809     
10          -602.0380568650379       
3           -4.9151464993215725      
3           -4.9151464993215725      
7           -155.64915777337865      
4           -133.76607761634406      
