430 1 -4127 35 35 35
8           -227.29890603667141      
3           -1.764339832991862       
5           -44.048255419062208      
1           -0.19603775922131797     
5           -98.64093623037644       
0           0                        
4           -5.7948528828015586      
5           -8.6476621687757671      
1           -0.19603775922131797     
2           -0.78415103688527188     
6           -21.868315328201668      
5           -9.9935890477208389      
7           -135.81336739347643      
7           -156.19047930280314      
4           -46.354651037055206      
2           -2.4716808941985904      
1           -0.19603775922131797     
3           -1.764339832991862       
3           -1.764339832991862       
6           -52.484902546689014      
3           -1.764339832991862       
6           -122.95306737990374      
5           -82.241300421544267      
5           -101.59870977553201      
6           42.433288065877612       
5           -215.82384146999948      
2           -0.78415103688527188     
2           -0.78415103688527188     
5           -35.516216909967035      
2           -0.78415103688527188     
2           -0.78415103688527188     
5           -134.11779215361847      
6           -163.19218423515963      
5           -67.701753135363248      
2           -0.78415103688527188     
0           0                        
2           -0.78415103688527188     
2           -0.78415103688527188     
4           -306.24295120886165      
3           -1.764339832991862       
3           -1.764339832991862       
5           -28.774270293230003      
5           66.33413777731694        
5           -4.9009439805329498      
2           -0.78415103688527188     
3           -1.764339832991862       
3           -1.764339832991862       
4           -3.1366041475410875      
5           -6.5100356418592469      
0           0                        
6           -351.02805106039858      
0           0                        
3           -5.2127822303631124      
5           -22.869417363874714      
4           -21.944918880173539      
4           -352.90251382671056      
0           0                        
3           -1.764339832991862       
3           -19.981824562982151      
5           324.07342995626067       
4           -98.596408043499494      
1           -0.19603775922131797     
3           -1.764339832991862       
5           -8.2095040099891143      
4           -10.666294047877724      
1           -0.19603775922131797     
4           -44.259018530767534      
4           -3.1366041475410875      
3           32.392995082461496       
4           -3.1366041475410875      
4           -3.1366041475410875      
3           -34.629859597284586      
4           -8.8829421293765627      
3           -5.0794876803454567      
1           -0.19603775922131797     
8           -197.97328367967776      
6           -16.061419046050851      
2           -55.279816469765642      
2           -0.78415103688527188     
1           -0.19603775922131797     
1           -0.19603775922131797     
1           -0.19603775922131797     
4           -249.36298947440159      
4           -91.794641895095708      
3           -376.26501872200566      
2           -0.78415103688527188     
2           -0.78415103688527188     
2           -96.310734518652069      
0           0                        
4           -3.1366041475410875      
5           -30.367009539526226      
2           -0.78415103688527188     
1           -0.19603775922131797     
5           -91.168048511506015      
2           -20.862451897067924      
3           -1.764339832991862       
6           76.417308187635953       
12          -725.50716849891239      
4           -68.370668792897803      
1           -0.19603775922131797     
3           -2.8833463066584617      
