430 1 -4127 35 35 35
2           -0.78415103688527188     
4           -3.1366041475410875      
3           -1.764339832991862       
1           -0.19603775922131797     
5           -7.3788728166312865      
2           -0.78415103688527188     
2           -0.78415103688527188     
3           -1.764339832991862       
2           -3.7742145224101487      
3           -37.243308878151566      
1           -0.19603775922131797     
1           -0.19603775922131797     
4           -3.1366041475410875      
0           0                        
4           -53.384330211554676      
4           -16.756516117382159      
4           -201.75250753677309      
4           -3.1366041475410875      
4           -65.680148337662587      
7           -156.20771859038328      
3           -1.764339832991862       
7           -261.12219893466232      
2           -0.78415103688527188     
5           -22.61078742357207       
5           -138.46522408628101      
1           -0.19603775922131797     
2           -5.3225098306063821      
6           -217.63847770669545      
3           -6.7087836378236609      
5           -69.22618790415244       
4           -53.618231911446813      
3           -1.764339832991862       
3           -3.8787721440594911      
8           -157.88648443337678      
0           0                        
4           -27.796376541976805      
6           -64.657666710871666      
2           -0.78415103688527188     
1           -0.19603775922131797     
3           -1.764339832991862       
3           -1.764339832991862       
4           -28.682323986415522      
3           -3.9772554149129622      
1           -0.19603775922131797     
6           -23.828664839711738      
5           -43.353112441148497      
2           -4.7810600783296548      
2           -147.06859803945477      
0           0                        
0           0                        
1           -0.19603775922131797     
1           -0.19603775922131797     
4           -68.855774049498223      
0           0                        
4           -286.36638967379173      
2           -0.78415103688527188     
1           -0.19603775922131797     
5           -25.474363243600664      
2           -0.78415103688527188     
0           0                        
3           -26.11975088754463       
2           -0.78415103688527188     
2           -0.78415103688527188     
5           -13.309976048162042      
2           -4.7337851086153115      
4           -7.6341527643218754      
6           -113.39462045706213      
2           -0.78415103688527188     
2           -0.78415103688527188     
3           -184.8422527190508       
5           -74.035905232841174      
2           -0.78415103688527188     
6           -134.57529053134974      
3           -1.764339832991862       
2           -0.78415103688527188     
5           -32.816404906635306      
5           -18.045151764191129      
1           -0.19603775922131797     
4           -23.51656949204915       
5           -57.7419721445631        
2           -0.78415103688527188     
3           -3.5190025869548363      
0           0                        
2           -11.092766805245898      
2           -0.78415103688527188     
6           -17.093868973530384      
3           -1.764339832991862       
2           -0.78415103688527188     
2           -0.78415103688527188     
2           -43.998437343155089      
2           -4.0063798045478949      
7           -22.371747248382441      
0           0                        
5           -81.294508590116834      
8           -175.9138380761901       
3           -2.8442930676578744      
10          -240.32927020021003      
1           -0.19603775922131797     
5           -92.413341310653053      
2           -0.78415103688527188     
2           -10.239933701694888      
