430 1 -4127 35 35 35
5           -6.1717795152820312      
0           0                        
3           -1.764339832991862       
5           -11.403326973645404      
2           -0.78415103688527188     
2           -0.78415103688527188     
4           -210.40335440058323      
3           -3.0992988243274109      
1           -0.19603775922131797     
1           -0.19603775922131797     
4           -23.119980571981497      
3           -20.697172336361263      
3           -1.764339832991862       
1           -0.19603775922131797     
0           0                        
4           -20.127959216939782      
7           -161.3108847719995       
4           -37.977544742312816      
2           -0.78415103688527188     
2           -0.78415103688527188     
3           -1.764339832991862       
3           -59.375977415896628      
6           -66.29298718995193       
6           -75.316598237285291      
8           -239.97852954729754      
4           -323.40922086382011      
2           -0.78415103688527188     
4           -52.297239280547508      
4           -4.5520952043506107      
6           -167.34160127897988      
0           0                        
1           -0.19603775922131797     
3           -21.333828484739882      
2           -0.78415103688527188     
0           0                        
6           -191.5222312478339       
2           -0.78415103688527188     
3           -2.7753004034368778      
3           -111.73533654089198      
7           -132.33041840893227      
2           -0.78415103688527188     
2           -0.78415103688527188     
1           -0.19603775922131797     
3           -9.462925246023266       
3           -4.1451138642680609      
4           -25.357033517020312      
2           -0.78415103688527188     
4           -126.47576790304734      
2           -0.78415103688527188     
1           -0.19603775922131797     
1           -0.19603775922131797     
2           -0.78415103688527188     
2           -0.78415103688527188     
2           -0.78415103688527188     
4           -48.512355860789945      
2           -0.78415103688527188     
3           -24.114629291328917      
3           -1.764339832991862       
7           -179.76793397867337      
1           -0.19603775922131797     
2           -0.78415103688527188     
4           -23.646498435635301      
0           0                        
4           -4.241020134673871       
2           -18.542893144955588      
3           -1.764339832991862       
4           -8.286241974787723       
7           -44.375283115895591      
3           -5.8415357602137234      
2           -0.78415103688527188     
1           -0.19603775922131797     
4           -6.0651503311796722      
3           -57.196023626394606      
4           -7.7491161509160431      
5           -89.5574964877989        
4           -22.544248512461216      
9           40.954216501472885       
3           -31.057259918955893      
10          -618.86097256693995      
7           -119.04031647187728      
5           -250.72726543924827      
5           -59.981350986183564      
4           -10.439228344623025      
5           -89.171930437768651      
2           -0.78415103688527188     
3           -80.508478899828617      
2           -3.0465127317174758      
3           -21.88307196157626       
2           -0.78415103688527188     
3           -1.764339832991862       
1           -0.19603775922131797     
1           -0.19603775922131797     
5           -276.36513773557954      
6           -96.280480815005561      
4           -127.3349821363874       
4           -3.1366041475410875      
7           -14.012262317871226      
0           0                        
3           -1.764339832991862       
3           -1.764339832991862       
2           -14.397950295099038      
