430 1 -4127 35 35 35
5           -74.558227569358408      
4           -158.37172967868614      
1           -0.54612738881350809     
2           539.53770064304024       
4           -458.29966469460754      
3           -12.741831245846949      
2           -2.1845095552540323      
2           -39.641241571582867      
4           -13.798578962826747      
0           0                        
8           -567.39819699075656      
3           -145.87771208663005      
1           -0.54612738881350809     
1           -0.54612738881350809     
1           -0.54612738881350809     
2           -2.1845095552540323      
1           -0.54612738881350809     
2           -2.1845095552540323      
5           -267.37214857513493      
4           -9.6582384687479355      
1           -0.54612738881350809     
7           -915.435900541671        
4           -8.7380382210161294      
6           -1225.7955739665467      
5           -13.6531847203377        
3           -199.96211630110068      
6           -691.27968290493038      
4           -101.16852012433903      
4           -79.390153920872066      
3           -37.190438039852019      
5           -35.234652672224748      
4           -290.6163759626528       
7           -263.52388518070472      
5           -37.683120013208367      
4           -9.5293185638028426      
2           -5.1277967030322236      
4           -9.4562160372513482      
0           0                        
4           69.77691717090606        
2           -2.1845095552540323      
1           -0.54612738881350809     
0           0                        
5           -477.73284353008069      
6           -34.129372460596002      
1           -0.54612738881350809     
2           -2.1845095552540323      
0           0                        
2           -2.1845095552540323      
1           -0.54612738881350809     
5           -547.86593833249356      
1           -0.54612738881350809     
3           -48.870036140419039      
0           0                        
8           -472.69174905227516      
8           -910.62884501264955      
10          -544.59333529221351      
5           -282.08963076049372      
3           -10.830001666524804      
7           -318.00597059898445      
8           -886.36247339971021      
4           -62.330551809517004      
3           -149.03531999795419      
3           -4.9151464993215725      
4           -8.7380382210161294      
3           -107.98074547482065      
1           -0.54612738881350809     
3           -4.9151464993215725      
5           -13.6531847203377        
8           -356.82071399964178      
3           -4.9151464993215725      
1           -0.54612738881350809     
8           -1754.941305969151       
3           -4.9151464993215725      
8           -650.92280948448661      
1           -0.54612738881350809     
5           -21.278074738194391      
2           -111.06379907096238      
5           -20.971345938195682      
3           -7.6700700296264195      
3           -4.9151464993215725      
6           -153.2364626437741       
6           -111.65071425313059      
3           -4.9151464993215725      
2           -2.1845095552540323      
4           -18.004316179032884      
4           -18.248157784822755      
1           -0.54612738881350809     
5           -136.06719411051341      
2           -2.1845095552540323      
0           0                        
3           -4.9151464993215725      
3           -66.023296932366634      
2           -2.1845095552540323      
4           -8.7380382210161294      
5           -28.715697778934043      
5           -545.22260490640701      
5           -27.803916378922111      
5           -13.6531847203377        
1           -0.54612738881350809     
5           -13.6531847203377        
2           -74.56744196752858       
