430 1 -4127 35 35 35
8           -336.32571800214527      
1           -0.20236088611800973     
1           -0.20236088611800973     
2           -0.80944354447203892     
6           -52.266381777763939      
3           -64.464421868733524      
1           -0.20236088611800973     
3           -1.8212479750620876      
7           -294.37818709469451      
5           -7.8131866740380449      
1           -0.20236088611800973     
2           -0.80944354447203892     
6           -332.69513530860172      
7           -231.13202309450477      
3           -1.8212479750620876      
5           -24.83561268125262       
7           -32.399528737946618      
2           -72.301455509421089      
1           -0.20236088611800973     
2           -0.80944354447203892     
3           -1.8212479750620876      
4           -14.98796379639505       
8           -223.38063990371546      
2           -0.80944354447203892     
3           493.95706864353707       
3           -1.8212479750620876      
4           -106.37480843600206      
4           -12.369810368895873      
7           -113.25191332941894      
6           -307.84193181377327      
3           -3.0461770032577893      
2           -0.80944354447203892     
3           -224.25345223693617      
5           -52.676758057133917      
4           -4.6055347340379349      
2           -0.80944354447203892     
3           -1.8212479750620876      
3           -4.9190971874137155      
2           -0.80944354447203892     
7           -93.007857729328592      
1           -0.20236088611800973     
3           -4.3396897431560326      
4           -20.07936198565665       
3           -1.8212479750620876      
4           -6.9372932370616454      
2           -10.772866040708966      
7           -63.585271723091672      
7           -241.81792649875445      
3           -41.774241631540015      
4           -10.885130909255398      
10          -640.80096569991156      
3           -8.1122548758565003      
2           -0.80944354447203892     
2           -0.80944354447203892     
3           -7.4623955029391604      
10          -446.60266868005391      
2           -3.7274078501354602      
3           -1.8212479750620876      
3           -93.114218435823048      
4           -3.2377741778881557      
5           -117.81654689243338      
4           -66.975269350863584      
4           -121.77699559067213      
6           -17.550731042003953      
6           -28.294319932185942      
3           -1.8212479750620876      
2           -0.80944354447203892     
1           -0.20236088611800973     
2           -0.80944354447203892     
1           -0.20236088611800973     
1           -0.20236088611800973     
3           -1.8212479750620876      
3           -1.8212479750620876      
4           -5.0541661607082933      
3           -4.1311780894035568      
6           -12.909789249014         
3           -7.4965100743489916      
6           -32.413697620325216      
3           -126.38279619161116      
2           -0.80944354447203892     
3           -10.785369124089456      
5           -247.13236017315347      
3           -1.8212479750620876      
5           -16.122249554978637      
5           -23.377899421781443      
1           -0.20236088611800973     
2           -128.93591641293935      
6           -128.97218327027238      
6           -106.94101856097643      
5           -90.815765007290295      
4           -4.8434063195769852      
3           -4.0535858405677399      
2           -0.80944354447203892     
2           -0.80944354447203892     
5           -7.2562212586468471      
3           -1.8212479750620876      
5           -8.9622222602953947      
5           -29.686279411438612      
3           -1.8212479750620876      
1           -0.20236088611800973     
1           -0.20236088611800973     
