430 1 -4127 35 35 35
3           -4.9151464993215725      
8           -967.93072641312244      
4           -8.7380382210161294      
1           -0.54612738881350809     
0           0                        
2           -2.1845095552540323      
3           -51.269956165068542      
2           -101.88529840119665      
6           -754.4067539903466       
2           -2.1845095552540323      
1           -0.54612738881350809     
2           -39.682164397436999      
4           -8.7380382210161294      
4           -86.495637915122089      
5           -1059.8501872420604      
5           -37.788490185890467      
2           -2.9056712104041789      
5           -89.7857508802186        
4           -8.7380382210161294      
1           -0.54612738881350809     
3           -4.9151464993215725      
4           -8.7380382210161294      
2           -11.73446052712816       
2           -2.1845095552540323      
9           -224.78227491709669      
6           -39.08838574679946       
7           -579.06060013847048      
8           -1254.6858579674581      
8           -318.64387643132676      
1           -0.54612738881350809     
0           0                        
1           -0.54612738881350809     
0           0                        
4           -12.576613385622121      
3           -4.9151464993215725      
3           -14.648446869574153      
3           -52.147170047352056      
3           -4.9151464993215725      
10          -588.18406271497213      
2           -2.1845095552540323      
6           -398.1810231775886       
4           -22.104071430337488      
2           -247.96145464200387      
4           -8.7380382210161294      
2           -2.9249181052800863      
5           -188.95243252125127      
3           -266.27028131363159      
3           -4.9151464993215725      
2           -2.1845095552540323      
2           -2.1845095552540323      
7           -425.17079413290219      
7           -143.26556249412343      
4           -8.7380382210161294      
0           0                        
6           -94.089952747301496      
2           -40.28859019208415       
2           -2.1845095552540323      
4           -97.485795102101591      
4           -235.18706555946846      
6           -168.76079685930421      
4           -44.65402024910189       
10          -806.67791352669167      
2           -2.1845095552540323      
1           -0.54612738881350809     
2           -2.1845095552540323      
4           -10.618131746942318      
3           -4.9151464993215725      
1           -0.54612738881350809     
5           -67.989038700108978      
5           -78.202859323523612      
9           -560.27180441792711      
1           -0.54612738881350809     
2           -2.1845095552540323      
5           -64.1342525530697        
3           -231.5722380752988       
3           -4.9151464993215725      
2           -2.1845095552540323      
4           -112.50463290569633      
4           -357.62724968463925      
3           -4.9151464993215725      
1           -0.54612738881350809     
4           -268.10927457276972      
3           -17.89706178916262       
4           -167.57291553372164      
2           -6.777569903548514       
2           -2.1845095552540323      
3           -4.9151464993215725      
5           -23.258203845608662      
4           -55.640454664749299      
2           -2.1845095552540323      
2           -2.1845095552540323      
7           -1211.2861134423333      
6           -592.95120376057969      
7           -268.44332927972363      
0           0                        
4           -74.398380376341606      
4           -383.8598756171167       
2           -2.1845095552540323      
4           -533.90700212556203      
7           -446.93315823781774      
4           -195.39884147413289      
