430 1 -4127 35 35 35
3           -105.17071851333623      
2           -0.80944354447203892     
0           0                        
3           -1.8212479750620876      
3           -1.8212479750620876      
4           -30.024962684661247      
3           -3.9700047054722569      
4           -3.2377741778881557      
8           -63.775466467711709      
2           -0.80944354447203892     
3           -7.1659521840566107      
3           -1.8212479750620876      
7           -58.642808340406745      
7           -162.81334787806017      
2           -2.7263500854907896      
4           -7.0792009824075421      
4           -116.88608375372445      
3           -5.3130592054344881      
1           -0.20236088611800973     
2           -0.80944354447203892     
2           -0.80944354447203892     
3           -1.8212479750620876      
6           -463.80266227680102      
7           -42.160982577624146      
4           -3.2377741778881557      
1           -0.20236088611800973     
2           -12.355648447414151      
2           -0.80944354447203892     
3           -16.77092782395378       
2           -11.400733263188123      
9           -356.87488281172534      
6           -16.622480581896163      
2           -8.8677695083970445      
2           -4.444450708315494       
3           -4.8810990997790551      
5           -57.447518307112141      
1           -0.20236088611800973     
2           -0.80944354447203892     
2           -0.80944354447203892     
3           -3.4328976714944117      
3           -1.8212479750620876      
0           0                        
3           -13.678823866742235      
4           -102.52833019396846      
3           -11.998958545992421      
4           -9.9399677456039672      
2           -0.80944354447203892     
7           -162.52634151116072      
5           98.303440982769402       
2           -0.80944354447203892     
2           -0.80944354447203892     
5           -132.42977035539647      
3           -57.761973837835988      
5           -6.147972008726196       
1           -0.20236088611800973     
1           -0.20236088611800973     
0           0                        
2           -0.80944354447203892     
6           -168.83106800010904      
2           -0.80944354447203892     
2           -130.42515391939426      
3           -1.8212479750620876      
3           -49.764158988458213      
3           -1.8212479750620876      
4           -92.196351256995371      
4           -3.2377741778881557      
2           -0.80944354447203892     
5           -266.72897975759093      
4           -237.29762003779791      
6           -121.49083752393022      
10          -146.85488845380473      
3           -71.681846483709492      
5           -8.3236989569894195      
8           -252.8129138298516       
3           -8.8775634823169263      
4           -225.11085602894741      
3           -1.8212479750620876      
2           -0.80944354447203892     
3           -1.8212479750620876      
4           -8.6792814313503932      
3           -3.7412082141262264      
7           -295.26586224092563      
3           -47.565840631875297      
3           -1.8212479750620876      
2           -0.80944354447203892     
7           -105.61403840316613      
2           -0.80944354447203892     
2           -0.80944354447203892     
1           -0.20236088611800973     
10          -615.41665675955039      
4           -3.2377741778881557      
3           -1.8212479750620876      
4           -3.2377741778881557      
3           -35.318718473735842      
2           -0.80944354447203892     
7           -87.058323611054661      
2           -34.010062574663579      
3           -36.767506155356976      
5           -179.83424444797944      
3           -1.8212479750620876      
4           101.49407799099215       
