430 1 -4127 35 35 35
3           -12.974262710387126      
5           -74.644207384436186      
9           -1431.3382427130591      
6           -352.80243769529613      
6           -644.81695330164632      
4           -241.29908835925536      
2           -5.7663389823942781      
5           -742.42453480308518      
4           -31.33586639091142       
1           -1.4415847455985695      
7           -593.14241944086098      
1           -1.4415847455985695      
2           -5.7663389823942781      
5           -36.039618639964239      
1           -1.4415847455985695      
8           -915.65357704404755      
1           -1.4415847455985695      
2           -5.7663389823942781      
5           -550.75402044614736      
4           -23.065355929577112      
1           -1.4415847455985695      
3           -12.974262710387126      
2           -5.7663389823942781      
2           -5.7663389823942781      
1           -1.4415847455985695      
2           -5.7663389823942781      
4           -125.18310666690199      
3           -43.049759722728908      
1           -1.4415847455985695      
2           -5.7663389823942781      
4           -180.50505049196835      
6           -618.25458055604588      
4           -413.53204084729225      
2           -5.7663389823942781      
2           -5.7663389823942781      
5           -153.86230524872448      
4           -1440.8010323905205      
2           -5.7663389823942781      
2           -5.7663389823942781      
3           -12.974262710387126      
2           -5.7663389823942781      
3           -44.600999330370769      
4           -33.469497379890306      
4           -23.065355929577112      
0           0                        
1           -1.4415847455985695      
3           -12.974262710387126      
5           -203.24850213458188      
3           -689.99670956185969      
0           0                        
3           -61.066419672771246      
2           -513.51356329357998      
5           -1022.1541824404568      
1           -1.4415847455985695      
5           -1507.2580576771891      
1           -1.4415847455985695      
4           -24.033978047891633      
2           -5.7663389823942781      
1           -1.4415847455985695      
7           -2547.4800557237054      
3           -724.73778996267322      
5           -1047.9440981603059      
5           -1302.0044367329619      
6           -1924.9764623543024      
1           -1.4415847455985695      
4           -527.6244191795638       
3           -12.974262710387126      
2           -5.7663389823942781      
3           -12.974262710387126      
1           -1.4415847455985695      
1           -1.4415847455985695      
2           -5.7663389823942781      
2           -397.12592390579647      
2           -10.630969662715668      
6           -1191.450438925227       
2           -5.7663389823942781      
3           -12.974262710387126      
3           -79.141529432501571      
1           -1.4415847455985695      
2           -5.7663389823942781      
1           -1.4415847455985695      
3           -12.974262710387126      
4           -473.86576257690291      
2           -5.7663389823942781      
3           -215.45749483855965      
1           -1.4415847455985695      
3           -12.974262710387126      
5           -1321.6137337292746      
2           -5.7663389823942781      
8           -669.82974755689679      
4           -91.099168778613404      
0           0                        
0           0                        
6           -1741.2576336744644      
2           -5.7663389823942781      
2           -47.169362421747223      
3           -12.974262710387126      
4           -1119.6274905927187      
4           -43.967687246690346      
3           -15.610349817082408      
6           -110.51629184076219      
