430 1 -4127 35 35 35
6           -82.555499967337795      
5           -25.604040509956135      
2           -24.396899800050885      
7           -154.7847491565262       
7           -160.74590742980703      
5           -19.747565680501502      
4           -141.40292302823141      
4           -119.02740974011282      
2           -0.80944354447203892     
5           -279.87343596367566      
3           -1.8212479750620876      
1           -0.20236088611800973     
3           -1.8212479750620876      
3           -118.85194394262719      
3           -90.098314127848241      
3           -2.9736377493574455      
4           -137.06878272400127      
3           -4.3443960288945931      
7           -23.409394266878998      
5           -355.34548323119799      
3           -1.8212479750620876      
4           -6.7238205046925952      
4           -216.6397614261472       
4           -3.2377741778881557      
2           -0.80944354447203892     
4           -4.8155253601750072      
7           -65.650511180677867      
5           -116.67233273347016      
1           -0.20236088611800973     
1           -0.20236088611800973     
4           -3.2377741778881557      
4           -7.9433262121427131      
4           -46.747753606027473      
3           -3.5232781434741356      
6           -24.205993427651521      
10          -256.06660548577372      
1           -0.20236088611800973     
3           -73.444159840629467      
3           -1.8212479750620876      
1           -0.20236088611800973     
7           -157.8430061062711       
5           -30.179557659262159      
0           0                        
4           -120.60709264898514      
5           -126.0473225339979       
3           -68.444860275317581      
3           -66.232197220487464      
9           -105.21606566952747      
3           -1.8212479750620876      
4           -12.907586636059071      
2           -86.966335738495161      
3           -4.0855022744958518      
3           -1.8212479750620876      
8           -50.515968533978096      
2           -0.80944354447203892     
4           -5.3977277346565042      
1           -0.20236088611800973     
3           -154.77674887475064      
6           -236.51083045532025      
2           -0.80944354447203892     
0           0                        
6           -68.131169082283833      
6           -29.282974520958231      
3           -4.7613054262883185      
6           -139.46538175035187      
8           -84.429853691171346      
2           -0.80944354447203892     
7           -136.54475728223758      
4           -13.090998361634691      
2           -0.80944354447203892     
7           -159.69077055183183      
2           -0.80944354447203892     
1           -0.20236088611800973     
2           -0.80944354447203892     
4           -13.172990999073331      
5           -128.4093568955515       
1           -0.20236088611800973     
0           0                        
2           -0.80944354447203892     
5           -6.1082983489652092      
5           -45.440976800741751      
0           0                        
4           -161.45547827465563      
6           -170.27664799252412      
0           0                        
2           -0.80944354447203892     
0           0                        
2           -0.80944354447203892     
4           -16.809997118001473      
4           -3.2377741778881557      
3           -5.8289099410200436      
10          -278.03609524141547      
2           -0.80944354447203892     
3           -10.516991705024049      
9           -282.05981050743577      
3           -98.974888074450291      
6           -112.32141120384082      
2           -0.80944354447203892     
3           -1.8212479750620876      
0           0                        
4           -8.2859641233753702      
