430 1 -4127 35 35 35
1           -0.56280112786218028     
3           -5.0652101507596221      
4           -9.0048180457948845      
4           -99.042388685879445      
4           -17.221724895605991      
5           -1136.4369221438569      
1           -0.56280112786218028     
2           -2.2512045114487211      
8           -575.09396381426848      
4           -19.712750009120157      
1           -0.56280112786218028     
4           -105.32380967256606      
6           -121.6376841969177       
2           -2.2512045114487211      
3           -111.39904089976392      
3           -5.0652101507596221      
4           -92.54804695737306       
3           -5.0652101507596221      
7           -687.34148767794022      
4           90.181239661934313       
3           -5.0652101507596221      
5           286.08680267081411       
2           -2.2512045114487211      
6           -23.566577712288336      
5           -73.573767930369414      
3           -44.226785739812669      
7           -69.592910154984438      
1           -0.56280112786218028     
2           -5.9419333258852634      
4           -31.549719027647221      
8           -568.85687214422649      
4           -9.0048180457948845      
5           -65.170825906587197      
8           -187.46943971030086      
2           -2.2512045114487211      
3           -5.0652101507596221      
1           -0.56280112786218028     
5           -79.064977611167393      
6           -347.9186542816127       
4           -478.03039961012001      
3           -5.0652101507596221      
8           -333.43151027972772      
5           -14.070028196554507      
3           -6.801250595911922       
5           -445.72319728106936      
3           -5.0652101507596221      
2           -2.2512045114487211      
4           -9.0048180457948845      
1           -0.56280112786218028     
3           -92.690053882152853      
6           -147.04167369705746      
4           -13.450579324322334      
5           -812.64480391106031      
2           -4.3539127857189399      
2           -256.82878786717481      
5           -14.070028196554507      
3           -5.0652101507596221      
5           -198.13656608701862      
4           -9.0048180457948845      
5           -76.925840688540589      
7           -1031.537269828885       
5           -410.58353906264523      
3           -5.0652101507596221      
1           -0.56280112786218028     
2           -2.2512045114487211      
7           -46.528309269011075      
1           -0.56280112786218028     
4           -29.970743015770683      
3           -244.94189267895442      
3           -5.0652101507596221      
3           -92.082902334302332      
8           -283.35423635797144      
3           -5.0652101507596221      
3           -5.0652101507596221      
4           -25.728558790314271      
5           -32.209780401428915      
5           -787.28409431648811      
3           -101.3809808565145       
2           -2.2512045114487211      
3           -145.1432961729621       
5           -38.527070052961875      
2           -205.46682062383772      
6           -575.17571174954969      
2           -11.02492094593884       
3           -48.922085254163406      
1           -0.56280112786218028     
4           -9.0048180457948845      
4           -38.262423178014593      
1           -0.56280112786218028     
3           -5.0652101507596221      
3           -5.0652101507596221      
3           -5.0652101507596221      
4           -19.644663589085116      
1           -0.56280112786218028     
2           -2.2512045114487211      
2           -66.604509367440315      
2           -2.2512045114487211      
10          -531.53996995453394      
1           -0.56280112786218028     
5           -405.02554044131318      
2           -2.2512045114487211      
