430 1 -4127 35 35 35
1           -1.3980144597053374      
3           -12.582130137348038      
4           -22.368231355285399      
4           -280.87121824368285      
4           -59.354931494509003      
5           -2444.2720926579086      
1           -1.3980144597053374      
2           -5.5920578388213498      
8           -1553.9914347884644      
4           -54.162991286954011      
1           -1.3980144597053374      
4           -291.12793026098325      
6           -413.58366543282216      
2           -5.5920578388213498      
3           -255.00497849285347      
3           -16.158573532593834      
4           -200.73346231238349      
3           -12.582130137348038      
7           -1565.40827735019        
4           -549.83235944202784      
3           -12.582130137348038      
5           -75.498043951286945      
2           -5.5920578388213498      
6           -78.487991631678057      
5           -230.18330212232908      
3           -162.55934449267426      
7           -381.89920722749048      
1           -1.3980144597053374      
2           -21.874233914501559      
4           -148.72122283955605      
8           -1738.3396706349681      
4           -23.455038293628736      
5           -195.72873068710572      
8           -726.94150268529734      
2           -5.5920578388213498      
3           -16.071686058181829      
1           -1.3980144597053374      
5           -202.52802553045737      
6           -1185.1735335192768      
4           -781.10206532853624      
3           -12.582130137348038      
8           -1029.591791056343       
5           -49.741195080661456      
3           -17.604502386427171      
5           -998.36291803359859      
3           -12.582130137348038      
2           -5.5920578388213498      
4           -22.368231355285399      
1           -1.3980144597053374      
3           -294.99529068965461      
6           -491.95711049947954      
4           -49.384699640986767      
5           -1713.8666534374506      
2           -18.385827539140006      
2           -808.15150851838348      
5           -36.068314348031635      
3           -12.582130137348038      
5           -738.15812683437559      
4           -22.368231355285399      
5           -206.14439593112405      
7           -3834.183511560605       
5           -104.60909833724875      
3           -12.582130137348038      
1           -1.3980144597053374      
2           -5.5920578388213498      
7           -190.35743336659428      
1           -1.3980144597053374      
4           -51.543442431053478      
3           -604.50562801525541      
3           -12.582130137348038      
3           -363.05063259468176      
8           -924.66808828376065      
3           -14.861153827170817      
3           -12.582130137348038      
4           -111.13352493909531      
5           -93.306850626641108      
5           -1651.9612745915779      
3           -584.99208596733604      
2           -5.5920578388213498      
3           -702.97383456327225      
5           -205.23380303549874      
2           -507.5054255653007       
6           -1562.9753772069391      
2           -132.13872733149907      
3           -137.06563472521344      
1           -1.3980144597053374      
4           -26.739312472184636      
4           -104.31349047159934      
1           -1.3980144597053374      
3           -12.582130137348038      
3           -12.582130137348038      
3           -12.582130137348038      
4           -60.882770380552145      
1           -1.3980144597053374      
2           -5.5920578388213498      
2           -177.60160795485595      
2           -5.5920578388213498      
10          -2149.4763588102692      
1           -1.3980144597053374      
5           -993.30637334293476      
2           -5.5920578388213498      
