430 1 -4127 35 35 35
1           -1.3980144597053374      
4           -43.977034397181711      
3           -113.88495335034094      
3           -20.183406454784407      
1           -1.3980144597053374      
2           -5.5920578388213498      
2           -73.256512082491156      
1           -1.3980144597053374      
2           -5.5920578388213498      
7           -1207.4989090707315      
8           -3307.0666572895179      
3           -91.239920110972236      
4           -485.1460277587737       
3           -24.398115687067353      
2           -666.09303037674465      
2           -671.34096961961404      
2           -5.5920578388213498      
2           -5.5920578388213498      
7           -2035.6072064826456      
7           -290.10643322977285      
5           -1207.9772591909807      
0           0                        
5           -34.950361492633441      
2           -5.5920578388213498      
4           -110.5732224942884       
2           -5.5920578388213498      
2           -5.5920578388213498      
3           -12.582130137348038      
12          -2576.6970742098397      
5           -819.95766936417033      
10          -1929.5275681505068      
8           -186.26996148104797      
4           -22.368231355285399      
6           -199.0167013839723       
2           -523.7534076120296       
3           -12.582130137348038      
2           -843.39091852187414      
1           -1.3980144597053374      
5           -677.92851294713864      
8           -1336.6860016661108      
9           -973.0423398788389       
4           -28.940307453269998      
4           -496.19081582553252      
7           -475.71339119716197      
5           -390.50547057178943      
2           -5.5920578388213498      
2           -5.5920578388213498      
3           -142.43481423906417      
5           -1291.3500454603552      
2           -5.5920578388213498      
6           -1179.3960238325408      
0           0                        
1           -1.3980144597053374      
7           -683.70286849942352      
1           -1.3980144597053374      
4           -848.20856784944715      
2           -5.5920578388213498      
1           -1.3980144597053374      
3           -12.582130137348038      
4           -805.11679722114297      
3           -261.13106160259235      
6           -1924.1488775207119      
4           -27.749772215432866      
0           0                        
1           -1.3980144597053374      
4           -45.418177225223992      
1           -1.3980144597053374      
2           -6.6748528083497813      
2           -37.419506481920692      
6           -72.701512385763948      
2           -47.561116232426095      
1           -1.3980144597053374      
5           -34.950361492633441      
0           0                        
5           -34.950361492633441      
3           -175.00308746936994      
2           -5.5920578388213498      
2           -5.5920578388213498      
4           -133.78979807628173      
3           -12.582130137348038      
1           -1.3980144597053374      
5           -86.944170935320571      
2           -5.5920578388213498      
5           -989.56836490955777      
4           -199.2828108280622       
1           -1.3980144597053374      
3           -15.131127781694168      
1           -1.3980144597053374      
3           -12.582130137348038      
2           -21.634326715497846      
1           -1.3980144597053374      
3           -23.335262440398367      
3           -12.582130137348038      
5           -757.9996344847201       
3           -12.582130137348038      
1           -1.3980144597053374      
10          -1887.1678500846456      
3           -12.582130137348038      
3           -14.705501327536926      
7           -1410.9193792596943      
4           -470.34486726611374      
