430 1 -4127 35 35 35
2           -49.72295982773943       
0           0                        
8           -2379.5271248132126      
4           -39.281002215130371      
2           -5.7663389823942781      
7           -1653.7245929500768      
5           -85.660116932704852      
2           -5.7663389823942781      
7           -1129.7852793811212      
1           -1.4415847455985695      
4           -520.19401189840528      
6           -206.00432072158054      
0           0                        
6           -156.14046547640865      
3           -12.974262710387126      
5           -674.61214451303101      
2           -5.7663389823942781      
3           -12.974262710387126      
3           -673.62856032188301      
5           -64.021301188855901      
6           -271.846177420061        
5           -440.39088397450786      
6           -138.41973494337651      
11          -4606.6963929388257      
3           -12.974262710387126      
0           0                        
3           -13.875548548551876      
3           -65.680063654709315      
1           -1.4415847455985695      
4           -378.05495505633462      
4           -45.924016554520421      
9           -1727.6700782581133      
3           -14.939035323618105      
6           -2054.1038033799314      
5           -907.42911241624165      
5           -937.72549450557449      
3           -247.22720489583662      
2           -5.7663389823942781      
7           -1110.3617386280707      
0           0                        
1           -1.4415847455985695      
3           -12.974262710387126      
2           -80.337982043039716      
4           -23.065355929577112      
5           -835.31054973725611      
5           -36.039618639964239      
1           -1.4415847455985695      
6           -1059.8550373149812      
1           -1.4415847455985695      
3           -403.25545222697002      
1           -1.4415847455985695      
4           -23.065355929577112      
3           -442.30693035058925      
2           -5.7663389823942781      
5           -709.6845136153471       
0           0                        
5           -84.752176021346486      
4           -80.952924992988955      
4           -808.34382457779839      
3           -389.69223441875715      
4           -23.065355929577112      
1           -1.4415847455985695      
5           -1503.1056957487383      
4           -286.30656009319347      
1           -1.4415847455985695      
2           -5.7663389823942781      
6           -942.17773100283034      
0           0                        
5           -208.0831149457095       
3           -12.974262710387126      
4           -737.76445660883326      
4           -23.065355929577112      
4           -39.136985840320293      
7           -126.74552101307683      
3           -13.862196725264445      
2           -5.7663389823942781      
7           -190.12222585537927      
4           -786.3400407232142       
6           -419.51660970966367      
5           -1125.3111529047442      
3           -22.910888882202677      
5           -53.166035544125485      
3           -12.974262710387126      
3           -719.93466050893642      
4           -102.50567639915653      
3           -12.974262710387126      
3           -161.1671406788484       
5           -1158.2000242633346      
0           0                        
6           -177.06899138371392      
3           -61.031268641523852      
4           -600.28895969573284      
4           -34.72575877924649       
4           -596.94834745973515      
3           -20.694786731656698      
8           -1080.1738435617171      
2           -5.7663389823942781      
5           -244.35741332452014      
2           -5.7663389823942781      
1           -1.4415847455985695      
2           -7.2859234508917332      
