430 1 -4127 35 35 35
7           -221.29542346433556      
5           -223.22780012445304      
3           -50.082389262394834      
4           -62.812820025676757      
2           -0.78415103688527188     
0           0                        
5           -42.467126698452454      
4           -3.1366041475410875      
1           -0.19603775922131797     
3           -1.764339832991862       
7           -256.3411222227532       
3           -1.764339832991862       
2           -0.78415103688527188     
3           -20.658777970696487      
3           -1.764339832991862       
2           -0.78415103688527188     
3           -1.764339832991862       
1           -0.19603775922131797     
6           -170.99153741776075      
3           -29.925960432424461      
2           -0.78415103688527188     
0           0                        
7           -131.65667191020958      
8           -169.01173289145268      
5           -27.749488590500825      
4           -9.7044909730887525      
3           -1.764339832991862       
2           -0.78415103688527188     
2           -4.8705316505111975      
2           -0.78415103688527188     
0           0                        
7           -215.37790227987657      
7           -47.31807548644305       
4           -100.78923631962823      
2           -14.210313308359224      
5           -17.38344620982015       
2           -0.78415103688527188     
6           -99.604297732411894      
1           -0.19603775922131797     
1           -0.19603775922131797     
1           -0.19603775922131797     
2           -31.299066183015007      
3           -66.729760582676803      
5           -34.404037358010456      
2           -0.78415103688527188     
3           -1.764339832991862       
6           -233.02637863803619      
3           -1.764339832991862       
7           -147.11378732372987      
2           -0.78415103688527188     
2           -0.78415103688527188     
5           -6.1922011600038465      
2           -3.1701803837663021      
2           -0.78415103688527188     
0           0                        
4           -102.47533736073655      
6           -45.212769002462757      
5           -11.820477257325383      
7           -114.65643175854146      
2           -0.78415103688527188     
9           -122.7486237033675       
8           -281.84478917503679      
0           0                        
1           -0.19603775922131797     
2           -0.78415103688527188     
1           -0.19603775922131797     
2           -0.78415103688527188     
4           -6.3604159031932967      
2           -0.78415103688527188     
2           -0.78415103688527188     
3           -1.764339832991862       
7           -280.07711256799013      
4           -3.1366041475410875      
4           -125.19249618563295      
5           -7.7188730503566969      
5           -60.637543816577733      
2           -0.78415103688527188     
3           -1.764339832991862       
1           -0.19603775922131797     
4           -18.973235084779056      
2           -0.78415103688527188     
1           -0.19603775922131797     
1           -0.19603775922131797     
5           -37.565264286656195      
2           -0.78415103688527188     
7           -820.88525834431937      
0           0                        
4           -3.1366041475410875      
0           0                        
3           -1.764339832991862       
5           -155.12057631026605      
3           -91.540423798413002      
3           -16.197364229181773      
3           -66.452351243667891      
4           -98.495023939770405      
7           -84.497335966137427      
4           -3.1366041475410875      
1           -0.19603775922131797     
4           -271.32422359317195      
5           -232.01881208656292      
2           -0.78415103688527188     
