430 1 -4127 35 35 35
6           -455.27005570554769      
4           -143.35737965219838      
5           -124.68879579427997      
3           -137.42088591531154      
2           -2.2512045114487211      
5           -16.877435928744756      
1           -0.56280112786218028     
3           -5.0652101507596221      
4           -31.055938404916837      
1           -0.56280112786218028     
6           -70.677901691246234      
8           -121.94173274335176      
8           -192.17902769890395      
2           -2.2512045114487211      
4           -58.273556300344886      
0           0                        
8           -1112.6700185067857      
1           -0.56280112786218028     
3           -17.478724723008469      
6           -433.83557581069522      
9           -651.20491298308684      
3           -182.39224260342462      
1           -0.56280112786218028     
3           -344.60405806111834      
3           -18.109921661463559      
8           -837.42590094600848      
3           -5.0652101507596221      
4           -562.43807565380325      
3           -298.60550936424482      
4           -269.05987259909762      
5           -736.85198006564008      
6           -242.91655441934432      
1           -0.56280112786218028     
2           -2.2512045114487211      
2           -2.2512045114487211      
5           -452.0114217757822       
5           -260.96378992062432      
3           -5.9672408585679637      
2           -219.93562003252222      
1           -0.56280112786218028     
1           -0.56280112786218028     
6           -354.61975172249345      
1           -0.56280112786218028     
3           -7.0117011813014649      
7           -114.54151401962542      
1           -0.56280112786218028     
2           -2.2512045114487211      
1           -0.56280112786218028     
2           -2.2512045114487211      
3           -5.0652101507596221      
3           -5.0652101507596221      
1           -0.56280112786218028     
4           -128.44649442164561      
0           0                        
2           -2.2512045114487211      
2           -2.2512045114487211      
3           -49.579799664870492      
5           -14.070028196554507      
1           -0.56280112786218028     
5           -26.328224104719027      
3           -202.93618803579065      
5           -14.070028196554507      
6           -229.45705572696829      
8           -709.68509968346916      
3           -259.10268599040279      
8           -250.61945701641676      
2           -2.2512045114487211      
7           -321.19064601264654      
5           -424.79544026401436      
2           -2.2512045114487211      
0           0                        
2           -2.2512045114487211      
4           -224.36453619181717      
3           -5.0652101507596221      
4           -13.430094577987795      
6           -40.638620819510507      
4           -9.0048180457948845      
3           -15.554848855883353      
3           -5.0652101507596221      
3           -5.0652101507596221      
2           -2.2512045114487211      
6           -21.881466999267815      
4           -16.220806612379651      
2           -2.2512045114487211      
2           -2.2512045114487211      
2           -2.2512045114487211      
1           -0.56280112786218028     
4           -30.678337698275996      
2           -274.06798111032595      
6           -21.964055189656232      
2           -2.2512045114487211      
4           -46.286882710728541      
5           -16.543513142840947      
4           -9.827721835591035       
1           -0.56280112786218028     
4           -22.329073369246139      
5           -38.425614119714595      
4           -11.055367970921248      
3           -5.0652101507596221      
3           -113.96178948539985      
3           -5.0652101507596221      
