430 1 -4127 35 35 35
2           -0.78415103688527188     
4           -12.59461772099316       
1           -0.19603775922131797     
7           -19.629348075241076      
4           -130.28942396161085      
2           -0.78415103688527188     
2           -0.78415103688527188     
5           -7.4114102788384972      
10          -475.52359459331166      
4           -5.8585508977926573      
5           -4.9009439805329498      
7           -386.76879441810121      
3           -1.764339832991862       
4           -123.83160033897761      
3           -6.3644499786382589      
3           -9.3782061283928755      
0           0                        
0           0                        
4           -152.61096248302024      
1           -0.19603775922131797     
3           -1.764339832991862       
3           -38.343088963684671      
4           -18.975041559353656      
2           -2.0125091221605209      
7           -49.897531107661777      
2           -3.3348681580525303      
4           -72.31307466469903       
4           -70.507932755008554      
2           -9.0902975432472068      
1           -0.19603775922131797     
3           -1.764339832991862       
1           -0.19603775922131797     
0           0                        
0           0                        
5           -163.00051770925052      
5           -4.9009439805329498      
2           -0.78415103688527188     
7           -66.893006001215042      
3           -6.7726454013988446      
1           -0.19603775922131797     
3           -16.952885835571838      
2           -0.78415103688527188     
2           -0.78415103688527188     
3           -84.226840157495431      
2           -0.78415103688527188     
4           -3.1366041475410875      
1           -0.19603775922131797     
4           -16.363969407542466      
0           0                        
2           -0.78415103688527188     
7           -75.13759923163812       
4           -19.19291765799365       
6           -31.990455818917159      
3           -5.5690273385239717      
0           0                        
4           -19.934755657537469      
2           -8.00639466802172        
5           -56.254827551996534      
5           -277.03552172100916      
3           -1.764339832991862       
7           -163.28152038380455      
3           -1.764339832991862       
0           0                        
2           -0.78415103688527188     
3           -4.4179353030969111      
1           -0.19603775922131797     
3           -1.764339832991862       
3           -43.100390361516119      
1           -0.19603775922131797     
1           -0.19603775922131797     
6           -148.90100472352097      
4           -3.1366041475410875      
5           -8.7477353437240986      
2           -0.78415103688527188     
2           -2.8049545384121686      
4           -153.65005355694746      
2           -0.78415103688527188     
6           -58.039745888701106      
2           -0.78415103688527188     
4           -28.059049795125585      
3           -148.18034107411088      
2           -128.95724984593221      
5           -15.324662123535518      
2           -0.78415103688527188     
2           -0.78415103688527188     
5           -248.28398154413611      
6           -160.76651635259114      
3           -1.764339832991862       
2           -0.78415103688527188     
3           -1.764339832991862       
3           -6.3433532355013558      
4           -19.561496635580852      
2           -0.78415103688527188     
9           -468.81956994623272      
2           -0.78415103688527188     
3           -27.100675479107437      
3           -22.810774080561263      
3           -3.275379974216758       
2           -0.78415103688527188     
1           -0.19603775922131797     
3           -3.3180111211864767      
