430 1 -4127 35 35 35
1           -0.20236088611800973     
3           -28.770630445701634      
2           -7.3036442260799577      
4           -4.5097221717159952      
7           -493.36497513237066      
5           -176.83901990101825      
5           -216.99439160360836      
6           -18.702517510420648      
2           -117.3061856082623       
3           30.640417137791914       
4           -16.953997987533         
6           913.09637611941287       
2           -0.80944354447203892     
2           -0.80944354447203892     
2           -0.80944354447203892     
9           -414.86334612430954      
1           -0.20236088611800973     
3           -18.033021108598113      
5           -13.101295837001933      
4           -27.238796012076055      
3           -1.8212479750620876      
3           -9.7643857153663465      
3           -1.8212479750620876      
4           -123.91859319843431      
4           -20.119204887849047      
1           -0.20236088611800973     
4           -3.2377741778881557      
10          -675.98260904896119      
6           -80.611203083729862      
3           -23.817973149577476      
7           -254.25037024548155      
2           -54.813574020872814      
5           -150.55140043532259      
5           -144.18023913548996      
7           -319.72716690964819      
1           -0.20236088611800973     
4           -282.64373778831759      
2           -0.80944354447203892     
1           -0.20236088611800973     
3           -7.7115974144747756      
7           -23.682320415515608      
1           -0.20236088611800973     
1           -0.20236088611800973     
4           -3.2377741778881557      
2           -0.80944354447203892     
2           -128.86460553271903      
8           34.311891729146453       
0           0                        
6           -43.9278412480272        
5           -14.138269693004164      
1           -0.20236088611800973     
1           -0.20236088611800973     
3           -1.8212479750620876      
2           -0.80944354447203892     
7           -294.92327086215073      
5           -7.5106677204542907      
6           -126.70122058500735      
5           -139.84760184892224      
1           -0.20236088611800973     
4           -4.4718836326904068      
3           -43.857369821046269      
4           -8.8498001959617625      
2           -73.398586830169734      
4           -34.319384862311772      
6           -91.608279784060358      
7           -236.05178106691901      
3           -1.8212479750620876      
4           -84.778562305597845      
2           -1.925459457580218       
4           -20.505410268042084      
8           -424.75644096520386      
1           -0.20236088611800973     
4           -21.020511552365598      
5           -16.370076602656084      
4           -28.521648512325104      
3           -3.7426701856630435      
2           -0.80944354447203892     
5           -153.60669622150104      
2           -0.80944354447203892     
5           -118.39517809082295      
6           -239.56739552257855      
2           -0.80944354447203892     
5           -35.979073199595639      
7           -28.027842369888987      
2           -0.80944354447203892     
3           -1.8212479750620876      
6           -23.49849209461107       
10          -203.29211340474419      
1           -0.20236088611800973     
3           -1.8212479750620876      
2           -0.80944354447203892     
2           -0.80944354447203892     
1           -0.20236088611800973     
1           -0.20236088611800973     
2           -0.80944354447203892     
4           -3.2377741778881557      
2           -0.80944354447203892     
3           -49.254889556115245      
3           -3.1938998489914345      
5           -10.394718586889157      
3           -76.0435091555957        
