430 1 -4127 35 35 35
4           -176.99179027197425      
7           -689.21992862524087      
3           -12.799395642727369      
1           -1.4221550714141524      
3           -152.73934812471043      
5           -473.99707840686739      
2           -5.6886202856566097      
2           -5.6886202856566097      
4           -477.61529488680378      
2           -52.042290641190185      
2           -7.9692951412341833      
2           -5.6886202856566097      
1           -1.4221550714141524      
3           -27.021213738016584      
4           -180.12969185403787      
3           -12.799395642727369      
5           -272.23850147623841      
2           -5.6886202856566097      
2           -5.6886202856566097      
4           -22.754481142626439      
3           -52.179319858145213      
3           -56.691353941866815      
5           -617.49382731430842      
7           -1999.7659394035666      
6           -115.15531318529787      
4           -22.754481142626439      
4           -374.43926721647887      
4           -32.139433762726675      
0           0                        
4           -106.72629232205185      
4           -331.91202103092337      
2           -5.6886202856566097      
3           -111.07971344149865      
6           -116.15439408338612      
5           -623.42810316216753      
2           -5.6886202856566097      
8           -270.20395329303938      
1           -1.4221550714141524      
0           0                        
2           -5.6886202856566097      
7           -960.20182420310186      
3           -443.90929861272281      
4           -22.754481142626439      
5           -931.07498953847812      
1           -1.4221550714141524      
4           -22.754481142626439      
12          -3387.2337256507171      
9           -2857.5015467676976      
3           -12.799395642727369      
7           -1093.9304123112272      
4           -85.13850247715763       
2           -5.6886202856566097      
3           -12.799395642727369      
3           -12.799395642727369      
1           -1.4221550714141524      
2           -5.6886202856566097      
2           -190.59911839010323      
4           -22.754481142626439      
5           -875.79144722280614      
3           -157.63722455831987      
2           -5.6886202856566097      
2           -9.4536992695150133      
3           -17.62809689229324       
1           -1.4221550714141524      
2           -27.405420602631011      
0           0                        
2           -5.6886202856566097      
4           -97.190384921827473      
2           -5.6886202856566097      
1           -1.4221550714141524      
1           -1.4221550714141524      
2           -5.6886202856566097      
6           -2252.2222581977853      
6           -60.418971988804174      
5           -777.44838163510576      
4           -234.39396917925552      
2           -450.57322210931648      
7           -2057.9016852734067      
2           -5.6886202856566097      
7           -226.59430987204883      
3           -12.799395642727369      
4           -80.603277140633651      
2           -5.6886202856566097      
5           -306.4921028304891       
8           -792.36762227200938      
5           -35.553876785353808      
4           -30.173322442200401      
9           -928.64910956004724      
4           -246.14785968211115      
1           -1.4221550714141524      
1           -1.4221550714141524      
4           -546.39630958041926      
5           -86.714374938179333      
5           -910.2428563141533       
3           -519.22610283092797      
2           -11.350007870454448      
3           -63.341721044032525      
5           -1594.809832651013       
2           -5.6886202856566097      
6           -606.6724082849513       
5           -40.863707286168392      
