430 1 -4127 35 35 35
4           -9.0048180457948845      
0           0                        
2           -15.792129998492406      
5           -14.070028196554507      
4           -16.922892864863321      
4           -145.66495304848593      
5           -14.070028196554507      
1           -0.56280112786218028     
4           -283.98260784399253      
3           -5.0652101507596221      
6           -46.490764998784876      
3           -5.0652101507596221      
3           -29.648065966808513      
3           -19.087058625153141      
12          -1492.0281540482765      
2           -2.2512045114487211      
1           -0.56280112786218028     
4           -12.042037167983597      
2           -2.2512045114487211      
1           -0.56280112786218028     
3           -5.0652101507596221      
10          -461.74087255238032      
4           -19.584645459551915      
4           -9.0048180457948845      
8           -461.58243359233586      
11          -1254.1982369231021      
3           -14.866430860749226      
9           -716.37168322167315      
3           -5.7982594911678129      
3           -5.0652101507596221      
2           -2.2512045114487211      
3           -5.0652101507596221      
6           -569.0176550018673       
4           -16.242526752603325      
3           -78.647791707484828      
2           -2.2512045114487211      
2           -2.2512045114487211      
4           -213.00506587382699      
2           -2.2512045114487211      
1           -0.56280112786218028     
0           0                        
2           -2.2512045114487211      
4           -9.0048180457948845      
9           -31.86991961995998       
5           -28.669584796721306      
4           -84.374868728649403      
4           -125.63275621426007      
2           -2.2512045114487211      
2           -2.2512045114487211      
6           -283.2040190514565       
9           -606.32218935167111      
4           -79.447302298940087      
3           -5.0652101507596221      
0           0                        
1           -0.56280112786218028     
3           -5.0652101507596221      
4           -266.54566359511955      
4           -282.71993069334422      
3           -5.0652101507596221      
4           -17.967696538015506      
3           -5.0652101507596221      
4           -546.47473292706684      
4           -9.0048180457948845      
2           -2.2512045114487211      
4           -10.670044488120521      
4           -48.086487355389472      
1           -0.56280112786218028     
1           -0.56280112786218028     
1           -0.56280112786218028     
4           -9.0048180457948845      
6           -505.53357264557019      
0           0                        
3           -5.0652101507596221      
0           0                        
3           -5.0652101507596221      
5           -14.070028196554507      
4           -87.782490264266528      
4           -189.14175961836762      
1           -0.56280112786218028     
3           -526.60010780203754      
6           -33.107852130575324      
2           -2.2512045114487211      
1           -0.56280112786218028     
8           -344.11863792523866      
3           -110.00046250886774      
2           -2.2512045114487211      
1           -0.56280112786218028     
3           -5.0652101507596221      
0           0                        
2           -2.2512045114487211      
4           -12.491008922296542      
2           -2.2512045114487211      
7           -168.78591264269531      
1           -0.56280112786218028     
3           -5.0652101507596221      
4           -11.687144082799207      
2           -2.2512045114487211      
1           -0.56280112786218028     
3           -174.38447778440468      
6           -26.764973143529939      
1           -0.56280112786218028     
