430 1 -4127 35 35 35
1           -1.4221550714141524      
4           -30.759113992699167      
5           -38.539649946301829      
7           -209.10720939600895      
5           -35.553876785353808      
3           -66.812656846276241      
2           -5.6886202856566097      
4           -71.814155740268831      
6           -57.063964730783987      
3           -23.727317100118078      
4           -38.72053553952756       
0           0                        
2           -5.6886202856566097      
1           -1.4221550714141524      
4           -68.547422072400266      
5           -490.32372965711153      
7           -869.18746386347402      
4           -22.754481142626439      
3           -28.159365908920226      
3           -24.360034827972346      
4           -24.985922892372646      
4           -32.124217989214031      
1           -1.4221550714141524      
2           -5.6886202856566097      
4           -159.41770467418885      
6           -640.06925852856079      
2           -5.6886202856566097      
2           -5.6886202856566097      
2           -5.6886202856566097      
5           -862.96486578873885      
1           -1.4221550714141524      
2           -1011.4905145580909      
2           -21.328467129356966      
3           -493.95606818427893      
1           -1.4221550714141524      
6           -912.39506349818078      
4           -662.10088910598711      
3           -12.799395642727369      
2           -5.6886202856566097      
4           -1179.0818372546387      
7           -169.16922752267959      
5           -485.40396562097641      
1           -1.4221550714141524      
2           -128.66919037113075      
1           -1.4221550714141524      
2           -5.6886202856566097      
4           -800.70484031163653      
3           -894.11114134848049      
2           -5.6886202856566097      
3           -12.799395642727369      
2           -30.550318786458391      
1           -1.4221550714141524      
2           -5.6886202856566097      
3           -20.413862941701151      
2           -5.6886202856566097      
0           0                        
2           -5.6886202856566097      
3           -118.74197994269548      
7           -557.27931029275271      
5           -133.70164492734648      
3           -12.799395642727369      
1           -1.4221550714141524      
4           -24.038090640806065      
1           -1.4221550714141524      
3           -12.799395642727369      
1           -1.4221550714141524      
4           -868.10326254476286      
3           -12.799395642727369      
6           -1231.1328554136953      
0           0                        
2           -5.6886202856566097      
3           -176.76482558290473      
0           0                        
3           -244.40388046150551      
0           0                        
7           -337.9826507481601       
3           -714.0078209910381       
6           -208.85748502125665      
6           -979.28072469844733      
2           -13.627824733568415      
3           -12.799395642727369      
15          -7045.6094296031933      
4           -667.80410287224208      
2           -5.6886202856566097      
0           0                        
6           -969.45843554546298      
3           -12.799395642727369      
10          -1047.3188336535923      
3           -576.83798772842613      
4           -759.2365961312014       
3           -12.799395642727369      
4           -644.50699455959841      
5           -39.117371959478824      
3           -114.1314683259294       
2           -5.6886202856566097      
0           0                        
1           -1.4221550714141524      
5           -41.08988007828075       
5           -1065.6107213298869      
5           -581.23338857130921      
4           -176.99179027197425      
