430 1 -4127 35 35 35
0           0                        
5           -488.59265583954254      
8           -1721.707571836977       
6           -217.32966762749129      
1           -1.4221550714141524      
4           -25.467560523417639      
1           -1.4221550714141524      
3           -12.799395642727369      
4           -166.71461963287294      
2           -6.6231512630950213      
3           -808.79957350247059      
1           -1.4221550714141524      
4           -218.19117689848613      
2           -5.6886202856566097      
3           -12.799395642727369      
6           -318.98467822637895      
4           -764.69742170058589      
5           -992.59210275021223      
2           -5.6886202856566097      
1           -1.4221550714141524      
3           -12.799395642727369      
5           -65.745713131147724      
0           0                        
7           -141.67048611956602      
1           -1.4221550714141524      
4           -22.754481142626439      
3           -509.84168861230148      
0           0                        
2           -5.6886202856566097      
7           -209.8284821340846       
1           -1.4221550714141524      
3           -127.77991834757458      
4           -869.85960620150911      
1           -1.4221550714141524      
1           -1.4221550714141524      
3           -12.799395642727369      
5           -652.51278111137879      
2           -5.6886202856566097      
11          -1981.3769856688082      
5           -1041.5228373496918      
4           -22.754481142626439      
7           -2584.2783463339906      
2           -11.911464044057865      
7           -396.30099710778899      
10          -1444.6077151342993      
5           -100.48770783214522      
3           -320.27933380127274      
3           -12.799395642727369      
4           -361.09365733074247      
3           -13.847018431222288      
2           -5.6886202856566097      
0           0                        
4           -414.22453835291805      
5           -187.95299745534589      
4           -363.33357855900158      
3           -12.799395642727369      
5           -271.98942500467444      
4           -243.27786636555854      
2           -5.6886202856566097      
3           -12.799395642727369      
0           0                        
3           -12.799395642727369      
7           -1424.8732213559856      
2           -5.6886202856566097      
4           -368.47550569065186      
3           -197.59813413412144      
3           -12.799395642727369      
4           -483.90329290699555      
9           -2166.2110939109448      
5           -35.553876785353808      
3           -12.799395642727369      
4           -33.566633566341729      
4           -40.984374853557043      
4           -22.754481142626439      
5           -1646.5288824193385      
5           -36.348688622863065      
4           -487.53660458790904      
3           -935.0569495447221       
8           -1374.6298638162316      
4           -555.83052175549153      
4           -171.85325070599438      
3           -12.799395642727369      
0           0                        
3           -12.799395642727369      
6           -156.77147605149798      
2           -5.6886202856566097      
4           -27.835571975508984      
4           -35.018715560823864      
3           -57.163646929140299      
5           -53.216922653093583      
1           -1.4221550714141524      
2           -5.6886202856566097      
3           -43.989946274643941      
3           -766.65121944495161      
1           -1.4221550714141524      
3           -741.27072982607626      
6           -815.78826060020674      
4           -49.892083982019315      
3           -12.799395642727369      
6           -798.78244769975458      
2           -5.6886202856566097      
