430 1 -4127 35 35 35
2           -5.6886202856566097      
1           -1.4221550714141524      
6           -1049.2474592210124      
5           -558.11517523697808      
7           -2204.7016856871769      
4           -355.12764263359634      
2           -339.1689108978581       
3           -44.757025044185369      
1           -1.4221550714141524      
2           -5.6886202856566097      
0           0                        
3           -523.57040127664197      
5           -2439.6867362824205      
5           -967.63899293664974      
2           -5.6886202856566097      
3           -12.799395642727369      
1           -1.4221550714141524      
1           -1.4221550714141524      
4           -44.949858235191684      
6           -603.79881116515821      
2           -5.6886202856566097      
5           -283.67724461395073      
4           -22.754481142626439      
6           -53.490794962257645      
1           -1.4221550714141524      
6           -353.18749574647359      
2           -5.6886202856566097      
5           -278.5117796916777       
4           -175.30419543125765      
4           -36.542163044967623      
6           -122.83079314659958      
2           -5.6886202856566097      
6           -289.22699601770699      
8           -556.45299281403982      
4           -82.182785738481556      
2           -5.6886202856566097      
6           -51.197582570909475      
4           -135.89081532439678      
1           -1.4221550714141524      
2           -5.6886202856566097      
3           -71.699765990447844      
2           -28.832009899447691      
4           -116.04953935653703      
0           0                        
1           -1.4221550714141524      
4           -70.086666829377194      
5           -786.07902346862716      
0           0                        
2           -5.6886202856566097      
1           -1.4221550714141524      
5           -35.553876785353808      
0           0                        
2           -5.6886202856566097      
2           -55.845333925844066      
1           -1.4221550714141524      
4           -168.98253144323314      
4           -97.691374113296916      
7           -1130.1211011085884      
3           -81.367244594887495      
7           -121.43147723302943      
2           -5.6886202856566097      
3           -31.937443964841414      
3           -12.799395642727369      
5           -138.98417598569819      
1           -1.4221550714141524      
6           -1095.1179226103211      
3           -241.81036222459858      
1           -1.4221550714141524      
3           -12.799395642727369      
3           -12.799395642727369      
1           -1.4221550714141524      
2           -5.6886202856566097      
0           0                        
6           -191.80761210407235      
3           -12.799395642727369      
3           -14.952974257389599      
2           -5.6886202856566097      
6           -2002.0674866260508      
6           -598.26748335206571      
2           -5.6886202856566097      
5           -411.31006220856881      
5           -74.85579948863861       
1           -1.4221550714141524      
3           -12.799395642727369      
3           -949.56747586337008      
1           -1.4221550714141524      
4           -22.754481142626439      
5           -92.788961497225571      
1           -1.4221550714141524      
1           -1.4221550714141524      
4           -22.754481142626439      
4           -892.66198503617454      
3           -12.799395642727369      
6           -2280.7744925105571      
0           0                        
3           -12.799395642727369      
2           -5.6886202856566097      
2           -5.6886202856566097      
4           -42.893441324397742      
6           -284.41322970556683      
3           -509.99690947326462      
