430 1 -4127 35 35 35
5           -7.8380024607884371      
0           0                        
3           -14.288026641479254      
0           0                        
4           -180.02272625859612      
2           -0.80944354447203892     
5           -53.641046028781666      
7           -189.87206295548842      
2           -0.80944354447203892     
2           -0.80944354447203892     
2           -0.80944354447203892     
1           -0.20236088611800973     
4           -76.287341573272386      
4           -3.2377741778881557      
3           -1.8212479750620876      
5           -53.945817835745764      
1           -0.20236088611800973     
3           -27.721262237339374      
3           -171.32485371843245      
3           -9.7998923018213873      
1           -0.20236088611800973     
2           -0.80944354447203892     
3           -1.8212479750620876      
1           -0.20236088611800973     
7           -112.96962866342305      
3           -1.8212479750620876      
1           -0.20236088611800973     
6           -149.30668435694335      
2           -0.80944354447203892     
7           -22.335358348858943      
8           -152.18247046479635      
4           -136.74574290978148      
9           -369.15300693342539      
7           -283.80477669610383      
4           -41.709474482822884      
6           -91.459007032762912      
2           -0.80944354447203892     
5           -16.692154229175372      
2           -0.80944354447203892     
5           -6.5478576121831544      
4           -4.6845724083267033      
5           -152.36864646318674      
2           -0.80944354447203892     
5           -5.0590221529502433      
4           -11.566567604671384      
2           -0.80944354447203892     
3           -1.8212479750620876      
14          -551.80857370047272      
5           -73.418345376842424      
0           0                        
3           -41.734821106970905      
6           -185.94190204061917      
4           -11.846506457054472      
2           -2.7799452228554622      
1           -0.20236088611800973     
3           -33.370734040706395      
6           -180.64492887906303      
4           -10.676255877718681      
5           -19.89112434604872       
5           -9.895228392609269       
2           -0.80944354447203892     
3           -1.8212479750620876      
4           -72.922120471525716      
4           -32.534545608901404      
7           91.537503568776941       
5           -6.2066693720810777      
2           -133.66127593363697      
3           -83.466330419455133      
6           -88.941936691614615      
1           -0.20236088611800973     
3           -1.8212479750620876      
7           -146.95167566834417      
2           -0.80944354447203892     
1           -0.20236088611800973     
0           0                        
1           -0.20236088611800973     
4           -15.703574988776204      
2           -0.80944354447203892     
4           -3.2377741778881557      
3           -4.9910217648600312      
1           -0.20236088611800973     
3           -210.11804329472142      
5           -105.51277085532621      
4           -52.007709931806971      
2           -0.80944354447203892     
5           -88.643670771681585      
2           -0.80944354447203892     
4           -16.535664212706962      
4           -307.24906499602059      
2           -0.80944354447203892     
5           -5.0590221529502433      
8           -211.01263631278721      
1           -0.20236088611800973     
4           -87.70503806173771       
3           -1.8212479750620876      
5           -72.969449378914419      
4           -53.50856179307933       
2           -1.8909486157053759      
12          -356.05378889280666      
5           -11.796191128052939      
3           -1.8212479750620876      
