430 1 -4127 35 35 35
4           -9.0048180457948845      
2           -2.2512045114487211      
3           -5.0652101507596221      
6           -255.11796843664411      
5           -114.9270227966047       
2           -2.2512045114487211      
4           -9.0048180457948845      
3           -5.0652101507596221      
1           -0.56280112786218028     
2           -7.2215903813318816      
5           -244.10787742580902      
6           -58.674084160988862      
7           -774.71742170619279      
2           -2.2512045114487211      
3           -5.0652101507596221      
6           -95.570337997980232      
4           -9.0048180457948845      
5           -524.78483460197992      
3           -34.653715471841437      
0           0                        
2           -2.2512045114487211      
3           -14.702822203109756      
0           0                        
8           -96.796184466682305      
3           -5.0652101507596221      
5           -115.46568438186522      
2           -6.7370375676587351      
4           -132.34335454003471      
4           -9.0048180457948845      
4           -350.79489076802594      
1           -0.56280112786218028     
7           -444.59853905383403      
1           -0.56280112786218028     
1           -0.56280112786218028     
4           -9.0048180457948845      
7           -697.19931687794758      
2           -2.2512045114487211      
3           -5.0652101507596221      
3           -16.186661776768798      
2           -2.2512045114487211      
3           -29.899537002783088      
6           -268.44475962430232      
1           -0.56280112786218028     
2           -36.910807472805757      
1           -0.56280112786218028     
2           -2.2512045114487211      
7           -379.97985335206471      
2           -2.2512045114487211      
0           0                        
4           -9.0048180457948845      
8           -294.91308052080524      
1           -0.56280112786218028     
2           -2.2512045114487211      
4           -225.70617326892884      
2           -2.2512045114487211      
1           -0.56280112786218028     
9           -727.58530105696957      
5           -154.84474891035293      
9           -866.77063142760608      
7           -463.74463156145879      
9           -397.39661914590204      
0           0                        
4           -81.797748204687593      
4           -973.87858345836923      
3           -7.7857633862767841      
3           -5.0652101507596221      
3           -5.0652101507596221      
2           -2.2512045114487211      
1           -0.56280112786218028     
7           -535.0244506272129       
2           -2.2512045114487211      
6           -521.61119307595993      
0           0                        
2           -2.2512045114487211      
2           -2.2512045114487211      
3           -84.786029313523727      
2           -16.871764863497845      
4           -114.64512385331935      
1           -0.56280112786218028     
6           -57.514770891703691      
4           -13.306856160907078      
1           -0.56280112786218028     
6           -29.04799715927372       
0           0                        
3           -427.7406811928368       
3           -5.0652101507596221      
3           -5.0652101507596221      
2           -145.23052448201022      
1           -0.56280112786218028     
4           -9.0048180457948845      
5           -154.51470217205818      
6           -66.267683833133702      
4           -33.061460285495272      
3           -5.0652101507596221      
3           -5.8392863959381263      
3           -5.0652101507596221      
6           -229.18569202039208      
2           -2.2512045114487211      
3           -5.0652101507596221      
1           -0.56280112786218028     
8           -734.23762573998567      
