430 1 -4127 35 35 35
3           -5.0652101507596221      
2           -2.2512045114487211      
2           -2.2512045114487211      
1           -0.56280112786218028     
6           -101.80635246211259      
0           0                        
7           -869.23701123269234      
4           -22.279965565630313      
3           -5.0652101507596221      
7           -47.5875109137706        
2           -2.2512045114487211      
4           -348.30385656022293      
2           -2.2512045114487211      
3           -5.0652101507596221      
3           -19.933753628209789      
3           -5.0652101507596221      
3           -5.0652101507596221      
6           -39.19895901754397       
3           -5.0652101507596221      
4           -46.731041265143404      
4           -66.043839547316352      
2           -2.2512045114487211      
0           0                        
5           -585.85764290037048      
6           -70.904585692532947      
0           0                        
1           -0.56280112786218028     
5           -27.947563711429048      
4           -10.61268536063041       
2           -2.2512045114487211      
3           -5.0652101507596221      
3           -30.916701755536014      
7           -102.58472507355754      
7           -69.45509421602867       
7           -106.92720934232298      
2           -2.2512045114487211      
4           -9.0048180457948845      
9           -1128.4352914756157      
4           -9.0048180457948845      
4           -23.573517900077768      
3           -6.1699182019679721      
5           -177.87279074138476      
2           -2.2512045114487211      
2           -2.2512045114487211      
1           -0.56280112786218028     
4           -9.0048180457948845      
4           -132.46682230139444      
6           -301.53016029603236      
3           -5.0652101507596221      
5           -129.45081664938297      
1           -0.56280112786218028     
1           -0.56280112786218028     
4           -9.0048180457948845      
4           -717.69550680291411      
2           -4.943141497574107       
2           -2.2512045114487211      
4           -51.742525670985195      
3           -5.0652101507596221      
0           0                        
3           -10.78357455176965       
2           -2.2512045114487211      
3           307.09492259961763       
3           -5.0652101507596221      
2           -2.2512045114487211      
2           -2.2512045114487211      
2           -2.2512045114487211      
2           -2.2512045114487211      
2           -2.2512045114487211      
4           -9.0048180457948845      
3           -5.0652101507596221      
4           -9.0048180457948845      
2           -2.2512045114487211      
1           -0.56280112786218028     
4           -9.0048180457948845      
6           -44.526125200490164      
5           -193.58903673962817      
7           -79.681712151529567      
5           -501.45164379970186      
4           -9.0048180457948845      
2           -2.2512045114487211      
2           -2.2512045114487211      
4           -55.942975353154644      
1           -0.56280112786218028     
3           -5.0652101507596221      
8           -190.7638046084945       
3           -10.617734539352         
6           -130.94578651486529      
8           -195.34458713889859      
4           -21.347476659121234      
3           -9.3418168695696373      
2           -2.2512045114487211      
1           -0.56280112786218028     
1           -0.56280112786218028     
4           -58.004442038396625      
8           -1456.8858518585953      
5           -356.94774325654191      
1           -0.56280112786218028     
3           -44.199401117304262      
4           -9.8314438868128171      
3           -5.0652101507596221      
1           -0.56280112786218028     
