430 1 -4127 35 35 35
4           -31.459401430094609      
7           -208.1289229391289       
3           -5.0652101507596221      
1           -0.56280112786218028     
3           -83.04273978852126       
5           -137.94778681026821      
2           -2.2512045114487211      
2           -2.2512045114487211      
4           -162.85554945516975      
2           -18.677259582465936      
2           -4.5663839966862536      
2           -2.2512045114487211      
1           -0.56280112786218028     
3           -7.73968298416177        
4           -57.638791947346981      
3           -5.0652101507596221      
5           -83.544156773804445      
2           -2.2512045114487211      
2           -2.2512045114487211      
4           -9.0048180457948845      
3           -12.202008747146067      
3           -17.642652893945883      
5           -380.68173419222711      
7           -607.17976965173159      
6           -64.147211798161521      
4           -9.0048180457948845      
4           -184.25644233649228      
4           -9.7445241157366027      
0           0                        
4           -30.503120590055698      
4           -154.73063273598601      
2           -2.2512045114487211      
3           -32.059989156984486      
6           -39.959497457856891      
5           -189.09230032862868      
2           -2.2512045114487211      
8           -121.83105609414172      
1           -0.56280112786218028     
0           0                        
2           -2.2512045114487211      
7           -280.24370306958599      
3           -241.96514450114964      
4           -9.0048180457948845      
5           -362.29567021168447      
1           -0.56280112786218028     
4           -9.0048180457948845      
12          -1450.6918300123934      
9           -895.42647737680488      
3           -5.0652101507596221      
7           -283.8068518220515       
4           -23.421965635667583      
2           -2.2512045114487211      
3           -5.0652101507596221      
3           -5.0652101507596221      
1           -0.56280112786218028     
2           -2.2512045114487211      
2           -228.65575933043874      
4           -9.0048180457948845      
5           51.765003515781288       
3           -58.600383847164338      
2           -2.2512045114487211      
2           -2.2512045114487211      
3           -6.2218833442022188      
1           -0.56280112786218028     
2           -9.1688032979647325      
0           0                        
2           -2.2512045114487211      
4           -23.16385450872037       
2           -2.2512045114487211      
1           -0.56280112786218028     
1           -0.56280112786218028     
2           -2.2512045114487211      
6           -907.36669943368452      
6           -21.285321869057967      
5           -332.00642026300608      
4           -67.214585977144026      
2           -123.35905325535018      
7           -959.70968816783034      
2           -2.2512045114487211      
7           -67.1665320340378        
3           -5.0652101507596221      
4           -26.99471397948431       
2           -2.2512045114487211      
5           -67.938174656966865      
8           -445.17088679723997      
5           -14.070028196554507      
4           -9.7725476936023412      
9           -377.36383239221112      
4           -76.180124623998381      
1           -0.56280112786218028     
1           -0.56280112786218028     
4           -195.67186015119748      
5           -22.554152542069687      
5           -333.76836287140418      
3           -226.97405265683804      
2           -4.0163844406277605      
3           -18.181304514309268      
5           -785.02442102550583      
2           -2.2512045114487211      
6           -173.10653078991953      
5           -14.879267874149207      
