430 1 -4127 35 35 35
0           0                        
5           -67.162282164568623      
8           -267.05113789732582      
6           -44.99250976621272       
1           -0.19603775922131797     
4           -4.9464997499539196      
1           -0.19603775922131797     
3           -1.764339832991862       
4           -23.333815304491115      
2           -0.78415103688527188     
3           -119.00334404789864      
1           -0.19603775922131797     
4           -21.293417736587639      
2           -0.78415103688527188     
3           -1.764339832991862       
6           -62.497181814197091      
4           -86.579761332286907      
5           -171.08067306325384      
2           -0.78415103688527188     
1           -0.19603775922131797     
3           -1.764339832991862       
5           -9.859661639193078       
0           0                        
7           -28.653565983989964      
1           -0.19603775922131797     
4           -3.1366041475410875      
3           -77.37322155830168       
0           0                        
2           -0.78415103688527188     
7           -35.030712779381652      
1           -0.19603775922131797     
3           -14.722540055557753      
4           -88.761644905788984      
1           -0.19603775922131797     
1           -0.19603775922131797     
3           -1.764339832991862       
5           -107.74683128518508      
2           -0.78415103688527188     
11          -263.92815943115318      
5           -66.253853301202511      
4           -3.1366041475410875      
7           -322.84044528308016      
2           -3.0210842744546467      
7           -82.696914304806512      
10          -214.45627558900443      
5           -11.004685349708552      
3           -8.8429780473002939      
3           -1.764339832991862       
4           -126.69856636096485      
3           -2.7905490393554429      
2           -0.78415103688527188     
0           0                        
4           -124.02890667409923      
5           -46.915632497791847      
4           -63.139137240376506      
3           -1.764339832991862       
5           -46.327265877141855      
4           -114.51692417763905      
2           -0.78415103688527188     
3           -1.764339832991862       
0           0                        
3           -1.764339832991862       
7           -387.11022593827772      
2           -0.78415103688527188     
4           -77.226891113688481      
3           -10.792393064392439      
3           -1.764339832991862       
4           -122.83086553554938      
9           -422.81325473585383      
5           -4.9009439805329498      
3           -1.764339832991862       
4           -3.1366041475410875      
4           -6.9789472678950606      
4           -3.1366041475410875      
5           -257.16976271154101      
5           -4.9009439805329498      
4           -109.29276364954427      
3           -281.07257473056217      
8           -335.68356762704701      
4           -89.81752228946165       
4           -22.807522871224624      
3           -1.764339832991862       
0           0                        
3           -1.764339832991862       
6           -46.304722131395579      
2           -0.78415103688527188     
4           -4.5413685181884258      
4           -5.2864703142751637      
3           -7.5457259087583815      
5           -10.088188320599183      
1           -0.19603775922131797     
2           -0.78415103688527188     
3           -4.1583625795024073      
3           -107.98359854115313      
1           -0.19603775922131797     
3           -84.14768378663247       
6           -130.59352480630395      
4           -4.8638207346364286      
3           -1.764339832991862       
6           -269.50435955127944      
2           -0.78415103688527188     
