430 1 -4127 35 35 35
2           -0.80944354447203892     
2           -0.80944354447203892     
6           -108.72125456312097      
3           -9.2868221614683826      
4           -3.2377741778881557      
2           -0.80944354447203892     
7           -46.727227889237234      
5           -87.304269225434552      
1           -0.20236088611800973     
0           0                        
3           -123.91134831556134      
2           -10.051562684996618      
3           -1.8212479750620876      
3           -5.3408408146949551      
1           -0.20236088611800973     
5           -5.0590221529502433      
5           -77.272822236656793      
4           -5.8798039247731815      
0           0                        
6           -28.689662012773354      
4           -5.6978091813064617      
2           -0.80944354447203892     
4           -137.95428873487057      
2           -0.80944354447203892     
4           -9.298211010015379       
2           -0.80944354447203892     
4           -9.2828108198509565      
7           -39.822067394815825      
3           -57.941599426767247      
2           -0.80944354447203892     
2           -0.80944354447203892     
5           -12.556214978726297      
2           -0.80944354447203892     
4           -3.2377741778881557      
2           -0.80944354447203892     
1           -0.20236088611800973     
4           -51.420035591865989      
3           -1.8212479750620876      
2           -0.80944354447203892     
5           -142.05860047484214      
4           -9.3769789879182852      
1           -0.20236088611800973     
1           -0.20236088611800973     
4           -5.8788811052071104      
3           -1.8212479750620876      
6           -61.172466412357998      
4           -53.543591021886535      
1           -0.20236088611800973     
2           -0.80944354447203892     
2           -0.80944354447203892     
3           -1.8212479750620876      
1           -0.20236088611800973     
3           -2.9576519315524719      
6           -70.510816748766217      
4           -9.669682582518961       
4           -5.191200253622152       
5           -6.5623944397418619      
2           -0.80944354447203892     
3           -1.8212479750620876      
1           -0.20236088611800973     
5           -91.766437886819631      
0           0                        
5           -27.023771431991179      
12          -321.38574195193758      
2           -43.848789681086132      
4           -50.717574245231667      
6           -32.623134066832222      
3           -90.376222584146404      
2           -0.80944354447203892     
2           -0.80944354447203892     
7           -54.518853161850963      
0           0                        
6           -126.19453436326816      
3           -6.9188911805766233      
2           -0.80944354447203892     
2           -0.80944354447203892     
2           -0.80944354447203892     
2           -0.80944354447203892     
5           -177.61430875443446      
2           -0.80944354447203892     
3           -6.066020198265937       
6           -7.2849919002483503      
3           -1.8212479750620876      
7           -120.40405396755412      
2           -34.9935503772369        
3           -7.8159196596135612      
2           -0.80944354447203892     
3           -249.54860621140506      
6           -112.49907239620154      
4           -3.2377741778881557      
4           -4.6743375933571985      
5           -60.219646876244283      
5           -5.0590221529502433      
3           -4.2168738167473752      
6           -171.76105992834292      
4           -61.265759485153829      
3           -1.8212479750620876      
2           -0.80944354447203892     
4           -7.9461517858980368      
3           -59.917833005225368      
3           -1.8212479750620876      
