430 1 -4127 35 35 35
3           -1.764339832991862       
2           -0.78415103688527188     
2           -0.78415103688527188     
1           -0.19603775922131797     
6           -109.77538271970313      
0           0                        
7           -330.65644357884105      
4           -13.341664748516409      
3           -1.764339832991862       
7           -16.189025530052355      
2           -0.78415103688527188     
4           -111.87327635933939      
2           -0.78415103688527188     
3           -1.764339832991862       
3           -8.8606529583768818      
3           -3.2546414013119911      
3           -2.9171305876328066      
6           -13.387391635486733      
3           -1.764339832991862       
4           -32.122578014574877      
4           -53.602113210177052      
2           -0.78415103688527188     
0           0                        
5           -187.64305821962785      
6           -30.0772865474021        
0           0                        
1           -0.19603775922131797     
5           -16.599859258634179      
4           -7.6377305233129444      
2           -0.78415103688527188     
3           -3.075613221730424       
3           -83.949510371324237      
7           -30.560638693471365      
7           -54.855204626387035      
7           -111.32947888546133      
2           -0.78415103688527188     
4           -3.1366041475410875      
9           -444.95843385443374      
4           -3.1366041475410875      
4           -13.02982785443705       
3           -3.9869438140300719      
5           -84.244047667632969      
2           -0.78415103688527188     
2           -0.78415103688527188     
1           -0.19603775922131797     
4           -3.1366041475410875      
4           -71.822860777134991      
6           -206.7584961723033       
3           -1.764339832991862       
5           -91.237536549699769      
1           -0.19603775922131797     
1           -0.19603775922131797     
4           -7.0537081433363991      
4           -202.96803034928965      
2           -11.559747947174138      
2           -0.78415103688527188     
4           -25.115080572068894      
3           -1.764339832991862       
0           0                        
3           -4.9559427840085553      
2           -0.78415103688527188     
3           -62.953770509367345      
3           -1.764339832991862       
2           -0.78415103688527188     
2           -0.78415103688527188     
2           -0.78415103688527188     
2           -0.78415103688527188     
2           -0.78415103688527188     
4           -3.1366041475410875      
3           -1.764339832991862       
4           -4.4542736165855858      
2           -0.78415103688527188     
1           -0.19603775922131797     
4           -3.1366041475410875      
6           -48.838778593913425      
5           -42.87368376390171       
7           -45.309018889776631      
5           -82.287628644945457      
4           -3.1366041475410875      
2           -0.78415103688527188     
2           -0.78415103688527188     
4           -71.395734402275153      
1           -0.19603775922131797     
3           -3.3057348946358465      
8           261.37562702756441       
3           -4.1223642590845149      
6           -42.539868292723199      
8           -572.16840674404034      
4           -30.255274803054718      
3           -4.3126772744087667      
2           -0.78415103688527188     
1           -0.19603775922131797     
1           -0.19603775922131797     
4           -83.383021863411599      
8           -569.7963817754578       
5           -62.688476832816946      
1           -0.19603775922131797     
3           -12.921988008463646      
4           -5.9384208204727376      
3           -4.0056630004583749      
1           -0.19603775922131797     
