430 1 -4127 35 35 35
2           -5.6886202856566097      
4           -124.13111793339985      
3           -12.799395642727369      
1           -1.4221550714141524      
7           -912.13915910298385      
4           -407.42519510719296      
4           -990.93624624192819      
12          -3338.6790420780699      
5           -45.95397061661869       
1           -1.4221550714141524      
6           -1680.5281243813372      
0           0                        
2           -5.6886202856566097      
3           -165.72961934891282      
3           -12.799395642727369      
4           -997.00875393246974      
3           -12.799395642727369      
3           -12.799395642727369      
6           -137.79888414743141      
0           0                        
1           -1.4221550714141524      
2           -5.6886202856566097      
2           -43.917519153342667      
4           -66.148324605581081      
4           -1147.6717132042829      
5           -2634.362270902117       
3           -12.799395642727369      
7           -1702.2174209577831      
3           -12.799395642727369      
0           0                        
3           -47.880514242346862      
3           -24.449510659482698      
4           -22.754481142626439      
0           0                        
2           -5.6886202856566097      
6           -1677.5189735595641      
8           -659.20388390258393      
1           -1.4221550714141524      
2           -505.87392234837256      
7           -574.15360074673913      
3           -12.799395642727369      
2           -5.6886202856566097      
3           -12.799395642727369      
6           -320.3188345799806       
5           -187.2996901233056       
6           -1087.3038186546944      
4           -618.79421442477428      
0           0                        
3           -65.609372867858085      
8           -1500.7108871682394      
2           -1308.1398611572911      
3           -851.79255601784018      
6           -2686.9523778698417      
3           -129.74974843559181      
3           -16.205155951407484      
5           -288.63093818069871      
3           -12.799395642727369      
3           -12.799395642727369      
0           0                        
3           -73.547479790940628      
1           -1.4221550714141524      
3           -26.493268634283769      
2           -5.6886202856566097      
1           -1.4221550714141524      
3           -12.799395642727369      
7           -1340.8046755259847      
3           -12.799395642727369      
6           -2112.1365304774204      
4           -43.153562833920802      
2           -5.6886202856566097      
6           -240.50950909151859      
1           -1.4221550714141524      
2           -5.6886202856566097      
3           -12.799395642727369      
2           -5.6886202856566097      
3           -349.64127737278278      
0           0                        
2           -5.6886202856566097      
6           -1521.6594877846919      
4           -262.71505413186861      
2           -5.6886202856566097      
2           -5.6886202856566097      
2           -5.6886202856566097      
4           -22.754481142626439      
4           -236.21302691856349      
1           -1.4221550714141524      
2           -65.519110058052519      
3           -12.799395642727369      
4           -22.754481142626439      
2           -5.6886202856566097      
3           -12.799395642727369      
1           -1.4221550714141524      
6           -1028.5858457986676      
7           -1082.4129864455645      
2           -5.6886202856566097      
3           -23.713021382623843      
1           -1.4221550714141524      
10          -3368.591078998174       
3           -12.799395642727369      
3           -12.799395642727369      
2           -5.6886202856566097      
