430 1 -4127 35 35 35
6           -1411.7090171977106      
5           -1185.6494670450516      
2           -5.7663389823942781      
3           -12.974262710387126      
4           -30.193085643172466      
2           -752.00501856538824      
6           -1751.7314438295821      
2           -5.7663389823942781      
2           -907.28043401195873      
4           -24.874827765006028      
7           -305.12732566231853      
5           -685.84565035279729      
1           -1.4415847455985695      
1           -1.4415847455985695      
3           -68.40155112898141       
3           -851.04630668167624      
9           -2452.4872127655972      
12          -3533.9035895395946      
5           -53.15136441156271       
4           -641.88112444389537      
5           -822.93512276814761      
3           -16.672229450578119      
1           -1.4415847455985695      
7           -340.75672270201386      
3           -22.395834589268699      
2           -5.7663389823942781      
4           -611.77747473478689      
3           -18.100939093180287      
3           -48.262782969248263      
2           -5.7663389823942781      
4           -374.97333369810917      
1           -1.4415847455985695      
3           -12.974262710387126      
8           -453.28281911506093      
5           -1224.0838151245923      
3           -12.974262710387126      
6           -181.13568606736055      
4           -23.065355929577112      
4           -154.17638157457537      
2           -7.5407075866431938      
4           -256.95030209101537      
4           -1065.4652478722894      
2           -5.7663389823942781      
0           0                        
3           -709.42764199023998      
6           -183.21707175433176      
4           -1165.9227598120442      
2           -5.7663389823942781      
4           -1142.2533392955197      
2           -94.568052493954582      
2           -5.7663389823942781      
1           -1.4415847455985695      
5           -1018.4400502385447      
5           -52.136743469652274      
1           -1.4415847455985695      
3           -28.244813021626353      
0           0                        
6           -748.71596476850141      
5           -847.48992196393533      
6           -109.8654999886575       
0           0                        
3           -12.974262710387126      
3           -290.0704868800587       
7           -1287.3404452773505      
5           -106.91889641775313      
4           -23.065355929577112      
3           -12.974262710387126      
2           -5.7663389823942781      
1           -1.4415847455985695      
3           -12.974262710387126      
7           -209.77576707226277      
1           -1.4415847455985695      
4           -24.120087952400596      
1           -1.4415847455985695      
4           -222.34316775217951      
3           -14.545541946080409      
2           -75.095493901611761      
4           -464.97924827024156      
6           -875.44947095630778      
5           -48.997434158776258      
1           -1.4415847455985695      
2           -102.19770977739191      
2           -18.048660778100597      
2           -5.7663389823942781      
2           -5.7663389823942781      
2           -5.7663389823942781      
3           -129.70906663536894      
3           -12.974262710387126      
2           -6.4870287118453973      
3           -12.974262710387126      
2           -5.7663389823942781      
0           0                        
4           -108.73852199239755      
1           -1.4415847455985695      
6           -190.50059710595241      
1           -1.4415847455985695      
8           -1204.960893249797       
7           -738.6263097085432       
4           -238.11581010344631      
3           -331.4319158855451       
3           -12.974262710387126      
