430 1 -4127 35 35 35
2           -2.2512045114487211      
3           -87.911235477975779      
2           -2.2512045114487211      
7           -176.92939402104105      
2           -2.2512045114487211      
2           -2.2512045114487211      
0           0                        
1           -0.56280112786218028     
4           -501.26864484434213      
6           -351.55041018617584      
4           -115.54925337171846      
5           -200.81237184106888      
3           -5.0652101507596221      
5           -21.301005623439178      
3           -5.0652101507596221      
9           -654.69910593543761      
3           1187.4839885114238       
6           -448.52683483487345      
5           -488.62721247373685      
3           -5.0652101507596221      
2           -2.2512045114487211      
2           -2.2512045114487211      
1           -0.56280112786218028     
1           -0.56280112786218028     
2           -2.2512045114487211      
2           -2.2512045114487211      
7           -98.189343797722245      
1           -0.56280112786218028     
3           -40.573306019263782      
1           -0.56280112786218028     
5           -503.91971853927919      
3           -365.05137475102231      
8           -570.49930677057125      
4           -89.576484574185798      
3           -5.0652101507596221      
7           -511.80190824843658      
2           -2.2512045114487211      
5           -274.92881340004175      
2           -10.029172577882326      
5           -137.22359377831788      
6           -43.986763645063505      
5           -68.028044005011267      
4           -495.69511932500166      
3           -17.919600686055645      
2           -2.9726263272392934      
1           -0.56280112786218028     
1           -0.56280112786218028     
3           -5.7883322402142312      
3           -5.0652101507596221      
2           -181.29949817504499      
6           -104.53262482354533      
4           -9.0048180457948845      
4           -74.19648696239102       
5           -445.36163270300085      
6           -97.577827482687226      
0           0                        
5           -34.662211786940503      
4           -109.34189673177485      
5           -117.19021790209527      
1           -0.56280112786218028     
2           -7.4706451353113721      
7           -121.7551639515946       
5           -59.418848455430521      
2           -10.231445010663483      
3           -6.3998940635979622      
7           -322.12178734832071      
1           -0.56280112786218028     
6           -391.3856044211139       
6           -123.31392415131364      
4           -56.763026283375943      
3           -79.891893076509419      
2           -2.2512045114487211      
4           -639.57456485963428      
4           -9.0048180457948845      
2           -2.2512045114487211      
3           -51.782250547779029      
7           -52.885723142395555      
3           -116.79714832059825      
2           -2.2512045114487211      
4           -217.13509391868971      
3           -5.0652101507596221      
8           -364.94659076816743      
8           -183.59068729302325      
5           -149.87167736236813      
1           -0.56280112786218028     
1           -0.56280112786218028     
4           -9.7353329883802946      
1           -0.56280112786218028     
3           -121.50108354022255      
5           -14.070028196554507      
6           -29.302749393362866      
5           -716.49547883620733      
4           -9.0048180457948845      
3           -5.0652101507596221      
4           -113.65642373564597      
2           -2.2512045114487211      
2           -2.2512045114487211      
3           -5.0652101507596221      
2           -2.2512045114487211      
3           -10.478823687059178      
4           -160.95776547540152      
