430 1 -4127 35 35 35
3           -4.9151464993215725      
4           -562.44583787115914      
3           -5.878852178120419       
3           -97.059216229487333      
0           0                        
6           -73.468188331132424      
1           -0.54612738881350809     
5           -593.90576105160005      
7           -891.86111256318588      
2           -2.1845095552540323      
3           -12.023291117848554      
5           -228.15126469160268      
6           -717.24078994510523      
3           -176.31159733446509      
1           -0.54612738881350809     
2           -2.1845095552540323      
2           -2.1845095552540323      
1           -0.54612738881350809     
7           -610.64597914923809      
2           -2.1845095552540323      
4           -8.7380382210161294      
4           -12.462802571210247      
3           -9.9961026807428901      
3           -4.9151464993215725      
8           -118.39469485632655      
2           -2.1845095552540323      
10          -451.03927489722076      
4           -8.7380382210161294      
6           -32.88996793672689       
2           -24.950302165821856      
0           0                        
2           -174.44497649144253      
5           -171.64711151846001      
1           -0.54612738881350809     
5           -14.419850716212206      
1           -0.54612738881350809     
3           -6.6528048724431184      
4           -654.49927870076397      
4           -8.7380382210161294      
5           -13.6531847203377        
4           -222.36677743890405      
2           -2.1845095552540323      
2           -2.1845095552540323      
3           -67.939978352339708      
2           -27.955364833243063      
5           -591.59006602223462      
3           -248.40778984152769      
3           -4.9151464993215725      
3           -263.88426064050253      
3           -6.4732829171927513      
5           -293.99077538314424      
5           -482.37452684946777      
2           -2.1845095552540323      
3           -13.651033661782815      
1           -0.54612738881350809     
4           -8.7380382210161294      
6           -68.043593432152704      
3           -4.9151464993215725      
3           -10.55483978420116       
6           -174.71619220905293      
4           -34.608384282003989      
4           -65.179325183184773      
3           -243.14553766586252      
2           -63.526158377590015      
2           -2.1845095552540323      
3           -155.93393057127386      
2           -10.884434813612625      
2           -2.1845095552540323      
6           -810.41736773488333      
1           -0.54612738881350809     
5           -41.460710839678299      
2           -2.1845095552540323      
3           -16.329013957230828      
4           -139.78900582223503      
1           -0.54612738881350809     
2           -2.1845095552540323      
4           -17.170488269678746      
1           -0.54612738881350809     
2           -2.1845095552540323      
6           -135.66301372305213      
6           -57.723698140623419      
7           -207.07755111476354      
7           -314.19580228569384      
2           -2.1845095552540323      
2           -2.1845095552540323      
4           -125.91811918860712      
3           -4.9151464993215725      
6           -82.289654526834823      
6           -199.76705496466903      
1           -0.54612738881350809     
2           -2.1845095552540323      
5           -602.51449806135724      
5           -246.56994183417208      
4           -401.2221807298082       
2           -2.1845095552540323      
3           -51.20305441799858       
5           -13.6531847203377        
3           -4.9151464993215725      
2           -2.1845095552540323      
5           -113.02430610017988      
2           -2.1845095552540323      
