430 1 -4127 35 35 35
1           -1.4415847455985695      
4           -73.268892424023804      
4           -23.065355929577112      
3           -12.974262710387126      
3           -300.56387126111406      
2           -5.7663389823942781      
1           -1.4415847455985695      
3           -12.974262710387126      
2           -5.7663389823942781      
4           -457.20388023239781      
3           -260.51524538725579      
1           -1.4415847455985695      
3           -12.974262710387126      
3           -12.974262710387126      
5           -1184.8204192907328      
2           -5.7663389823942781      
6           -124.89444937093124      
5           -263.94051292201164      
3           -1057.0717736162198      
2           -5.7663389823942781      
4           -48.278863012257091      
0           0                        
6           -116.79745331815441      
7           -166.49415194753215      
5           -1011.8422834561862      
2           -184.35908371246941      
6           -857.07361514509773      
10          -1650.6834836323849      
3           -12.974262710387126      
4           -343.58470378022952      
2           -5.7663389823942781      
6           -106.29143267047419      
4           -23.065355929577112      
4           -23.065355929577112      
4           -27.957350776863784      
1           -1.4415847455985695      
1           -1.4415847455985695      
4           -1035.6255513835035      
1           -1.4415847455985695      
1           -1.4415847455985695      
6           -1731.2736211972435      
3           -63.875117329663951      
2           -5.7663389823942781      
3           -12.974262710387126      
3           -12.974262710387126      
1           -1.4415847455985695      
2           -448.1649721770292       
5           -916.05933079025897      
2           -5.7663389823942781      
1           -1.4415847455985695      
1           -1.4415847455985695      
1           -1.4415847455985695      
2           -5.7663389823942781      
6           -345.96044063403286      
1           -1.4415847455985695      
2           -5.7663389823942781      
4           -748.50422542256354      
3           -370.17775794217283      
1           -1.4415847455985695      
3           -12.974262710387126      
8           -1206.9580388784473      
3           -12.974262710387126      
3           -757.47042596841391      
8           -3203.9061136062637      
3           -12.974262710387126      
0           0                        
3           -152.06763889083368      
2           -5.7663389823942781      
7           -1141.2009073008351      
4           -23.065355929577112      
2           -587.81412889255466      
2           -5.7663389823942781      
3           -12.974262710387126      
2           -5.7663389823942781      
2           -5.7663389823942781      
5           -37.096876196315286      
1           -1.4415847455985695      
2           -564.35623191350214      
4           -29.268030191504916      
8           -1912.7229414086785      
2           -5.7663389823942781      
5           -510.88505305257519      
4           -126.16920589337107      
4           -273.16459131836996      
5           -1727.0695162055827      
3           -12.974262710387126      
2           -5.7663389823942781      
8           -2163.3694962584277      
4           -526.50285454256436      
1           -1.4415847455985695      
5           -597.80934177254039      
3           -74.268362688708336      
7           -2279.1294590550165      
5           -48.887426564453314      
3           -768.65766957145104      
7           -1037.5937150357724      
8           -1615.4823898486602      
1           -1.4415847455985695      
3           -12.974262710387126      
1           -1.4415847455985695      
2           -33.124270892571616      
