430 1 -4127 35 35 35
1           -0.20236088611800973     
1           -0.20236088611800973     
3           -1.8212479750620876      
3           -5.5780880699360829      
4           -19.950084364314378      
3           -1.8212479750620876      
3           -4.2810379318359315      
0           0                        
5           -131.15008787438299      
4           -3.2377741778881557      
3           -85.406199058809278      
6           -21.562759716746626      
2           -17.499246047418612      
3           -109.05847834871915      
2           -0.80944354447203892     
1           -0.20236088611800973     
5           -6.916766053210103       
2           -161.66556170505419      
0           0                        
4           -4.4569562007417751      
6           -44.428586101448175      
2           -0.80944354447203892     
3           -133.81383025851576      
10          -396.59563597640579      
1           -0.20236088611800973     
4           -7.6071124066792457      
3           -146.6791264895985       
3           -1.8212479750620876      
1           -0.20236088611800973     
5           -154.93370825252489      
3           -1.8212479750620876      
3           -136.09856632810622      
1           -0.20236088611800973     
7           -267.7583699632516       
4           -4.9181806324799417      
3           -1.8212479750620876      
0           0                        
6           -235.35659608868326      
4           -7.0504501766279501      
8           -131.90009100114884      
1           -0.20236088611800973     
3           -15.563122907139523      
4           -117.20727390807214      
2           -0.80944354447203892     
5           -6.3544094639927273      
4           -5.3681425326434926      
5           15.723884634115509       
2           -0.80944354447203892     
2           -0.80944354447203892     
3           -1.8212479750620876      
2           -0.80944354447203892     
3           -1.8212479750620876      
1           -0.20236088611800973     
2           -0.80944354447203892     
1           -0.20236088611800973     
4           -12.707832647328011      
1           -0.20236088611800973     
4           -133.74793456820268      
2           -0.80944354447203892     
2           -3.693694556950625       
5           -235.7444616021437       
2           -54.296254024786897      
3           -212.45042833334981      
2           -3.4887874337374849      
4           -6.5854110697293962      
4           -31.771736325821642      
4           -36.493652335978396      
1           -0.20236088611800973     
3           -7.7818898186615568      
0           0                        
5           -62.482720515713616      
4           -126.46951007418588      
5           -8.1049629671681931      
7           -97.518185855100953      
4           -5.206427482364127       
8           -57.694469260952744      
5           -142.6408275131802       
3           -1.8212479750620876      
5           -62.053321474410829      
3           -1.8212479750620876      
5           -27.598649092670094      
2           -0.80944354447203892     
2           -0.80944354447203892     
2           -6.4630979345161226      
7           -65.918317124022877      
6           -158.7568738938574       
2           -0.80944354447203892     
9           -219.18573749180806      
2           -0.80944354447203892     
4           -8.8239260523285417      
4           -106.77752812167073      
4           -3.2377741778881557      
8           -261.90900911082861      
5           -5.0590221529502433      
1           -0.20236088611800973     
4           -7.7856847186917744      
6           -99.637250554927647      
3           -1.8212479750620876      
2           -0.80944354447203892     
4           -6.766809807330386       
6           -133.07728813706072      
