430 1 -4127 35 35 35
1           -1.4221550714141524      
3           -288.7024872274763       
2           -85.987078360212152      
4           -30.506164299168603      
7           -2718.3892372833025      
5           -605.20966369527264      
5           -1107.4767929037341      
6           -154.11815964615852      
2           -449.90145367212875      
3           -388.43035389825735      
4           -200.38323526746973      
6           127.85660190139717       
2           -5.6886202856566097      
2           -5.6886202856566097      
2           -5.6886202856566097      
9           -2521.2502596424943      
1           -1.4221550714141524      
3           -291.10786232785176      
5           -56.631271662420794      
4           -217.55549667298928      
3           -12.799395642727369      
3           -38.687359278966554      
3           -12.799395642727369      
4           -798.2862317031387       
4           -85.480351865015564      
1           -1.4221550714141524      
4           -22.754481142626439      
10          -3904.267129233067       
6           -366.83069010106988      
3           -116.93558386516384      
7           -1695.1978533013805      
2           -911.47124945608766      
5           -2190.7051243242581      
5           -1265.4360628099914      
7           -1536.1664582343533      
1           -1.4221550714141524      
4           -956.1803302722833       
2           -5.6886202856566097      
1           -1.4221550714141524      
3           -47.320154607148922      
7           -118.04890090159179      
1           -1.4221550714141524      
1           -1.4221550714141524      
4           -22.754481142626439      
2           -5.6886202856566097      
2           -552.10234373716867      
8           -545.85835595515027      
0           0                        
6           -337.63574515222899      
5           -82.150164879542132      
1           -1.4221550714141524      
1           -1.4221550714141524      
3           -12.799395642727369      
2           -5.6886202856566097      
7           -2495.158810001602       
5           -41.669176947302773      
6           -587.46096097884788      
5           -732.14433746164843      
1           -1.4221550714141524      
4           -29.694239340012196      
3           -588.70855366937656      
4           -201.66642311971174      
2           -242.42979514274933      
4           -703.98856668861845      
6           -741.47988481482389      
7           -2043.3421961018971      
3           -26.889860049949888      
4           -426.22001379148031      
2           -7.8370060243637072      
4           -106.49806657154289      
8           -3542.134590922411       
1           -1.4221550714141524      
4           -242.63175871566429      
5           -62.715447673672791      
4           -297.33383385548774      
3           -16.871366225362671      
2           -5.6886202856566097      
5           -1112.9832632080247      
2           -5.6886202856566097      
5           -986.21939858836299      
6           -1645.4380168989285      
2           -5.6886202856566097      
5           -164.62506674098165      
7           -255.35648362900628      
2           -5.6886202856566097      
3           -12.799395642727369      
6           -1221.9591055617718      
10          -1233.1297148383358      
1           -1.4221550714141524      
3           -12.799395642727369      
2           -5.6886202856566097      
2           -5.6886202856566097      
1           -1.4221550714141524      
1           -1.4221550714141524      
2           -5.6886202856566097      
4           -22.754481142626439      
2           -5.6886202856566097      
3           -146.78464982008231      
3           -15.466064616368662      
5           -50.85992178319669       
3           -404.0626553221399       
