430 1 -4127 35 35 35
4           -35.302537297137398      
3           -2.9439353374803821      
1           -0.19603775922131797     
4           -5.6507804483346735      
8           -104.55722699351765      
5           -92.818148396419389      
3           -1.764339832991862       
1           -0.19603775922131797     
3           -5.5607697795160886      
6           -89.915696388568733      
6           -144.71114002108402      
8           -116.75108689584189      
3           -160.33657870881092      
4           -142.1892740861885       
4           -41.2851925709368        
4           -6.9986058636916297      
3           -1.764339832991862       
4           -6.8726947400796785      
4           -13.917599139619144      
5           -197.96842476921185      
5           -67.463800214682038      
3           -116.9990452184179       
4           -7.414220089047582       
1           -0.19603775922131797     
3           -1.764339832991862       
5           -20.452630214680486      
2           -0.78415103688527188     
4           -193.31168529957554      
2           -0.78415103688527188     
4           -31.724213010051397      
3           -5.6787631359642337      
5           -102.56751826796614      
6           -52.513218371586483      
5           -41.241233483410205      
1           -0.19603775922131797     
5           -26.091824680808493      
3           -29.589084908656751      
3           -15.340797342945347      
5           -94.481310738527796      
5           -200.40968553741189      
2           -0.78415103688527188     
3           -1.764339832991862       
6           -96.951200766719623      
5           215.81865104124776       
5           -43.520819824726694      
3           -1.764339832991862       
5           -23.670415905983919      
2           -0.78415103688527188     
4           -23.218687978299911      
1           -0.19603775922131797     
2           76.632212428155214       
1           -0.19603775922131797     
3           -1.764339832991862       
1           -0.19603775922131797     
1           -0.19603775922131797     
6           -153.1436796281964       
8           -324.21394063891222      
4           -15.648243436690466      
5           -58.89228090368789       
4           -20.767228614651962      
1           -0.19603775922131797     
4           -3.1366041475410875      
1           -0.19603775922131797     
3           -1.764339832991862       
3           -5.1323218368842705      
2           -0.78415103688527188     
3           -3.2282426383150833      
5           -118.89832434241498      
4           -10.754708416975166      
4           -29.876887212549608      
1           -0.19603775922131797     
1           -0.19603775922131797     
2           -128.54987239159527      
3           -1.764339832991862       
4           -46.651124306428507      
3           -107.28794052936762      
3           -1.764339832991862       
4           -71.055304218189292      
1           -0.19603775922131797     
0           0                        
4           -10.348374592730055      
1           -0.19603775922131797     
6           -26.614634737113924      
4           -3.1366041475410875      
4           -13.649209133037457      
0           0                        
2           -0.78415103688527188     
3           -1.764339832991862       
2           -0.78415103688527188     
0           0                        
3           -1.764339832991862       
2           -0.78415103688527188     
4           -3.1366041475410875      
4           -22.443687677346094      
4           -10.364270736304656      
5           -170.64962146438768      
2           -0.78415103688527188     
6           -143.1578420903511       
4           -3.1366041475410875      
2           -82.208840675795955      
5           -4.9009439805329498      
