430 1 -4127 35 35 35
3           -181.89500298191746      
3           -5.0652101507596221      
0           0                        
2           -2.2512045114487211      
3           -9.8626699396069313      
4           -9.0048180457948845      
4           -9.0048180457948845      
7           -548.50792261130675      
4           -102.50726506151605      
4           -211.07727110579256      
5           -24.282752714968161      
5           -122.0282668900076       
2           -2.2512045114487211      
10          -1163.6340681576103      
6           -70.055877854899009      
3           -5.0652101507596221      
4           -9.0048180457948845      
5           -80.752258416472799      
1           -0.56280112786218028     
2           -2.2512045114487211      
3           -5.0652101507596221      
1           -0.56280112786218028     
0           0                        
8           -472.22061663651687      
6           -21.02948893851336       
6           -154.09512334812734      
4           -69.541699941272981      
4           -299.43935242030432      
3           -5.0652101507596221      
2           -2.2512045114487211      
4           -9.0048180457948845      
4           -181.18206434840988      
3           -5.0652101507596221      
4           -171.52131044637534      
6           -49.149711649527354      
4           -9.0048180457948845      
6           -616.63812431595363      
6           -320.02146451962403      
3           -5.0652101507596221      
1           -0.56280112786218028     
1           -0.56280112786218028     
6           -58.513921560266752      
4           -9.0048180457948845      
3           -47.417420197441473      
2           -2.2512045114487211      
3           -5.0652101507596221      
4           -10.863155047611622      
4           -9.0048180457948845      
2           -2.2512045114487211      
11          -1182.9155815555232      
3           -37.446916499969007      
3           -5.0652101507596221      
1           -0.56280112786218028     
2           -2.2512045114487211      
3           -134.16521146523135      
3           -5.0652101507596221      
7           -556.66714880249253      
3           -183.52766176965207      
1           -0.56280112786218028     
4           -11.630717483258         
6           -24.011496769277752      
4           -11.288188404097138      
5           -503.10791564100765      
4           -9.0048180457948845      
2           -3.0016237138011541      
5           -21.411299792007082      
7           -692.34314352361457      
2           -2.2512045114487211      
8           -857.95924968647012      
8           -773.42791569875988      
7           -318.40088564171111      
2           -2.2512045114487211      
2           -2.2512045114487211      
2           -2.2512045114487211      
5           -659.65317927430817      
7           -575.5264869899554       
2           -2.2512045114487211      
3           -5.0652101507596221      
0           0                        
4           -9.0048180457948845      
4           -14.34065391485208       
4           -84.53211585131163       
1           -0.56280112786218028     
7           -620.13561178522593      
7           -858.39929620233477      
4           -24.022681249749326      
6           -548.17584234283322      
2           -142.24085590093841      
3           -5.0652101507596221      
2           -15.45875144513006       
1           -0.56280112786218028     
7           -176.28425603457586      
3           -5.0652101507596221      
2           -2.2512045114487211      
2           -2.2512045114487211      
4           -12.415605998572584      
4           -9.0048180457948845      
6           -184.63740836906862      
5           -23.934278387928899      
4           -9.8493492811827963      
6           -249.35466581492665      
