430 1 -4127 35 35 35
1           -0.54612738881350809     
4           -13.897292227152315      
5           -14.377036402688914      
7           -53.068411687010055      
5           -13.6531847203377        
3           -14.767965873130255      
2           -2.1845095552540323      
4           -25.859012309771028      
6           -19.66058599728629       
3           -6.6044007743196413      
4           -11.617728306154445      
0           0                        
2           -2.1845095552540323      
1           -0.54612738881350809     
4           -17.124498629776451      
5           -125.17909161262119      
7           -263.3450348909646       
4           -8.7380382210161294      
3           -6.1943234653292896      
3           -8.7477483250110382      
4           -8.7380382210161294      
4           -8.7380382210161294      
1           -0.54612738881350809     
2           -2.1845095552540323      
4           -54.020675376658204      
6           -198.67612746878845      
2           -2.1845095552540323      
2           -2.1845095552540323      
2           -2.1845095552540323      
5           -385.29373677373826      
1           -0.54612738881350809     
2           -583.72832878974691      
2           -2.1845095552540323      
3           -262.66538173613912      
1           -0.54612738881350809     
6           -357.38054661219599      
4           -294.40018059343333      
3           -4.9151464993215725      
2           -2.1845095552540323      
4           -428.34668394833187      
7           -49.116720775534958      
5           -132.29413349110254      
1           -0.54612738881350809     
2           -14.609279111801509      
1           -0.54612738881350809     
2           -2.1845095552540323      
4           -420.71485444565434      
3           -214.50737813036366      
2           -2.1845095552540323      
3           -4.9151464993215725      
2           -10.685154801386073      
1           -0.54612738881350809     
2           -2.1845095552540323      
3           -5.7272278700954979      
2           -2.1845095552540323      
0           0                        
2           -2.1845095552540323      
3           -32.955531975272862      
7           -92.889107380471685      
5           -34.750065329793252      
3           -4.9151464993215725      
1           -0.54612738881350809     
4           -8.7380382210161294      
1           -0.54612738881350809     
3           -4.9151464993215725      
1           -0.54612738881350809     
4           -400.20227464614732      
3           -4.9151464993215725      
6           -650.86348063665616      
0           0                        
2           -2.1845095552540323      
3           -61.211250795412994      
0           0                        
3           -46.133700897590018      
0           0                        
7           -245.85613294900494      
3           -211.80781622110382      
6           -62.744098978472046      
6           -251.30547867204675      
2           -2.1845095552540323      
3           -4.9151464993215725      
15          -2197.0813632759664      
4           -280.69462981346385      
2           -2.1845095552540323      
0           0                        
6           -475.67987907490783      
3           -4.9151464993215725      
10          -353.0321408318124       
3           -92.552644676209923      
4           -319.91397202633732      
3           -4.9151464993215725      
4           -245.32123147060139      
5           -16.113410276074127      
3           -53.343307735760455      
2           -2.1845095552540323      
0           0                        
1           -0.54612738881350809     
5           -13.6531847203377        
5           -437.19957066879067      
5           -99.506548732978985      
4           -30.529127511055602      
