430 1 -4127 35 35 35
3           -16.370487741308693      
2           -55.178563539501958      
4           -22.754481142626439      
4           -22.754481142626439      
3           -12.799395642727369      
5           -868.73915451541905      
8           -1336.7301906376249      
1           -1.4221550714141524      
6           -721.59911185048304      
5           -38.352301826454294      
2           -5.6886202856566097      
6           -51.197582570909475      
6           -51.197582570909475      
3           -31.411090829832947      
6           -170.16768581560439      
3           -259.19228048545557      
0           0                        
3           -230.05240620503267      
5           -1250.8337731073946      
0           0                        
7           -1448.3647006404888      
4           -132.71773804385279      
4           -681.75734964484116      
1           -1.4221550714141524      
3           -12.799395642727369      
3           -12.799395642727369      
2           -28.161814576761891      
4           -45.443621521655231      
3           -12.799395642727369      
6           -2532.3159905434864      
6           -534.68676652840588      
2           -5.6886202856566097      
6           -897.44764650322554      
8           -1795.9866010091134      
5           -193.77968883847501      
3           -75.757518274153369      
5           -507.12146097034451      
2           -28.9130623000813        
2           -7.8909677410672074      
4           -496.34889188621293      
4           -23.633196220123722      
3           -383.38049537812299      
0           0                        
7           -1405.7482722849425      
4           -22.754481142626439      
2           -342.86332609171376      
4           -25.010375409900217      
2           -217.6687140341981       
1           -1.4221550714141524      
5           -1804.0020456276411      
2           -5.6886202856566097      
1           -1.4221550714141524      
4           -252.36888401646723      
1           -1.4221550714141524      
2           -1030.3662917042245      
4           -23.704712297082406      
3           -12.799395642727369      
8           -680.57375203310528      
4           -1025.4727309180589      
4           -45.719886855815489      
1           -1.4221550714141524      
2           -5.6886202856566097      
4           -47.565779554159285      
5           -200.86506725645955      
4           -23.891548975569584      
2           -5.6886202856566097      
2           -14.485846994659966      
4           -650.34758337157643      
1           -1.4221550714141524      
6           -1500.3122678345503      
0           0                        
2           -5.6886202856566097      
3           -15.622390708210611      
4           -1153.497669362187       
1           -1.4221550714141524      
5           183.40795287511207       
1           -1.4221550714141524      
0           0                        
0           0                        
6           -2453.0905206799007      
3           -14.770730415165158      
0           0                        
2           -5.6886202856566097      
2           -6.5460807084906394      
3           -199.65987372549392      
1           -1.4221550714141524      
1           -1.4221550714141524      
4           -33.366672913002652      
2           -5.6886202856566097      
2           -5.6886202856566097      
4           -1104.9170453063994      
4           -29.274809118022546      
0           0                        
4           -249.56938178472569      
4           -24.62596649572421       
7           -567.60800286078631      
1           -1.4221550714141524      
2           -5.6886202856566097      
3           -14.641553088007187      
4           -1613.48244130793        
4           -43.093314671119842      
