430 1 -4127 35 35 35
2           -2.2512045114487211      
4           -9.0048180457948845      
3           -5.0652101507596221      
1           -0.56280112786218028     
5           -14.070028196554507      
2           -2.2512045114487211      
2           -2.2512045114487211      
3           -5.0652101507596221      
2           -6.7698849261778991      
3           -23.954385761049085      
1           -0.56280112786218028     
1           -0.56280112786218028     
4           -9.0048180457948845      
0           0                        
4           -46.224333595755702      
4           -88.95918118155808       
4           -123.08957822672096      
4           -9.0048180457948845      
4           -174.25290882726003      
7           -619.84633839785045      
3           -5.0652101507596221      
7           -774.34333429110882      
2           -2.2512045114487211      
5           -47.00138255879537       
5           -50.319785995299029      
1           -0.56280112786218028     
2           -4.2421779843334324      
6           -601.91497535680855      
3           -49.323963624465463      
5           -204.77694652680324      
4           -90.641108763879174      
3           -8.6149456538933329      
3           -5.0652101507596221      
8           -308.77547762062625      
0           0                        
4           -182.43463838132882      
6           -446.30702699317561      
2           -2.2512045114487211      
1           -0.56280112786218028     
3           -5.0652101507596221      
3           -5.0652101507596221      
4           -94.867916579157395      
3           -5.8935873959024256      
1           -0.56280112786218028     
6           -38.816415332073959      
5           -165.39419657353443      
2           -2.2512045114487211      
2           -330.76408590851742      
0           0                        
0           0                        
1           -0.56280112786218028     
1           -0.56280112786218028     
4           -184.18718043758872      
0           0                        
4           -950.7902541574357       
2           -2.2512045114487211      
1           -0.56280112786218028     
5           -22.482833775817745      
2           -2.2512045114487211      
0           0                        
3           -32.455697345908391      
2           -2.2512045114487211      
2           -2.2512045114487211      
5           -18.850753046181303      
2           -4.2319193474981507      
4           -9.7672532414799349      
6           -567.63972247266338      
2           -2.2512045114487211      
2           -2.2512045114487211      
3           -617.69261074671908      
5           -222.95111822431284      
2           -2.2512045114487211      
6           -57.529627809371519      
3           -5.0652101507596221      
2           -4.0144559051053763      
5           -342.38554502263941      
5           -35.553258181763148      
1           -0.56280112786218028     
4           -378.70231129181872      
5           -48.275712149297988      
2           -2.2512045114487211      
3           -19.072054774937452      
0           0                        
2           -220.19946257675593      
2           -2.2512045114487211      
6           -110.0668324116419       
3           -5.0652101507596221      
2           -2.2512045114487211      
2           -2.2512045114487211      
2           -12.405360105077367      
2           -3.3952737236060146      
7           -30.981341153878326      
0           0                        
5           -230.5835048065334       
8           -100.20573349240264      
3           -5.0652101507596221      
10          -485.00573137395753      
1           -0.56280112786218028     
5           -310.98860795138899      
2           -2.2512045114487211      
2           -4.5303107786740435      
