430 1 -4127 35 35 35
2           -2.1845095552540323      
2           -464.02484465129191      
3           -4.9151464993215725      
4           -50.265108191126572      
1           -0.54612738881350809     
2           -21.23307911060434       
5           -26.376924033123608      
3           -21.392198159811954      
6           -681.07967458792473      
5           -279.71438520165952      
1           -0.54612738881350809     
3           -4.9151464993215725      
6           -24.914932690819683      
5           -217.53949621083621      
7           -44.500957309649472      
5           -13.6531847203377        
2           -2.1845095552540323      
7           -300.34292685583426      
5           -13.6531847203377        
2           -2.1845095552540323      
6           -601.14505391222531      
6           -262.32620568182267      
4           -20.76910096789517       
3           -43.945594945300194      
5           -323.39277850603588      
2           -2.1845095552540323      
2           -5.4632434601362636      
2           -2.1845095552540323      
6           -54.776795388773749      
4           -8.7380382210161294      
2           -2.1845095552540323      
3           -6.7565143174211908      
2           -2.1845095552540323      
6           -726.76243711599909      
1           -0.54612738881350809     
2           -2.1845095552540323      
2           -2.1845095552540323      
3           -4.9151464993215725      
2           -2.1845095552540323      
3           -74.648667990149903      
1           -0.54612738881350809     
3           -4.9151464993215725      
1           -0.54612738881350809     
5           -18.443490095044218      
2           -2.1845095552540323      
2           -2.1845095552540323      
3           -4.9151464993215725      
5           -44.574416492909087      
1           -0.54612738881350809     
1           -0.54612738881350809     
1           -0.54612738881350809     
3           -4.9151464993215725      
6           -22.573325939260833      
0           0                        
4           -49.101057285916838      
6           -58.794191815289985      
2           -2.1845095552540323      
5           -454.1436930641475       
1           -0.54612738881350809     
5           -14.362526951848645      
2           -2.1845095552540323      
5           -437.90188857074423      
5           -180.36015674168468      
3           -509.22773112714265      
4           -45.593399930070888      
0           0                        
2           -2.1845095552540323      
2           -2.1845095552540323      
0           0                        
1           -0.54612738881350809     
5           -205.05699930828882      
3           -4.9151464993215725      
4           -40.244834178883039      
7           -519.13342365376889      
4           -8.7380382210161294      
5           -367.02936996358693      
5           -85.290511470590062      
3           -79.447705797724979      
2           -2.1845095552540323      
2           -2.1845095552540323      
7           -134.73421397415586      
3           -5.7042732999545418      
2           -2.9786233363628538      
2           -2.1845095552540323      
3           -4.9151464993215725      
1           -0.54612738881350809     
6           -477.00028316308783      
1           -0.54612738881350809     
5           -40.176388033638069      
4           -110.39517193077441      
3           -4.9151464993215725      
5           -73.903771943538231      
4           -107.96101165415244      
2           -2.1845095552540323      
1           -0.54612738881350809     
4           -157.05279338354057      
3           -4.9151464993215725      
9           -878.4698109653101       
1           -0.54612738881350809     
6           -77.847990972108164      
3           -4.9151464993215725      
