430 1 -4127 35 35 35
3           -2.8833463066584617      
2           -0.78415103688527188     
2           -9.9527709397106623      
0           0                        
2           -0.78415103688527188     
1           -0.19603775922131797     
3           -10.50080126274838       
0           0                        
3           -9.4960618361985922      
0           0                        
4           -239.54200016076993      
3           -3.4269038561950431      
1           -0.19603775922131797     
3           -6.8782597177904083      
4           -5.0785863148758619      
4           -3.1366041475410875      
6           -195.9843370106116       
4           -134.53007733722714      
4           -3.1366041475410875      
3           -1.764339832991862       
3           -114.16946783852198      
5           -153.72353018992854      
3           -1.764339832991862       
0           0                        
0           0                        
3           -1.764339832991862       
4           -66.389709453157252      
4           -3.1366041475410875      
1           -0.19603775922131797     
2           -0.78415103688527188     
1           -0.19603775922131797     
3           -66.716900644231188      
4           -109.71406009480567      
2           -0.78415103688527188     
5           -65.728670429369089      
3           -15.019288250802935      
6           -85.60031148028007       
0           0                        
2           -0.78415103688527188     
2           -42.442237985068196      
2           -0.78415103688527188     
8           -368.90481385706505      
1           -0.19603775922131797     
3           -1.764339832991862       
5           -178.89533221730792      
3           -3.3313210762759549      
1           -0.19603775922131797     
8           -364.54616556562593      
1           -0.19603775922131797     
4           -12.972298237657666      
5           -314.83441255790814      
3           -1.764339832991862       
1           -0.19603775922131797     
5           -58.407810795673356      
1           -0.19603775922131797     
3           -3.2154517270418213      
6           -123.27350584154868      
4           -33.687846898973987      
2           -0.78415103688527188     
6           -255.20390109952805      
3           -163.07902601135413      
4           -14.863596686570776      
5           -114.25338351416715      
3           -1.764339832991862       
5           -119.5385477898384       
2           -0.78415103688527188     
5           -14.654397926212319      
4           -3.1366041475410875      
3           -1.764339832991862       
5           -107.36682960254588      
2           -0.78415103688527188     
3           -7.4790576035681013      
1           -0.19603775922131797     
6           -68.329118169115759      
1           -0.19603775922131797     
5           -101.80931578533303      
6           -42.44715194859441       
4           -3.1366041475410875      
5           -38.377865588130405      
9           -98.990454958529142      
4           -5.1114248248475045      
1           -0.19603775922131797     
3           -11.476163235043183      
1           -0.19603775922131797     
2           -72.486539792538139      
3           -17.637022073120573      
5           -32.055353265904166      
2           -0.78415103688527188     
4           -7.9453860739292121      
5           -18.791818661329735      
2           -0.78415103688527188     
3           -1.764339832991862       
0           0                        
7           -364.23893334903079      
8           -98.851563216347074      
7           -171.53561773922226      
2           -1.9134800430588235      
3           -70.857057497066393      
4           -3.1366041475410875      
7           -155.949700286439        
4           -8.277753206938721       
