430 1 -4127 35 35 35
0           0                        
2           -2.1845095552540323      
2           -2.1845095552540323      
8           -704.52465278684303      
3           -4.9151464993215725      
4           -346.72521822064346      
5           -134.81500226316967      
1           -0.54612738881350809     
1           -0.54612738881350809     
1           -0.54612738881350809     
4           -37.69190735193925       
0           0                        
3           -4.9151464993215725      
4           -89.742213794561536      
4           -10.224287690441477      
2           -2.1845095552540323      
4           -14.716244582524684      
7           -351.83001131823505      
2           -10.603253755224642      
4           -412.26261637073651      
2           -3.2493975917386377      
2           -2.1845095552540323      
4           -194.58927673164385      
3           -4.9151464993215725      
1           -0.54612738881350809     
4           -9.4439217627478484      
4           -8.7380382210161294      
3           -51.887986634048424      
1           -0.54612738881350809     
3           -6.6691598347310102      
2           -2.1845095552540323      
3           -4.9151464993215725      
4           -72.820777084287784      
7           -358.62887547936509      
0           0                        
2           -2.1845095552540323      
4           -20.648650455521679      
5           -26.517429956334368      
3           -241.95337892253352      
2           -2.1845095552540323      
0           0                        
1           -0.54612738881350809     
2           -2.1845095552540323      
4           -64.596528920526453      
5           -33.814960216759914      
1           -0.54612738881350809     
1           -0.54612738881350809     
4           -8.7380382210161294      
5           -13.6531847203377        
6           -176.89524973292936      
5           -489.16543308089331      
7           -187.04539288781385      
4           -65.648064052808962      
4           -34.548216111743358      
3           -31.336503815287763      
5           -126.62828638738623      
7           215.01448083744305       
6           -325.73106970206743      
0           0                        
5           -47.535588971735706      
3           -14.239273101097764      
8           -428.6901185740694       
7           -465.10941200871986      
4           -66.661516276005202      
5           -244.70536544027925      
4           -58.20032961267539       
2           -2.1845095552540323      
0           0                        
2           -2.1845095552540323      
3           -4.9151464993215725      
6           -268.65447629711173      
3           -4.9151464993215725      
1           -0.54612738881350809     
4           -569.84288968288922      
4           -87.001299747425193      
5           -17.217211643934192      
1           -0.54612738881350809     
3           -4.9151464993215725      
8           -404.85081244552856      
2           -2.1845095552540323      
4           -609.59298878087316      
3           -22.216313243569129      
3           -45.458515525066922      
5           -106.75936850808566      
1           -0.54612738881350809     
2           -39.138544516990578      
1           -0.54612738881350809     
6           -27.736847276859532      
3           -6.9589803032407831      
2           -518.8804383303144       
3           -4.9151464993215725      
3           -363.67601111151066      
5           -17.018867283251836      
0           0                        
4           -8.7380382210161294      
3           -4.9151464993215725      
3           -252.38318541441132      
4           -8.7380382210161294      
1           -0.54612738881350809     
2           -2.1845095552540323      
1           -0.54612738881350809     
