430 1 -4127 35 35 35
6           -1205.3733653374097      
8           -2088.6379955119755      
1           -1.4221550714141524      
4           -141.15885727599905      
4           -1201.1288213543708      
5           -408.66606112042138      
4           -1120.599459367739       
3           -19.035739702932318      
3           -12.799395642727369      
8           -3552.5470848496607      
1           -1.4221550714141524      
2           -33.226742601260931      
3           -12.799395642727369      
1           -1.4221550714141524      
3           -20.551193686104188      
3           -12.799395642727369      
1           -1.4221550714141524      
2           -5.6886202856566097      
1           -1.4221550714141524      
4           -341.33276917994817      
1           -1.4221550714141524      
2           -5.6886202856566097      
1           -1.4221550714141524      
3           -434.14745495261411      
3           -12.799395642727369      
3           -12.799395642727369      
6           -135.41656290267338      
5           -438.82571882023518      
2           -5.6886202856566097      
4           -1108.9723027949401      
2           -5.6886202856566097      
3           -12.799395642727369      
5           -38.794346194751114      
6           -988.88610463119085      
7           -73.155096507328352      
1           -1.4221550714141524      
2           -5.6886202856566097      
6           -772.82462921558306      
3           -12.799395642727369      
2           -5.6886202856566097      
3           -334.50817905775261      
1           -1.4221550714141524      
4           -25.067021503611578      
6           -942.86477053631586      
3           -12.799395642727369      
3           -12.799395642727369      
5           -285.65875267745952      
3           -12.799395642727369      
3           -665.46532953194912      
0           0                        
2           -5.6886202856566097      
2           -335.80435230197639      
4           -91.750449637706652      
5           -344.38424896077976      
3           -67.804112109647775      
3           -12.799395642727369      
9           -1581.0400134826571      
6           -1512.9929734583225      
6           -1651.9414681460312      
4           -1710.5566294278212      
6           -473.1171932243135       
7           -133.52649580038553      
5           -83.436565309544875      
6           -70.560858120252789      
4           -22.754481142626439      
3           -12.799395642727369      
2           -5.6886202856566097      
2           -5.6886202856566097      
6           -1123.8030085634607      
3           -65.137325362779706      
4           -218.26247417776335      
2           -5.6886202856566097      
4           -35.904488586188144      
4           -78.763167561811542      
1           -1.4221550714141524      
8           -885.73177893017203      
2           -5.6886202856566097      
0           0                        
2           -5.6886202856566097      
4           -727.86045189349238      
5           -47.801141795564689      
3           -12.799395642727369      
8           -564.27296084062903      
4           -436.89152361402483      
2           -5.6886202856566097      
1           -1.4221550714141524      
3           -12.799395642727369      
2           -5.6886202856566097      
0           0                        
4           -193.96449421404498      
2           -5.6886202856566097      
4           -186.41332910648958      
6           -1768.4947979466599      
1           -1.4221550714141524      
5           -1114.0225158563185      
4           -47.691905775306275      
7           -826.638380122429        
4           -43.049230660468794      
9           -1133.3658111825864      
8           -1418.6906561040964      
1           -1.4221550714141524      
