430 1 -4127 35 35 35
4           -28.30640718892883       
4           -1004.6126218374779      
0           0                        
6           -185.19345419582342      
3           -12.582130137348038      
3           -796.02643909823621      
5           -106.67759608744885      
2           -5.5920578388213498      
4           -316.21044596690251      
5           -549.26928204590354      
9           -1007.5149529068203      
6           -586.03518326365474      
3           47.041302934436452       
4           -54.607719134394685      
4           -22.368231355285399      
6           -519.11372804162556      
2           -5.5920578388213498      
2           -5.5920578388213498      
2           -5.5920578388213498      
6           -587.68495485742233      
4           -210.74720655847693      
5           -70.300697214067753      
9           -1655.4577260617975      
8           -587.717014459761        
0           0                        
4           -32.26525433365304       
3           -12.582130137348038      
2           -41.679304147930239      
2           -5.5920578388213498      
4           -42.042729147313402      
0           0                        
3           -12.582130137348038      
5           -77.426594512483931      
2           -5.5920578388213498      
3           -12.582130137348038      
2           -5.5920578388213498      
3           -625.36308534685327      
3           -25.868156523465416      
1           -1.3980144597053374      
6           -905.91638453200153      
6           -233.3986572666299       
1           -1.3980144597053374      
4           -22.368231355285399      
3           -13.84987987733536       
5           -2959.3765885883045      
4           -568.73360334555855      
3           -130.55545584194829      
0           0                        
2           -5.5920578388213498      
3           -12.582130137348038      
4           -597.75534058763947      
7           -2422.3503359039496      
2           -5.5920578388213498      
1           -1.3980144597053374      
5           -3183.6331540288725      
2           -9.2098533475252715      
1           -1.3980144597053374      
2           -5.5920578388213498      
6           -788.02834677203236      
2           -5.5920578388213498      
4           -146.35863359222648      
2           -5.5920578388213498      
5           -1015.0876305347605      
2           -6.440503568854627       
1           -1.3980144597053374      
0           0                        
3           -12.582130137348038      
2           -5.5920578388213498      
8           -2450.5365546732673      
5           -1122.7170658545317      
3           -521.26895765746417      
7           -1934.8873239706998      
0           0                        
4           -1046.7048836030651      
5           -822.59524489120588      
4           -28.403609106986298      
5           -211.28906353550099      
2           -5.5920578388213498      
6           -1005.8318409007275      
1           -1.3980144597053374      
4           -22.368231355285399      
5           -318.72278421356867      
2           -5.5920578388213498      
3           -88.698694383867036      
2           -149.83411932958413      
5           -135.62102407780776      
3           -12.582130137348038      
6           -153.84291894696992      
0           0                        
3           -12.582130137348038      
5           -448.58201167448306      
2           -592.73789360720161      
3           -12.582130137348038      
2           -5.5920578388213498      
6           -2406.7617950186632      
4           -22.368231355285399      
2           -5.5920578388213498      
2           -5.5920578388213498      
6           -462.02799373317316      
2           -5.5920578388213498      
6           -2148.9413832420964      
