430 1 -4127 35 35 35
6           -435.6951769607748       
7           -1448.4032036096619      
6           -2534.400264687838       
2           -5.7663389823942781      
3           -12.974262710387126      
2           -5.7663389823942781      
2           -5.7663389823942781      
1           -1.4415847455985695      
2           -5.7663389823942781      
5           -148.92990036272653      
1           -1.4415847455985695      
2           -5.7663389823942781      
8           -262.21404198605836      
1           -1.4415847455985695      
0           0                        
5           -51.310927927643945      
3           -44.062203739022998      
2           -5.7663389823942781      
1           -1.4415847455985695      
2           -18.056857400768504      
7           -1682.0827367886852      
3           -18.561479847372386      
4           -121.64054512252277      
6           -157.95947127786059      
5           -995.1155969470841       
3           -19.607166666864622      
3           -18.36369868930392       
5           -258.93916429069145      
6           -51.897050841548506      
2           -16.599262328009271      
1           -1.4415847455985695      
3           -224.52710440072414      
2           -5.7663389823942781      
5           -447.66902330933482      
4           -80.580271059472409      
7           -901.83706654642015      
2           -5.7663389823942781      
6           -1736.4430741249414      
4           -383.57130268480728      
5           -633.04476138625796      
6           -789.68914744739971      
3           -64.322253169102041      
1           -1.4415847455985695      
2           -5.7663389823942781      
2           -5.7663389823942781      
7           -946.09383797248165      
1           -1.4415847455985695      
3           -15.662721308725944      
3           -22.157108047499904      
1           -1.4415847455985695      
3           -481.28116906203832      
1           -1.4415847455985695      
3           -14.563637784062472      
2           -5.7663389823942781      
2           -5.7663389823942781      
1           -1.4415847455985695      
5           -263.21986047881899      
2           -10.356426692475392      
1           -1.4415847455985695      
2           -5.7663389823942781      
2           -5.7663389823942781      
3           -342.86572430751801      
2           -13.829936284362365      
1           -1.4415847455985695      
3           -128.02935128025459      
3           -12.974262710387126      
4           -23.065355929577112      
4           -23.065355929577112      
2           -8.3517186385841597      
9           -198.39167605497934      
3           -65.628307272783687      
2           -5.7663389823942781      
2           -5.7663389823942781      
4           -41.646969115632622      
1           -1.4415847455985695      
3           -12.974262710387126      
8           -825.98932416872674      
2           -5.7663389823942781      
2           -45.403517491266683      
3           -27.411232338575527      
5           -48.818060798397319      
3           -14.093688067167797      
1           -1.4415847455985695      
5           -1503.1782506601253      
0           0                        
1           -1.4415847455985695      
4           -23.065355929577112      
1           -1.4415847455985695      
2           -5.7663389823942781      
4           -38.987407048365469      
5           -118.55626244937579      
3           -15.389023598774855      
4           -35.464471377945117      
7           -1789.3053245830999      
3           -874.09988250501692      
1           -1.4415847455985695      
7           -1509.107832072018       
7           -768.72172824766449      
2           -57.184484301924897      
5           -64.991361248877809      
6           -347.93146328232075      
