430 1 -4127 35 35 35
4           -23.065355929577112      
0           0                        
2           -84.4718911464672        
5           -42.649029840096802      
4           -53.120313857837644      
4           -579.70988434576054      
5           -41.854256844899069      
1           -1.4415847455985695      
4           -506.72545311653914      
3           -12.974262710387126      
6           -206.54608890784829      
3           -12.974262710387126      
3           -137.97621180651012      
3           -76.577486750553135      
12          -4658.8664911445994      
2           -5.7663389823942781      
1           -1.4415847455985695      
4           -33.706115029118884      
2           -5.7663389823942781      
1           -1.4415847455985695      
3           -14.955778096400769      
10          -1243.4098183391254      
4           -49.416203867465512      
4           -23.065355929577112      
8           -1286.0849338868795      
11          -3458.7007083938902      
3           -52.208948893741649      
9           -2160.9803797111176      
3           -17.79474195949469       
3           -12.974262710387126      
2           -5.7663389823942781      
3           -12.974262710387126      
6           -1376.9424284254005      
4           -44.376787805603186      
3           -234.38944321173162      
2           -5.7663389823942781      
2           -5.7663389823942781      
4           -918.85237709767785      
2           -5.7663389823942781      
1           -1.4415847455985695      
0           0                        
2           -5.7663389823942781      
4           -23.065355929577112      
9           -1313.6969180928563      
5           -110.52146508509639      
4           -388.45503170809189      
4           -453.95490653415249      
2           -5.7663389823942781      
2           -5.7663389823942781      
6           -338.38344856216884      
9           -1902.2429873825727      
4           -394.76709836498998      
3           -12.974262710387126      
0           0                        
1           -1.4415847455985695      
3           -12.974262710387126      
4           -907.9194374900768       
4           -1014.95274137483        
3           -12.974262710387126      
4           -62.784892197351098      
3           -14.34095633585348       
4           -1373.9179670104288      
4           -23.065355929577112      
2           -5.7663389823942781      
4           -32.556523828609294      
4           -320.79177876771223      
1           -1.4415847455985695      
1           -1.4415847455985695      
1           -1.4415847455985695      
4           -23.065355929577112      
6           -1283.0165296845246      
0           0                        
3           -12.974262710387126      
0           0                        
3           -12.974262710387126      
5           -36.937173367921112      
4           -201.46567155410048      
4           -548.05335360536458      
1           -1.4415847455985695      
3           -1143.5598218971554      
6           -105.44528420042016      
2           -5.7663389823942781      
1           -1.4415847455985695      
8           -1208.6685458352952      
3           -365.85764924211054      
2           -5.7663389823942781      
1           -1.4415847455985695      
3           -14.284798832423425      
0           0                        
2           -5.7663389823942781      
4           -40.666634006674862      
2           -5.7663389823942781      
7           -657.17352769211516      
1           -1.4415847455985695      
3           -12.974262710387126      
4           -46.005639342607964      
2           -5.7663389823942781      
1           -1.4415847455985695      
3           171.74455848353793       
6           -88.633745051466974      
1           -1.4415847455985695      
