430 1 -4127 35 35 35
1           -0.20236088611800973     
4           -12.038261843064619      
3           -21.281956599124321      
3           -4.05871022977834        
1           -0.20236088611800973     
2           -0.80944354447203892     
2           -12.761562005626988      
1           -0.20236088611800973     
2           -0.80944354447203892     
7           -293.68751209865064      
8           -517.46415202295179      
3           -26.126573864410851      
4           -21.155671185900598      
3           -4.5605604990231612      
2           -105.75424714733478      
2           -72.742578778262128      
2           -0.80944354447203892     
2           -0.80944354447203892     
7           -369.8414838379403       
7           -67.338350865297045      
5           -104.54934496416929      
0           0                        
5           -5.0590221529502433      
2           -0.80944354447203892     
4           -12.7907105543085        
2           -0.80944354447203892     
2           -0.80944354447203892     
3           -1.8212479750620876      
12          -390.44753753492489      
5           -98.258706560023953      
10          -477.7424290643927       
8           -50.99889684835513       
4           -3.2377741778881557      
6           -24.966213644690768      
2           -92.379717197680094      
3           -1.8212479750620876      
2           -110.13903923500851      
1           -0.20236088611800973     
5           -81.918374760375443      
8           -284.00398136365317      
9           -118.59739827566301      
4           -6.2628595375197564      
4           -28.445561540459021      
7           -34.713916686415118      
5           -74.471264090324723      
2           -0.80944354447203892     
2           -0.80944354447203892     
3           -75.256058428486924      
5           -151.49106509441879      
2           -0.80944354447203892     
6           -169.5220354968811       
0           0                        
1           -0.20236088611800973     
7           -225.61833145194467      
1           -0.20236088611800973     
4           -133.02192308424816      
2           -0.80944354447203892     
1           -0.20236088611800973     
3           -1.8212479750620876      
4           -64.718642818459415      
3           -82.682340953945484      
6           -238.61988060229427      
4           -6.0204863804242077      
0           0                        
1           -0.20236088611800973     
4           -10.549323953007399      
1           -0.20236088611800973     
2           -1.9271604859652069      
2           -3.5526762925980493      
6           -16.120136900985663      
2           -5.3589134097916276      
1           -0.20236088611800973     
5           -5.0590221529502433      
0           0                        
5           -5.0590221529502433      
3           -87.515906953176696      
2           -0.80944354447203892     
2           -0.80944354447203892     
4           -76.279075462180089      
3           -1.8212479750620876      
1           -0.20236088611800973     
5           -15.026370361462803      
2           -0.80944354447203892     
5           -252.82284733042087      
4           -37.065651506434619      
1           -0.20236088611800973     
3           -3.5766315302474547      
1           -0.20236088611800973     
3           -1.8212479750620876      
2           -5.1116774502478677      
1           -0.20236088611800973     
3           -3.9626349903470675      
3           -1.8212479750620876      
5           -107.33444166636454      
3           -1.8212479750620876      
1           -0.20236088611800973     
10          -299.70757778052393      
3           -1.8212479750620876      
3           -3.0739625932919532      
7           -208.11441497269567      
4           -82.211645982242999      
