430 1 -4127 35 35 35
2           -2.1845095552540323      
1           -0.54612738881350809     
6           -292.39198886444558      
5           -248.07209010632383      
7           -748.42254143231435      
4           -73.721157652560464      
2           -99.877681837317283      
3           -16.993230264071169      
1           -0.54612738881350809     
2           -2.1845095552540323      
0           0                        
3           -274.70153662483051      
5           -763.56523871442528      
5           -338.0632110307605       
2           -2.1845095552540323      
3           -4.9151464993215725      
1           -0.54612738881350809     
1           -0.54612738881350809     
4           -12.421319981211081      
6           -135.51220418484914      
2           -2.1845095552540323      
5           -98.04233634212305       
4           -8.7380382210161294      
6           -20.595296735088979      
1           -0.54612738881350809     
6           -101.83336618064851      
2           -2.1845095552540323      
5           -113.12091611748711      
4           -59.851415731417575      
4           -13.123991300705001      
6           -30.312626897713354      
2           -2.1845095552540323      
6           -116.62102498171315      
8           -146.50845485543698      
4           -25.04718619511754       
2           -2.1845095552540323      
6           -19.66058599728629       
4           -53.425884576155141      
1           -0.54612738881350809     
2           -2.1845095552540323      
3           -26.015540529573574      
2           -8.5914599654267256      
4           -29.745469622971477      
0           0                        
1           -0.54612738881350809     
4           -22.852349294288565      
5           -220.11376005995123      
0           0                        
2           -2.1845095552540323      
1           -0.54612738881350809     
5           -13.6531847203377        
0           0                        
2           -2.1845095552540323      
2           -26.702799953250082      
1           -0.54612738881350809     
4           -40.090721345385717      
4           -50.197784418766119      
7           -537.50846563377138      
3           -17.707364233947008      
7           -33.330329485710067      
2           -2.1845095552540323      
3           -9.1197721794277342      
3           -4.9151464993215725      
5           -39.658053205676175      
1           -0.54612738881350809     
6           -479.33526911631282      
3           -61.551986074833977      
1           -0.54612738881350809     
3           -4.9151464993215725      
3           -4.9151464993215725      
1           -0.54612738881350809     
2           -2.1845095552540323      
0           0                        
6           -57.603921913634636      
3           -4.9151464993215725      
3           -4.9151464993215725      
2           -2.1845095552540323      
6           -810.11294949949263      
6           -187.00216344883125      
2           -2.1845095552540323      
5           -168.88360080941905      
5           -27.257536829139056      
1           -0.54612738881350809     
3           -4.9151464993215725      
3           -530.56409449618286      
1           -0.54612738881350809     
4           -8.7380382210161294      
5           -26.936042546898719      
1           -0.54612738881350809     
1           -0.54612738881350809     
4           -8.7380382210161294      
4           -409.46897125637747      
3           -4.9151464993215725      
6           -842.85847126341639      
0           0                        
3           -4.9151464993215725      
2           -2.1845095552540323      
2           -2.1845095552540323      
4           -12.409680158312774      
6           -56.140245825542834      
3           -176.89273346042458      
