430 1 -4127 35 35 35
2           -48.209460788757347      
0           0                        
8           -2392.0918190848824      
4           -38.089832454537458      
2           -5.5920578388213498      
7           -1670.5474008379595      
5           -83.062019448295018      
2           -5.5920578388213498      
7           -1123.3949538738134      
1           -1.3980144597053374      
4           -506.45681261407799      
6           -199.76853331373769      
0           0                        
6           -151.4158240143052       
3           -12.582130137348038      
5           -674.20363645865416      
2           -5.5920578388213498      
3           -12.582130137348038      
3           -714.84126175295251      
5           -62.074879114206738      
6           -263.78708466867533      
5           -427.31217896207983      
6           -134.23599302242556      
11          -4560.3745574518216      
3           -12.582130137348038      
0           0                        
3           -13.456006294666235      
3           -63.695837361723051      
1           -1.3980144597053374      
4           -367.17018657872768      
4           -44.533522390323014      
9           -1686.1927832651793      
3           -14.486278120302343      
6           -2011.2315492788016      
5           -955.35936633526865      
5           -977.73519014174633      
3           -239.93230756260854      
2           -5.5920578388213498      
7           -1218.9916576385533      
0           0                        
1           -1.3980144597053374      
3           -12.582130137348038      
2           -77.901284560641898      
4           -22.368231355285399      
5           -825.58974239659199      
5           -34.950361492633441      
1           -1.3980144597053374      
6           -1032.9891170622268      
1           -1.3980144597053374      
3           -392.63065438991953      
1           -1.3980144597053374      
4           -22.368231355285399      
3           -432.07686515627262      
2           -5.5920578388213498      
5           -691.60087304970136      
0           0                        
5           -82.182001812289812      
4           -78.505636481655472      
4           -796.87761203484104      
3           -379.3262062602933       
4           -22.368231355285399      
1           -1.3980144597053374      
5           -1501.0335521380146      
4           -278.06897680774722      
1           -1.3980144597053374      
2           -5.5920578388213498      
6           -918.38606060107963      
0           0                        
5           -201.85925279092461      
3           -12.582130137348038      
4           -754.96421548712976      
4           -22.368231355285399      
4           -37.950685742943463      
7           -122.90939116005194      
3           -13.443060432409196      
2           -5.5920578388213498      
7           -184.3706334778098       
4           -776.57870042566242      
6           -406.96069502236389      
5           -1104.137132368423       
3           -22.215582608320982      
5           -51.554274152109578      
3           -12.582130137348038      
3           -734.10030625441493      
4           -99.396569611180027      
3           -12.582130137348038      
3           -156.45402437503142      
5           -1130.0779856854392      
0           0                        
6           -171.74322164807691      
3           -59.183709648886186      
4           -584.63833588127011      
4           -33.67170853084869       
4           -580.87260541425246      
3           -20.068974442228821      
8           -1052.9920593050244      
2           -5.5920578388213498      
5           -237.05593752999692      
2           -5.5920578388213498      
1           -1.3980144597053374      
2           -7.0641679008629534      
