430 1 -4127 35 35 35
6           -1182.1321332677487      
4           -216.19856265945958      
5           -677.78735587520544      
3           -567.56027621932071      
2           -5.5920578388213498      
5           -54.881769471724795      
1           -1.3980144597053374      
3           -12.582130137348038      
4           -78.373832507427451      
1           -1.3980144597053374      
6           -269.90991870786331      
8           -563.80590943176753      
8           -556.98029800549966      
2           -5.5920578388213498      
4           -307.80923189126526      
0           0                        
8           -2795.3066723619786      
1           -1.3980144597053374      
3           -39.809347824436763      
6           -1588.4652210122306      
9           -816.21355171751065      
3           -574.26784291824833      
1           -1.3980144597053374      
3           -854.99690870543202      
3           -54.803113413538298      
8           -2084.9319794602688      
3           -12.582130137348038      
4           -1041.9142759794215      
3           -855.65398758953484      
4           -509.3788792347076       
5           -1308.9745491288002      
6           -694.21666577791041      
1           -1.3980144597053374      
2           -5.5920578388213498      
2           -5.5920578388213498      
5           -860.87715080713485      
5           -387.9284890490249       
3           -24.489375516685001      
2           -561.88903168774027      
1           -1.3980144597053374      
1           -1.3980144597053374      
6           -995.6917188002368       
1           -1.3980144597053374      
3           -26.558370135618635      
7           -421.61338979509605      
1           -1.3980144597053374      
2           -5.5920578388213498      
1           -1.3980144597053374      
2           -5.5920578388213498      
3           -12.582130137348038      
3           -12.582130137348038      
1           -1.3980144597053374      
4           -325.87214016367471      
0           0                        
2           -5.5920578388213498      
2           -10.416960362260845      
3           -193.66560839272435      
5           -34.950361492633441      
1           -1.3980144597053374      
5           -85.52159133779314       
3           -592.55486468240758      
5           -34.950361492633441      
6           -672.36116494290923      
8           -2275.26537573838        
3           -824.37301836478093      
8           -692.90820249509989      
2           -5.5920578388213498      
7           -583.8146985909641       
5           -1127.3552494874057      
2           -5.5920578388213498      
0           0                        
2           -5.5920578388213498      
4           -613.28875573643552      
3           -12.582130137348038      
4           -50.933749362803681      
6           -148.13027416785181      
4           -22.368231355285399      
3           -48.063799801957636      
3           -12.582130137348038      
3           -12.582130137348038      
2           -5.5920578388213498      
6           -51.901141849867585      
4           -59.343148064685792      
2           -5.5920578388213498      
2           -5.5920578388213498      
2           -5.5920578388213498      
1           -1.3980144597053374      
4           -74.648662383993539      
2           -587.8952410615185       
6           -66.106070379278961      
2           -5.5920578388213498      
4           -106.74741463435757      
5           -40.719121794934566      
4           -44.342021070823769      
1           -1.3980144597053374      
4           -93.574673853022091      
5           -98.2676371493083        
4           -33.722259570257577      
3           -12.582130137348038      
3           -362.05052617870109      
3           -12.582130137348038      
