430 1 -4127 35 35 35
1           -0.56280112786218028     
1           -0.56280112786218028     
4           -147.95225391378253      
2           -2.2512045114487211      
5           -1157.3231019985415      
8           -307.268290368257        
4           -12.033019389268508      
2           -2.2512045114487211      
2           -2.2512045114487211      
4           -9.881956943143857       
5           -430.62465307404875      
3           -20.655185195942281      
6           -246.6466423622831       
1           -0.56280112786218028     
4           -108.11478045800845      
3           -5.0652101507596221      
2           -2.2512045114487211      
2           -2.2512045114487211      
2           -2.2512045114487211      
6           -575.62684097411         
4           -9.0048180457948845      
3           -44.480751171377847      
6           -24.612037658660466      
4           14.210951406322906       
2           -2.2512045114487211      
1           -0.56280112786218028     
3           -5.0652101507596221      
4           -199.95094113122499      
1           -0.56280112786218028     
3           -21.260508353493513      
3           -216.49259375459374      
2           -316.81558857496702      
5           -1111.4919746520395      
3           -5.0652101507596221      
2           -3.0848556309772754      
2           -2.2512045114487211      
7           -79.400239101275488      
3           -5.0652101507596221      
2           -90.336468394587769      
11          -1046.9936838710312      
2           -2.2512045114487211      
2           -2.2512045114487211      
1           -0.56280112786218028     
3           -5.0652101507596221      
2           -2.2512045114487211      
4           -13.232604203014319      
7           -383.92307656692054      
3           -5.0652101507596221      
9           -723.182635979677        
3           -5.0652101507596221      
4           -10.891868844605671      
2           -2.2512045114487211      
3           -5.0652101507596221      
2           -286.7305656392233       
7           -247.50475334947214      
3           -5.0652101507596221      
2           -2.2512045114487211      
3           -282.52136960266159      
2           -2.2512045114487211      
6           -112.86737725072473      
4           -106.5990949103265       
2           -2.2512045114487211      
2           -2.2512045114487211      
5           -20.984949321844596      
3           -5.0652101507596221      
6           -1151.3053819168617      
3           -8.6112957761532378      
4           -9.0048180457948845      
4           -13.189457067267712      
1           -0.56280112786218028     
5           -274.30768151854841      
6           -190.67077619375834      
6           -148.2773854817969       
5           -25.470314668552369      
4           -133.55267650170995      
5           -267.9525115175004       
4           -16.153401511389241      
5           -23.084334254764745      
5           -684.73548188723646      
1           -0.56280112786218028     
1           -0.56280112786218028     
0           0                        
2           -2.2512045114487211      
4           -471.5612317244661       
2           -2.2512045114487211      
1           -0.56280112786218028     
4           -9.9878220388725278      
4           -143.69798981221012      
2           -2.2512045114487211      
4           -23.068244343297373      
1           -0.56280112786218028     
2           -2.2512045114487211      
3           -10.763087046638628      
3           -5.0652101507596221      
5           -102.05576242958625      
2           -2.2512045114487211      
1           -0.56280112786218028     
2           -2.2512045114487211      
2           -2.2512045114487211      
0           0                        
7           -433.45959118857979      
