430 1 -4127 35 35 35
2           -5.6886202856566097      
2           -5.6886202856566097      
2           -5.6886202856566097      
0           0                        
2           -5.6886202856566097      
2           -5.6886202856566097      
5           -130.7000269226516       
5           -37.255513737567092      
8           -760.60194449567928      
4           -619.16355518192006      
4           -22.754481142626439      
3           -17.579398619621188      
1           -1.4221550714141524      
7           -1093.1259231706274      
3           -12.799395642727369      
3           -328.62131405604941      
7           -391.79513841659315      
6           -1029.802686628371       
1           -1.4221550714141524      
5           -1090.6072672841863      
7           -1287.1212179984091      
6           -148.46744970599892      
4           -943.13826118169186      
4           -23.688665296053994      
3           -12.799395642727369      
2           -5.6886202856566097      
2           -5.6886202856566097      
5           -608.25601082746323      
5           -35.553876785353808      
1           -1.4221550714141524      
3           -1302.4404249994022      
3           -20.330678896029504      
3           -12.799395642727369      
3           -301.39009070168441      
3           -12.799395642727369      
3           -12.799395642727369      
7           -1643.9428690268178      
3           -12.799395642727369      
2           -409.41474294158854      
5           -79.212052449287157      
2           -5.6886202856566097      
2           -5.6886202856566097      
5           -177.51105847243605      
1           -1.4221550714141524      
5           -146.89320466046439      
5           -302.01779616104665      
4           -1153.2922222705342      
6           -1474.3397349809052      
7           -1986.8797549034964      
1           -1.4221550714141524      
4           -47.440597494797757      
2           -5.6886202856566097      
4           -629.14347822784191      
1           -1.4221550714141524      
10          -1139.831930478706       
1           -1.4221550714141524      
6           -191.08527288168725      
2           -5.6886202856566097      
4           -595.49082685301494      
3           -15.30688184552616       
6           -2475.935021257761       
3           -12.799395642727369      
6           -269.8311131161322       
1           -1.4221550714141524      
4           -22.754481142626439      
8           -388.38170834517121      
9           -778.6641970262508       
4           -91.116537524930834      
2           -5.6886202856566097      
2           -5.6886202856566097      
7           -1358.1859400512142      
3           -12.799395642727369      
3           -15.820019266745264      
3           -123.19302554479904      
2           -8.0230319850116345      
6           -168.05290582193399      
3           -12.799395642727369      
4           -170.88450318235422      
7           -147.6044814471993       
1           -1.4221550714141524      
3           -12.799395642727369      
4           -24.885281016922683      
4           -53.43133368754917       
3           -18.701184359695571      
3           -12.799395642727369      
4           -22.754481142626439      
0           0                        
4           -712.69311255684681      
7           -954.18757583680042      
2           -120.90571370355394      
4           -487.43782367343647      
1           -1.4221550714141524      
2           -5.6886202856566097      
2           -5.6886202856566097      
1           -1.4221550714141524      
2           -5.6886202856566097      
3           -81.170622284719343      
7           -602.95663199963701      
6           -975.09849040015092      
0           0                        
2           -5.6886202856566097      
