430 1 -4127 35 35 35
1           -0.54612738881350809     
3           -9.2969461638510715      
5           -80.839470772161803      
3           -147.9022453192747       
5           -180.92590755499856      
3           -4.9151464993215725      
1           -0.54612738881350809     
3           -6.1299290315105317      
3           -4.9151464993215725      
1           -0.54612738881350809     
2           -2.1845095552540323      
2           -2.1845095552540323      
4           -277.56591879501389      
1           -0.54612738881350809     
2           -2.1845095552540323      
6           -48.952419058369074      
2           -253.18635082622376      
2           -2.1845095552540323      
2           -17.049676862537481      
4           -8.7380382210161294      
3           -4.9151464993215725      
1           -0.54612738881350809     
1           -0.54612738881350809     
3           -4.9151464993215725      
0           0                        
4           -27.922595921974931      
4           -8.7380382210161294      
3           -10.352596988537258      
2           -2.1845095552540323      
1           -0.54612738881350809     
0           0                        
2           -99.083773253052556      
3           -22.507973588632463      
3           -4.9151464993215725      
7           -94.891019966825354      
5           -13.6531847203377        
3           -108.43473107840219      
2           -29.00831478750866       
4           -108.24251030497918      
3           -4.9151464993215725      
3           -4.9151464993215725      
8           -290.00626896447454      
7           -323.19303559053463      
4           -154.27994030635131      
4           -30.371515987922301      
4           -8.7380382210161294      
2           -23.439098863175275      
4           -9.6260145989436801      
3           -4.9151464993215725      
7           -185.74928228360449      
5           -82.115145110243574      
0           0                        
4           -330.80672613706798      
8           -517.67145440450054      
2           -257.3591288650378       
2           -2.1845095552540323      
3           -6.2037468379112459      
2           -2.1845095552540323      
6           -173.45208425855         
5           -58.160469756602218      
6           -858.26750701549395      
2           -6.8587170812778551      
0           0                        
1           -0.54612738881350809     
3           -218.76075943203426      
2           -2.1845095552540323      
3           -170.6873668211669       
3           -5.7558400075851388      
4           -8.7380382210161294      
2           -2.1845095552540323      
2           -11.404088832371031      
0           0                        
5           -341.63816547439149      
2           -5.4529173158331092      
9           -157.11659526664687      
3           -4.9151464993215725      
3           -4.9151464993215725      
1           -0.54612738881350809     
5           -130.92393506123128      
1           -0.54612738881350809     
3           -4.9151464993215725      
5           -22.440484207600303      
5           -50.999892988814302      
6           -339.04461033673078      
2           -2.1845095552540323      
7           -257.11717243595479      
1           -0.54612738881350809     
0           0                        
0           0                        
2           -2.1845095552540323      
4           -8.7380382210161294      
3           -32.464895908389053      
0           0                        
3           -4.9151464993215725      
2           -2.1845095552540323      
3           -4.9151464993215725      
5           -181.07613396551457      
4           -155.83409890980005      
4           -8.7380382210161294      
1           -0.54612738881350809     
1           -0.54612738881350809     
