430 1 -4127 35 35 35
7           -1313.0341487775031      
5           -904.17335235975474      
3           -230.36164989036263      
4           -602.52917412297131      
2           -5.7663389823942781      
0           0                        
5           -417.22384838642063      
4           -23.065355929577112      
1           -1.4415847455985695      
3           -12.974262710387126      
7           -1368.1028758435882      
3           -12.974262710387126      
2           -5.7663389823942781      
3           -137.01943932991517      
3           -12.974262710387126      
2           -5.7663389823942781      
3           -12.974262710387126      
1           -1.4415847455985695      
6           -1017.2290940527197      
3           -212.94054688900022      
2           -5.7663389823942781      
0           0                        
7           -1007.9248669285223      
8           -1029.2233734963515      
5           -183.32730844787605      
4           -41.814319840932185      
3           -12.974262710387126      
2           -5.7663389823942781      
2           -39.144896216597964      
2           -5.7663389823942781      
0           0                        
7           -1840.1459388769244      
7           -200.35279182879765      
4           -917.231415297436        
2           -82.347564629821008      
5           -136.70259375082378      
2           -9.4414224905679021      
6           -570.33905040302318      
1           -1.4415847455985695      
1           -1.4415847455985695      
1           -1.4415847455985695      
2           -111.39028281955306      
3           -256.41361026947766      
5           -626.41195814300863      
2           -5.7663389823942781      
3           -12.974262710387126      
6           -1048.3636118852937      
3           -12.974262710387126      
7           -961.73998464498345      
2           -5.7663389823942781      
2           -5.7663389823942781      
5           -47.792781511868753      
2           -9.2043215306993691      
2           -5.7663389823942781      
0           0                        
4           -652.54711042027259      
6           -147.71163808447415      
5           -82.057923596892124      
7           -229.56121537216373      
2           -5.7663389823942781      
9           -1131.613776844122       
8           -1346.1466594766987      
0           0                        
1           -1.4415847455985695      
2           -5.7663389823942781      
1           -1.4415847455985695      
2           -5.7663389823942781      
4           -30.942492418950465      
2           -5.7663389823942781      
2           -5.7663389823942781      
3           -12.974262710387126      
7           -2112.1693174551747      
4           -23.065355929577112      
4           -356.20609502192343      
5           -49.345936185793121      
5           -162.7971481076635       
2           -5.7663389823942781      
3           -12.974262710387126      
1           -1.4415847455985695      
4           -112.07133903136936      
2           -5.7663389823942781      
1           -1.4415847455985695      
1           -1.4415847455985695      
5           -269.28194804493319      
2           -5.7663389823942781      
7           -5990.2240427987199      
0           0                        
4           -23.065355929577112      
0           0                        
3           -12.974262710387126      
5           -681.55821051879923      
3           -293.51421340897713      
3           -69.941823996858957      
3           -209.39016906829343      
4           -489.45294579783138      
7           -546.56527954467833      
4           -23.065355929577112      
1           -1.4415847455985695      
4           -1657.2191596700309      
5           -1325.0800561201158      
2           -5.7663389823942781      
