430 1 -4127 35 35 35
8           -233.73751663745011      
3           -1.8212479750620876      
5           -45.458746975706504      
1           -0.20236088611800973     
5           -101.62274554652538      
0           0                        
4           -5.9817514826968141      
5           -8.9265738308460012      
1           -0.20236088611800973     
2           -0.80944354447203892     
6           -22.571678465865528      
5           -10.31568352964365       
7           -139.95776164377753      
7           -161.09294257488801      
4           -47.813171986976947      
2           -2.5513922692727204      
1           -0.20236088611800973     
3           -1.8212479750620876      
3           -1.8212479750620876      
6           -54.15911162304571       
3           -1.8212479750620876      
6           -126.40048947835149      
5           -84.824694680562658      
5           -104.24311405584402      
6           72.257143898658825       
5           -222.29689357512316      
2           -0.80944354447203892     
2           -0.80944354447203892     
5           -36.656911027063884      
2           -0.80944354447203892     
2           -0.80944354447203892     
5           -135.17525934875218      
6           -153.85398607621474      
5           -69.776316466457033      
2           -0.80944354447203892     
0           0                        
2           -0.80944354447203892     
2           -0.80944354447203892     
4           -312.75439890009557      
3           -1.8212479750620876      
3           -1.8212479750620876      
5           -29.694369281310031      
5           102.28149902777136       
5           -5.0590221529502433      
2           -0.80944354447203892     
3           -1.8212479750620876      
3           -1.8212479750620876      
4           -3.2377741778881557      
5           -6.7200041847533738      
0           0                        
6           -351.23143555058903      
0           0                        
3           -5.3808333023644384      
5           -23.605759498932805      
4           -22.651503430704174      
4           -360.35989942136268      
0           0                        
3           -1.8212479750620876      
3           -20.62481039990903       
5           387.93008426716676       
4           -101.26854871605924      
1           -0.20236088611800973     
3           -1.8212479750620876      
5           -8.474271304785816       
4           -11.009910106473784      
1           -0.20236088611800973     
4           -45.673880428851291      
4           -3.2377741778881557      
3           58.155435343953684       
4           -3.2377741778881557      
4           -3.2377741778881557      
3           -35.73057325576481       
4           -9.1694051711515137      
3           -5.2432480639190517      
1           -0.20236088611800973     
8           -202.93937939252044      
6           -16.579356389505996      
2           -56.975948665147499      
2           -0.80944354447203892     
1           -0.20236088611800973     
1           -0.20236088611800973     
1           -0.20236088611800973     
4           -255.05991255948445      
4           -94.369152654276746      
3           -381.87477242655802      
2           -0.80944354447203892     
2           -0.80944354447203892     
2           -88.15751116923289       
0           0                        
4           -3.2377741778881557      
5           -31.327700503938942      
2           -0.80944354447203892     
1           -0.20236088611800973     
5           -93.931689265169425      
2           -21.530013991413565      
3           -1.8212479750620876      
6           112.67181998640484       
12          -742.56797131813744      
4           -70.494432848165957      
1           -0.20236088611800973     
3           -2.9763440700147177      
