430 1 -4127 35 35 35
8           -717.52670622751214      
3           -4.9151464993215725      
5           -138.58593951916006      
1           -0.54612738881350809     
5           -174.39309485491611      
0           0                        
4           -17.339872723013528      
5           -16.165158994493716      
1           -0.54612738881350809     
2           -2.1845095552540323      
6           -31.435099957786178      
5           -14.429216477246989      
7           -174.70207124608345      
7           -655.19914406497173      
4           -427.51538459043434      
2           -2.9102399346056025      
1           -0.54612738881350809     
3           -4.9151464993215725      
3           -4.9151464993215725      
6           -306.52464182082758      
3           -4.9151464993215725      
6           -167.96614954761588      
5           -246.92411380995438      
5           -34.875031532490489      
6           -329.29094525534265      
5           -575.02439832047332      
2           -2.1845095552540323      
2           -2.1845095552540323      
5           -28.744914439377297      
2           -2.1845095552540323      
2           -2.1845095552540323      
5           -56.217222490813661      
6           -235.72474147716028      
5           -162.91782941074072      
2           -2.1845095552540323      
0           0                        
2           -2.1845095552540323      
2           -2.1845095552540323      
4           -673.98309824505827      
3           -4.9151464993215725      
3           -4.9151464993215725      
5           -26.173287365530307      
5           -275.41277488809982      
5           -20.633671627545574      
2           -2.1845095552540323      
3           -4.9151464993215725      
3           -4.9151464993215725      
4           -8.7380382210161294      
5           -31.692631253217201      
0           0                        
6           -571.55625202105625      
0           0                        
3           -6.1644842418443249      
5           -62.207071434972271      
4           -113.05437450227589      
4           -566.66889098547676      
0           0                        
3           -4.9151464993215725      
3           -42.883269984372227      
5           -123.46576935786439      
4           -36.768707353124704      
1           -0.54612738881350809     
3           -4.9151464993215725      
5           -18.357043753203207      
4           -14.478852959423385      
1           -0.54612738881350809     
4           -400.79909352219835      
4           -8.7380382210161294      
3           -330.78371361114336      
4           -8.7380382210161294      
4           -8.7380382210161294      
3           -65.580529734219681      
4           -20.458763803574506      
3           -5.6314754824278141      
1           -0.54612738881350809     
8           -169.26598047338928      
6           -34.347166450315953      
2           -391.30756894141183      
2           -2.1845095552540323      
1           -0.54612738881350809     
1           -0.54612738881350809     
1           -0.54612738881350809     
4           -290.81023672399033      
4           -159.43223593517112      
3           -503.42166570215244      
2           -2.1845095552540323      
2           -2.1845095552540323      
2           -134.79739392621605      
0           0                        
4           -8.7380382210161294      
5           -34.427299705784762      
2           -2.1845095552540323      
1           -0.54612738881350809     
5           -231.55608537626148      
2           -49.289896313085471      
3           -4.9151464993215725      
6           -621.15885743555475      
12          -2138.3510930099783      
4           -195.96918073707877      
1           -0.54612738881350809     
3           -4.9151464993215725      
