430 1 -4127 35 35 35
1           -0.19603775922131797     
2           -0.78415103688527188     
5           -71.907031101857839      
0           0                        
4           -5.0909426356427794      
6           -79.275114876575756      
0           0                        
6           -14.286722538741074      
3           -65.855279688365798      
5           -4.9009439805329498      
3           -1.764339832991862       
1           -0.19603775922131797     
6           -18.478841152317493      
4           -21.106405247777662      
6           -54.336677631255533      
2           -0.78415103688527188     
5           -254.94084718420791      
4           -88.650089935951158      
6           -117.2119913011844       
4           -41.425854095148161      
4           -122.66469087046941      
1           -0.19603775922131797     
3           -1.764339832991862       
3           -1.764339832991862       
2           -0.78415103688527188     
6           -318.67788271234843      
2           -0.78415103688527188     
4           453.64591356243994       
6           -108.68368633952998      
2           -0.78415103688527188     
1           -0.19603775922131797     
5           -101.45272743739565      
3           -1.764339832991862       
2           -0.78415103688527188     
0           0                        
1           -0.19603775922131797     
2           -0.78415103688527188     
3           -141.98346699721773      
3           -1.764339832991862       
5           -7.3335438291261976      
7           -301.02327758637176      
1           -0.19603775922131797     
1           -0.19603775922131797     
6           -155.22735117381353      
4           -4.244878100229954       
6           -13.911592428423226      
5           -140.24915493576987      
3           -1.764339832991862       
3           -35.958512821176676      
2           -0.78415103688527188     
2           -0.78415103688527188     
4           -3.1366041475410875      
2           -0.78415103688527188     
2           -0.78415103688527188     
5           -45.34274627520044       
3           -1.764339832991862       
2           -0.78415103688527188     
8           -390.467398110087        
2           -0.78415103688527188     
7           -162.10430374791264      
3           -3.9826018876952931      
3           -1.764339832991862       
1           -0.19603775922131797     
1           -0.19603775922131797     
4           -4.2811282931789734      
7           -137.01252831159292      
1           -0.19603775922131797     
7           -405.73613875438497      
0           0                        
5           -512.6128672542992       
1           -0.19603775922131797     
1           -0.19603775922131797     
0           0                        
3           -1.764339832991862       
2           -0.78415103688527188     
9           -378.10072842761588      
3           -135.71451585521586      
4           -97.805150665204707      
5           -17.701751461268273      
3           -103.54662722162247      
6           -289.09188221611572      
2           -144.9326001861323       
1           -0.19603775922131797     
3           -3.2632986714013574      
3           -49.839162752439606      
2           -0.78415103688527188     
6           -273.41428807297831      
5           -89.2328887473262        
8           -53.941122774589864      
2           -0.78415103688527188     
2           -0.78415103688527188     
4           -3.1366041475410875      
3           -11.981370993522933      
8           -81.236302904239466      
7           -122.30181987640432      
3           -1.764339832991862       
3           -1.764339832991862       
3           -3.7707331459881885      
1           -0.19603775922131797     
2           -0.78415103688527188     
2           -0.78415103688527188     
