430 1 -4127 35 35 35
8           -1764.8941962131423      
5           -185.89700869544248      
2           -5.7663389823942781      
2           -7.1192885681986633      
4           -46.724077729776212      
2           -5.7663389823942781      
3           -12.974262710387126      
6           -83.785804956907754      
4           -231.75679291596933      
3           -12.974262710387126      
2           -121.75034725644436      
3           -12.974262710387126      
8           -1679.3650926252881      
2           -207.33711471591818      
3           -55.414737921613863      
1           -1.4415847455985695      
1           -1.4415847455985695      
7           -1004.9025839786052      
1           -1.4415847455985695      
0           0                        
2           -7.1721079268395691      
4           -167.93303247710446      
4           -239.23711533239731      
5           -43.401245754397351      
3           -543.35252202114907      
2           -72.425164667580006      
2           -5.7663389823942781      
4           -52.958648876961064      
3           -23.738172730861422      
4           -23.065355929577112      
2           -5.7663389823942781      
7           -1223.5861530476964      
5           -1357.5808993642916      
5           -899.0574536426908       
5           -993.39844551534964      
2           -5.7663389823942781      
5           -208.11859954614161      
3           -48.711107383374923      
6           -100.75343777159053      
1           -1.4415847455985695      
5           -158.876997323014        
4           -963.08762698390296      
5           -52.139080718641011      
7           -205.94478806553317      
0           0                        
6           -521.27949455572718      
3           -459.00153382617395      
1           -1.4415847455985695      
3           -12.974262710387126      
3           -18.333200721523379      
1           -1.4415847455985695      
3           -12.974262710387126      
1           -1.4415847455985695      
6           -1508.8040831859823      
3           -33.577718114543131      
2           -538.41090616952999      
4           -492.00673948896122      
2           -5.7663389823942781      
0           0                        
5           -258.67497374818902      
0           0                        
2           -5.7663389823942781      
5           -362.74781853682646      
3           -12.974262710387126      
2           -5.7663389823942781      
3           -383.00867755415783      
5           -383.0890092706066       
5           -210.08842785150088      
4           -170.51670753855817      
6           -320.25818264561508      
5           -37.590445544564922      
6           -1341.9819920122238      
4           -23.065355929577112      
6           -869.26727810316288      
11          -1456.97372899165        
6           -65.291879394422168      
3           -24.572062825690637      
5           -521.13198906523598      
4           -34.672113430305608      
2           -546.64103522266271      
7           -649.03224483917575      
3           -12.974262710387126      
3           -12.974262710387126      
5           -157.98609769984978      
2           -5.7663389823942781      
2           -5.7663389823942781      
1           -1.4415847455985695      
0           0                        
10          -2097.8532779558163      
5           -513.01015039156152      
5           -1052.2627388700862      
5           -131.56873772289302      
5           -1432.5666145068915      
3           -14.112656128343277      
1           -1.4415847455985695      
5           -1043.6215985872818      
8           -2165.3254695476503      
4           -379.53908284505042      
4           -28.254841271601208      
2           -90.456014770503842      
1           -1.4415847455985695      
