430 1 -4127 35 35 35
5           -51.680235240470054      
1           -0.20236088611800973     
2           -0.80944354447203892     
4           -3.2377741778881557      
5           -111.37520773518732      
2           -17.95294684743304       
6           -21.428685211779513      
5           -53.596474020635007      
2           -0.80944354447203892     
5           -75.541233942131015      
4           -31.256378172762346      
1           -0.20236088611800973     
6           -9.8740957531940552      
3           -1.8212479750620876      
5           -84.853586716976039      
1           -0.20236088611800973     
2           -0.80944354447203892     
2           -0.80944354447203892     
3           -3.4095517342225827      
2           -0.80944354447203892     
2           -1.9171997713128055      
1           -0.20236088611800973     
3           -1.8212479750620876      
0           0                        
1           -0.20236088611800973     
2           -0.80944354447203892     
5           -29.134803896331384      
4           -8.7965344228798692      
3           -5.0882620992600103      
6           -122.54341035792564      
4           -75.050674872571776      
3           -1.8212479750620876      
4           -77.066820949807337      
4           -9.0777318357649186      
5           -44.751069343056692      
1           -0.20236088611800973     
3           -147.61707200452844      
1           -0.20236088611800973     
2           -0.80944354447203892     
2           -0.80944354447203892     
7           -187.05855047554667      
12          -235.89157455236847      
3           -1.8212479750620876      
4           -3.2377741778881557      
1           -0.20236088611800973     
3           -110.99129657020035      
5           -76.254864874635345      
3           -1.8212479750620876      
3           -1.8212479750620876      
0           0                        
4           -140.98402585147144      
5           -131.13128134754407      
9           -136.2459971783957       
5           -174.35867447978794      
6           -69.210568519285772      
5           -86.540706645377796      
2           -0.80944354447203892     
1           -0.20236088611800973     
1           -0.20236088611800973     
3           -1.8212479750620876      
4           -16.958249889554871      
6           -28.865738651615505      
3           -39.756277597040054      
4           -28.815493115337979      
5           111.21972434377875       
1           -0.20236088611800973     
3           -1.8212479750620876      
6           -239.49963846942566      
1           -0.20236088611800973     
0           0                        
3           -117.99370631009896      
5           -148.55257075738356      
5           -7.5071026234658014      
4           -3.2377741778881557      
3           -1.8212479750620876      
4           -36.793440211582471      
1           -0.20236088611800973     
3           -51.741919273307026      
2           -6.5172606287317398      
11          -49.959068030775612      
3           -1.8212479750620876      
4           -4.3760236823196408      
2           -0.80944354447203892     
3           -5.4930926753573592      
2           -0.80944354447203892     
2           -0.80944354447203892     
6           -59.235147583950805      
2           -0.80944354447203892     
0           0                        
8           -187.28769958004304      
3           -1.8212479750620876      
3           -1.8212479750620876      
6           -41.521849719085367      
1           -0.20236088611800973     
0           0                        
3           -1.8212479750620876      
3           -1.8212479750620876      
4           -165.90877136297323      
1           -0.20236088611800973     
2           -0.80944354447203892     
1           -0.20236088611800973     
