430 1 -4127 35 35 35
7           -423.3068966304582       
5           -345.08300596101117      
3           -45.684276591343391      
4           -236.93892349148555      
2           -2.1845095552540323      
0           0                        
5           -179.74483397706706      
4           -8.7380382210161294      
1           -0.54612738881350809     
3           -4.9151464993215725      
7           -437.70843692261667      
3           -4.9151464993215725      
2           -2.1845095552540323      
3           -47.608093440420241      
3           -4.9151464993215725      
2           -2.1845095552540323      
3           -4.9151464993215725      
1           -0.54612738881350809     
6           -388.47697142071013      
3           -83.849451194058105      
2           -2.1845095552540323      
0           0                        
7           -316.55233431482804      
8           -325.63392153486961      
5           -57.509753270759461      
4           -11.080747929505389      
3           -4.9151464993215725      
2           -2.1845095552540323      
2           -17.000370717484852      
2           -2.1845095552540323      
0           0                        
7           -715.33147739706158      
7           -47.999561675384747      
4           -355.47128002836882      
2           -24.620406747447991      
5           -45.164849437391538      
2           -3.7462403210366144      
6           -161.85208687527017      
1           -0.54612738881350809     
1           -0.54612738881350809     
1           -0.54612738881350809     
2           -25.865660535206704      
3           -43.963983328584618      
5           -369.67840529929697      
2           -2.1845095552540323      
3           -4.9151464993215725      
6           -491.47369202915343      
3           -4.9151464993215725      
7           -222.81189429913834      
2           -2.1845095552540323      
2           -2.1845095552540323      
5           -20.901222076145825      
2           -2.1845095552540323      
2           -2.1845095552540323      
0           0                        
4           -216.56678080512052      
6           -34.90579763199181       
5           -26.026640538348701      
7           433.60045575867696       
2           -2.1845095552540323      
9           -426.01111878389315      
8           -359.17577411188392      
0           0                        
1           -0.54612738881350809     
2           -2.1845095552540323      
1           -0.54612738881350809     
2           -2.1845095552540323      
4           -8.7380382210161294      
2           -2.1845095552540323      
2           -2.1845095552540323      
3           -4.9151464993215725      
7           -825.00312327663119      
4           -8.7380382210161294      
4           -59.844925487952196      
5           -18.092555750451535      
5           -28.821275463962955      
2           -2.1845095552540323      
3           -4.9151464993215725      
1           -0.54612738881350809     
4           -36.749445334093267      
2           -2.1845095552540323      
1           -0.54612738881350809     
1           -0.54612738881350809     
5           -80.836859337183725      
2           -2.1845095552540323      
7           -2136.615275038625       
0           0                        
4           -8.7380382210161294      
0           0                        
3           -4.9151464993215725      
5           -184.22863394091206      
3           -45.631608135711168      
3           -16.853809374739711      
3           -42.914493041824045      
4           -177.28952415445099      
7           -142.28698021476745      
4           -8.7380382210161294      
1           -0.54612738881350809     
4           -537.14844555726506      
5           -423.04747811971635      
2           -2.1845095552540323      
