430 1 -4127 35 35 35
1           -0.56280112786218028     
3           -5.0652101507596221      
2           -2.2512045114487211      
3           -5.0652101507596221      
8           -225.86468518532038      
4           -9.0048180457948845      
1           -0.56280112786218028     
1           -0.56280112786218028     
1           -0.56280112786218028     
2           -14.716515135252253      
5           -343.79968802940454      
2           -7.4546879425179737      
5           -462.73560086496218      
5           -385.72605293401512      
3           -5.0652101507596221      
3           -5.0652101507596221      
4           -11.386638868042599      
5           -174.52870964499181      
1           -0.56280112786218028     
4           -432.46212635677716      
2           -99.292563511395144      
3           -12.360496952884024      
6           -22.078292420955822      
0           0                        
1           -0.56280112786218028     
4           -24.202231095836204      
2           -18.274977972471099      
4           -9.0048180457948845      
3           -15.543331502700774      
3           -45.250429812395382      
6           -347.79061566927095      
6           -23.277991466357957      
4           -520.10536061269238      
4           -15.059467111429594      
10          -432.15599872523148      
1           -0.56280112786218028     
5           -19.933915926309176      
2           -2.2512045114487211      
5           -113.69671621867505      
5           -14.070028196554507      
2           -2.2512045114487211      
1           -0.56280112786218028     
2           -2.2512045114487211      
1           -0.56280112786218028     
3           -210.36547139030085      
2           -2.2512045114487211      
5           -21.930402044681681      
3           -5.0652101507596221      
5           -33.47742601167684       
3           -5.0652101507596221      
2           -2.2512045114487211      
2           -2.2512045114487211      
4           -9.7271072776300596      
5           -37.764206299584842      
3           -5.0652101507596221      
6           -212.86717641020675      
2           -2.2512045114487211      
2           -2.2512045114487211      
5           -463.9189943009419       
2           -2.2512045114487211      
1           -0.56280112786218028     
0           0                        
4           -195.74339607361307      
2           -2.2512045114487211      
3           -5.0652101507596221      
2           -3.9187014067433665      
5           -298.10710164861592      
2           -41.131701008188976      
2           -2.2512045114487211      
2           -2.2512045114487211      
1           -0.56280112786218028     
5           -58.430506119323297      
3           -5.0652101507596221      
5           -176.33352243235188      
1           -0.56280112786218028     
6           -284.48349014673101      
1           -0.56280112786218028     
1           -0.56280112786218028     
4           -26.471755116453835      
1           -0.56280112786218028     
2           -7.6478983081980934      
4           -20.81203660957793       
3           -5.0652101507596221      
2           -2.2512045114487211      
4           -72.189730066995963      
1           -0.56280112786218028     
1           -0.56280112786218028     
3           -5.0652101507596221      
2           -2.2512045114487211      
9           -1673.8342153403551      
4           -171.79537168357214      
3           -11.700451148688092      
3           -5.0652101507596221      
4           -16.884252332095436      
2           -2.2512045114487211      
2           -2.2512045114487211      
0           0                        
7           -74.637611613768001      
2           -2.2512045114487211      
4           -248.60407890477452      
4           -9.0048180457948845      
