430 1 -4127 35 35 35
2           -0.78415103688527188     
2           -0.78415103688527188     
3           -64.139378917555462      
4           -5.1827584957567225      
2           -67.321780510919154      
4           -22.224933584539745      
3           -9.0171413225286727      
3           -18.4136187549277        
4           -38.505243824739395      
1           -0.19603775922131797     
1           -0.19603775922131797     
3           -1.764339832991862       
4           -13.898421998556453      
1           -0.19603775922131797     
2           -3.2246261485765269      
2           -0.78415103688527188     
2           -0.78415103688527188     
2           -0.78415103688527188     
4           -3.1366041475410875      
7           -199.08509054431278      
1           -0.19603775922131797     
3           -1.764339832991862       
8           -188.30638423586342      
2           -0.78415103688527188     
3           -3.1097158249871075      
2           -0.78415103688527188     
5           -126.47320475333588      
2           -0.78415103688527188     
1           -0.19603775922131797     
6           -47.699531452225287      
5           -4.9009439805329498      
0           0                        
2           -0.78415103688527188     
5           -7.6916583622899326      
8           -33.733373585441335      
0           0                        
5           -7.2659676138650289      
5           -16.496099674990823      
3           -1.764339832991862       
5           -57.210362933323225      
1           -0.19603775922131797     
3           -5.0369003592974853      
4           -3.1366041475410875      
1           -0.19603775922131797     
4           -49.006547920877225      
6           -74.310859450093091      
1           -0.19603775922131797     
4           -27.830340629743635      
3           -1.764339832991862       
1           -0.19603775922131797     
5           -26.676463351347415      
6           -193.55515405856909      
6           -154.51457670069854      
8           -232.86480703660678      
2           -2.8994596072412375      
3           -9.9579079027933588      
4           -6.5356578078712033      
1           -0.19603775922131797     
3           -42.386175112006882      
0           0                        
4           -170.55774513705407      
5           -198.09338774834495      
2           -0.78415103688527188     
2           -0.78415103688527188     
5           -4.9009439805329498      
4           -3.1366041475410875      
4           -3.1366041475410875      
0           0                        
8           -264.93565035556077      
5           -106.07533491412296      
3           -14.422771677777991      
1           -0.19603775922131797     
1           -0.19603775922131797     
2           -101.58917464914072      
5           -12.456522036961195      
7           -61.985945904846382      
5           -7.6222365578792619      
5           -55.391452413377984      
2           -0.78415103688527188     
4           -4.5987282506666647      
5           -4.9009439805329498      
4           -3.1366041475410875      
7           -336.63198916984373      
4           -114.46805089714482      
5           -27.063914078969823      
5           -113.31806659145535      
5           -421.84304273723836      
4           -58.823737505014456      
5           -48.494758449345561      
3           -1.764339832991862       
5           -289.36227763663459      
0           0                        
4           -8.1629530824005254      
3           -18.205553547453725      
4           -93.411527866530363      
7           -237.42431985212843      
2           -0.78415103688527188     
1           -0.19603775922131797     
3           -1.764339832991862       
5           -4.9009439805329498      
4           -139.63474374969562      
