430 1 -4127 35 35 35
6           -57.079709591032724      
7           -525.25858846192989      
9           -225.65882297374552      
3           -1.764339832991862       
2           -90.020278096636758      
5           -28.695115716153612      
4           -49.836891785387088      
8           -237.92688089433383      
7           -135.01305540934257      
8           -158.02794100503147      
3           -1.764339832991862       
4           -20.502421194717211      
1           -0.19603775922131797     
3           -1.764339832991862       
3           -1.764339832991862       
3           -1.764339832991862       
5           -154.63824970060449      
2           -0.78415103688527188     
2           -105.9065380560952       
2           -2.1430383569474101      
3           -1.764339832991862       
2           -0.78415103688527188     
1           -0.19603775922131797     
4           -3.1366041475410875      
3           -2.9139599025930618      
2           -0.78415103688527188     
5           -51.383971957980542      
4           -15.496224076808963      
12          -669.62296846311608      
6           -352.54658526731185      
5           -181.97459122089194      
5           -10.705256870486107      
9           -367.95464250625889      
4           -50.650658592146264      
8           54.437674764214698       
2           -0.78415103688527188     
1           -0.19603775922131797     
4           -7.2189703783651726      
1           -0.19603775922131797     
6           -181.29929863247972      
2           -2.072253730268347       
7           -213.9888648494765       
2           -0.78415103688527188     
6           -20.143762849201668      
2           -0.78415103688527188     
1           -0.19603775922131797     
5           -26.300838035024025      
2           -0.78415103688527188     
1           -0.19603775922131797     
4           -42.014775307772304      
4           -32.587737240356212      
4           -75.38846679451612       
3           -1.764339832991862       
4           -21.503957528434892      
1           -0.19603775922131797     
5           -222.54500057632507      
6           -12.94665758052993       
6           -16.98201471227642       
5           -4.9009439805329498      
0           0                        
7           -291.30947970054012      
0           0                        
5           -10.174760253654426      
0           0                        
7           -268.47478029790454      
3           -1.764339832991862       
3           -122.06580704330636      
2           -0.78415103688527188     
5           -235.12313744782483      
5           -48.156963617941777      
3           -37.791322514482211      
3           -1.764339832991862       
6           -36.097647806859122      
2           -0.78415103688527188     
4           -3.1366041475410875      
2           -0.78415103688527188     
2           -0.78415103688527188     
6           600.14270520863681       
8           -28.122859295897737      
4           -26.559373708762667      
0           0                        
0           0                        
5           -393.35925076646276      
5           -91.722143153390604      
1           -0.19603775922131797     
5           -92.302711113605426      
6           -187.42626536186262      
8           -346.89050229502391      
1           -0.19603775922131797     
13          -1036.7330810131173      
2           -0.78415103688527188     
0           0                        
3           -8.2303722965735577      
0           0                        
5           -82.982060489823837      
6           -60.466397416796887      
2           -0.78415103688527188     
3           -1.764339832991862       
5           -26.037353216303671      
5           -150.15323782537769      
0           0                        
