430 1 -4127 35 35 35
6           -80.095462874759434      
5           -24.809364656135472      
2           -23.643450685309485      
7           -156.61334349699951      
7           -155.88732178764562      
5           -19.132140822428191      
4           -138.34384193258128      
4           -116.88542866369292      
2           -0.78415103688527188     
5           -272.42563349459778      
3           -1.764339832991862       
1           -0.19603775922131797     
3           -1.764339832991862       
3           -123.40665255811797      
3           -87.637615359801742      
3           -2.8807245253406872      
4           -133.30003764045264      
3           -4.2086798487968418      
7           -22.678513696478266      
5           -363.60673530798056      
3           -1.764339832991862       
4           -6.5138008381139247      
4           -210.6794889066046       
4           -3.1366041475410875      
2           -0.78415103688527188     
4           -4.6650642861309262      
7           -63.616950597699216      
5           -128.37026729522998      
1           -0.19603775922131797     
1           -0.19603775922131797     
4           -3.1366041475410875      
4           -7.6952989117935076      
4           -45.347832995532151      
3           -3.4131977297105616      
6           -23.452233630749905      
10          -253.59711664262153      
1           -0.19603775922131797     
3           -71.41094926671488       
3           -1.764339832991862       
1           -0.19603775922131797     
7           -153.61095321124202      
5           -29.241501137907356      
0           0                        
4           -117.52380545657176      
5           -122.27853617940424      
3           -66.503937373068354      
3           -64.292628076650473      
9           -101.95738545906202      
3           -1.764339832991862       
4           -12.504643405499468      
2           -84.737412852901613      
3           -3.9578673446366599      
3           -1.764339832991862       
8           -48.943553472369608      
2           -0.78415103688527188     
4           -5.2290716689789694      
1           -0.19603775922131797     
3           -151.51321520318973      
6           -229.74604279927783      
2           -0.78415103688527188     
0           0                        
6           -66.023170138752448      
6           -28.3690763240668        
3           -4.6125790049526971      
6           -135.75543012924652      
8           -81.864148936440742      
2           -0.78415103688527188     
7           -151.71626313333499      
4           -12.682273742692855      
2           -0.78415103688527188     
7           -167.22043872572064      
2           -0.78415103688527188     
1           -0.19603775922131797     
2           -0.78415103688527188     
4           -12.761785445250251      
5           -124.44934275168598      
1           -0.19603775922131797     
0           0                        
2           -0.78415103688527188     
5           -5.917436204989178       
5           -44.042949248326316      
0           0                        
4           -157.77397681401106      
6           -165.34675856062543      
0           0                        
2           -0.78415103688527188     
0           0                        
2           -0.78415103688527188     
4           -16.286029560822922      
4           -3.1366041475410875      
3           -5.6468153825211598      
10          -269.67568925753255      
2           -0.78415103688527188     
3           -10.188708065967946      
9           -276.71857827990863      
3           -96.333174065136674      
6           -109.9211316863105       
2           -0.78415103688527188     
3           -1.764339832991862       
0           0                        
4           -8.0270913261395211      
