430 1 -4127 35 35 35
6           -101.04352711583289      
2           -5.5920578388213498      
6           -1143.3987860978577      
1           -1.3980144597053374      
3           -12.582130137348038      
2           -5.5920578388213498      
3           -71.119893257663193      
2           -5.5920578388213498      
4           -22.368231355285399      
6           -481.2837893922208       
4           -1085.4366512314746      
3           -522.76617703347131      
6           -1044.1147399216752      
5           -50.989406813151483      
5           -362.78214313714284      
2           -5.5920578388213498      
4           -46.123536623289581      
0           0                        
0           0                        
4           -146.19247569926128      
4           -49.995989195488718      
2           -8.8671792276326755      
3           -98.441245199055487      
8           -1660.9334660111626      
1           -1.3980144597053374      
6           -1034.3330527675664      
1           -1.3980144597053374      
10          -3572.9229898963249      
3           -87.085981573237291      
3           -17.189057108253948      
4           -49.346132319520414      
4           -34.408198635523334      
3           -611.62749167414313      
2           -5.5920578388213498      
1           -1.3980144597053374      
5           -452.48715711789998      
4           -508.51452880463285      
5           -93.448879363256651      
2           -5.5920578388213498      
3           -12.582130137348038      
2           -5.5920578388213498      
3           -154.13343596665257      
1           -1.3980144597053374      
2           -5.5920578388213498      
4           -228.19268386638774      
2           -37.46640302499776       
3           -14.299410009502168      
1           -1.3980144597053374      
3           -12.582130137348038      
0           0                        
0           0                        
4           -74.699414049061176      
4           -22.368231355285399      
3           -168.12031457177         
1           -1.3980144597053374      
2           -5.5920578388213498      
3           -767.68004761519035      
6           -794.76047384823937      
4           -75.014857912266692      
6           -266.33298407900577      
4           -31.350268978320859      
1           -1.3980144597053374      
2           -5.5920578388213498      
5           -45.871303435087334      
1           -1.3980144597053374      
2           -5.5920578388213498      
2           -5.5920578388213498      
1           -1.3980144597053374      
3           -13.520029115007027      
6           -586.28444584887086      
4           -22.368231355285399      
3           -12.582130137348038      
5           -1966.6368948114084      
5           -142.05357250369767      
3           -12.582130137348038      
3           -12.582130137348038      
3           -12.582130137348038      
3           -12.582130137348038      
4           -597.74868897233182      
5           -38.807137312905489      
9           -3818.1242801882804      
5           -436.11794215338449      
3           -57.152050670860731      
2           -44.424437889360817      
6           -55.599402271005758      
3           -12.582130137348038      
2           -5.5920578388213498      
5           -1012.296174717423       
4           -265.92861140011587      
6           -1268.4203357292733      
2           -65.412650113307905      
4           -23.506055058598605      
3           -12.582130137348038      
6           -426.141643753621        
4           -652.20410675210474      
5           -932.62019586202803      
2           -5.5920578388213498      
6           -214.98878603360635      
1           -1.3980144597053374      
5           -796.99738309578765      
6           -1186.2021679663587      
