430 1 -4127 35 35 35
1           -1.4221550714141524      
4           -72.313815047549781      
4           -22.754481142626439      
3           -12.799395642727369      
3           -296.98501216631644      
2           -5.6886202856566097      
1           -1.4221550714141524      
3           -12.799395642727369      
2           -5.6886202856566097      
4           -452.06743570995457      
3           -257.11789247390243      
1           -1.4221550714141524      
3           -12.799395642727369      
3           -12.799395642727369      
5           -1176.0415259339209      
2           -5.6886202856566097      
6           -123.27295464486112      
5           -260.38668078721685      
3           -1048.6327340017103      
2           -5.6886202856566097      
4           -47.642963058621866      
0           0                        
6           -115.2561349875059       
7           -164.31488907117114      
5           -1002.3049702628371      
2           -215.32594811128479      
6           -852.59750596693709      
10          -1631.1259020826064      
3           -12.799395642727369      
4           -339.16324068827208      
2           -5.6886202856566097      
6           -104.89757102571483      
4           -22.754481142626439      
4           -22.754481142626439      
4           -27.58829056714972       
1           -1.4221550714141524      
1           -1.4221550714141524      
4           -1056.7266992231928      
1           -1.4221550714141524      
1           -1.4221550714141524      
6           -1729.5525106692078      
3           -63.032550133107655      
2           -5.6886202856566097      
3           -12.799395642727369      
3           -12.799395642727369      
1           -1.4221550714141524      
2           -443.0794839841904       
5           -928.77123680196348      
2           -5.6886202856566097      
1           -1.4221550714141524      
1           -1.4221550714141524      
1           -1.4221550714141524      
2           -5.6886202856566097      
6           -373.45723764673244      
1           -1.4221550714141524      
2           -5.6886202856566097      
4           -742.51547418723703      
3           -365.68812379550462      
1           -1.4221550714141524      
3           -12.799395642727369      
8           -1193.7694285627895      
3           -12.799395642727369      
3           -749.72874577429741      
8           -3180.3124278703349      
3           -12.799395642727369      
0           0                        
3           -164.37862604898245      
2           -5.6886202856566097      
7           -1136.0474367287604      
4           -22.754481142626439      
2           -581.18649940457783      
2           -5.6886202856566097      
3           -12.799395642727369      
2           -5.6886202856566097      
2           -5.6886202856566097      
5           -36.597368754936568      
1           -1.4221550714141524      
2           -562.96060038783912      
4           -28.876984055721628      
8           -1911.88225585398        
2           -5.6886202856566097      
5           -504.56674037525062      
4           -124.48048918590834      
4           -269.53858926005154      
5           -1708.2621124960881      
3           -12.799395642727369      
2           -5.6886202856566097      
8           -2161.0743959993683      
4           -522.23326421252773      
1           -1.4221550714141524      
5           -590.69651812202574      
3           -73.253297814596237      
7           -2266.8233447468233      
5           -48.247170414652985      
3           -778.92584312918927      
7           -1025.0591460468916      
8           -1598.6178446054164      
1           -1.4221550714141524      
3           -12.799395642727369      
1           -1.4221550714141524      
2           -32.672808225892922      
