510 1 -4127 35 35 35
23          -1996.4666926590332      
25          -1184.2306299312702      
25          -1706.9634503883015      
34          -3374.7276315525892      
16          -340.85599552926936      
19          -1114.448319278127       
22          -1100.1479977363156      
15          -775.21870378340452      
27          -2435.1456458020771      
21          -962.40525416094567      
23          -1754.1091047205457      
27          -1904.5186561848157      
32          -2803.9913805906472      
26          -1082.4580290252693      
30          -2604.2966800152208      
30          -2167.3210379165766      
37          -3852.671879241329       
30          -3049.4606255366498      
35          -3868.6104330367602      
34          -2858.6798171816281      
30          -2427.2533625971346      
32          -2134.758072244726       
27          -2116.0953036362971      
23          -1828.9730460443918      
23          -2105.409181600075       
30          -2700.5242857210092      
24          -1644.5074156822898      
28          -2281.6064306852795      
21          -1449.639274029907       
18          -998.53097468389194      
18          -958.70983186478873      
22          -977.04971348808351      
26          -1916.6623569230148      
30          -1520.1890090003621      
30          -2813.2397606037966      
22          -1956.2316918689098      
15          -980.47161441131345      
24          -1917.0447265084897      
22          -2354.9440082862634      
22          -1677.2314059447076      
34          -2165.0251262287388      
31          -3087.1240297775894      
23          -1525.2629326090346      
26          -2598.3461193005637      
39          -4226.968387412343       
29          -3835.5997945706272      
34          -3790.1169776605502      
28          -2063.4731533178665      
26          -1964.9217727642172      
20          41.977322991962822       
17          -1553.0928878046789      
17          -671.81921478234767      
28          -1238.402724677389       
33          -2278.6389543857072      
35          -3309.7903622472877      
32          -2504.5072794210009      
33          -2246.2343122126058      
28          -1509.6704834355169      
32          -3370.3294913823738      
31          -2850.8304786344797      
41          -4172.8185082520831      
40          -4137.3558584867042      
33          -3283.6672796117873      
41          -4444.6337521432406      
41          -4529.0043231894415      
42          -5412.7499377447584      
51          -8251.0496562322496      
65          -11200.112821021359      
66          -11460.872701001626      
61          -9668.9146390239584      
55          -8807.2468800399292      
49          -6997.448590850795       
57          -7320.3801576454007      
49          -5635.1769575119888      
51          -7875.0586858057168      
60          -9415.1648740739383      
65          -11958.448706683552      
58          -8992.5396232685198      
42          -4531.0924547837058      
43          -5117.0360764393363      
37          -3543.6057184576603      
48          -6763.3785200334114      
55          -9516.258199513326       
58          -9809.8938457269214      
58          -8986.2503100104495      
56          -8943.1722407232337      
48          -6312.8639855192332      
35          -2972.0530488100685      
35          -3633.3838945249113      
36          -3609.5608497742119      
35          -4190.8933984176701      
38          -4775.32947948727        
30          -2874.1617677141712      
36          -4006.3808664709968      
38          -4589.6508001305228      
35          -4361.1773815845063      
40          -3306.2260712352136      
33          -2634.0977803344822      
30          -2965.6358991925531      
32          -2758.61770726438        
32          -3317.7883766532491      
