510 1 -4127 35 35 35
66          -74038.300994453079      
55          -49578.091311090226      
49          -37506.088064180381      
35          -21604.872191547576      
40          -27824.598327018666      
40          -26813.276384909354      
42          -31604.257782684086      
36          -21286.006078898528      
31          -17642.508263730731      
32          -14682.860319705836      
31          -17792.12595854915       
25          -12176.228603361835      
16          -3412.8792550134367      
16          -2557.9145775951301      
23          -8599.354342481909       
48          -47456.039389037731      
55          -52386.278211799254      
44          -34078.954651476379      
36          -21355.773368238817      
26          -14734.60350687935       
29          -13807.430060635394      
27          -9477.6063161820293      
32          -18573.948286015086      
22          -9336.114294227973       
34          -22151.322243352657      
39          -32282.278400851588      
38          -33445.600053287759      
42          -32638.608261333928      
54          -38046.874790742608      
58          -48727.07743950541       
60          -62532.819003102362      
55          -53847.171711213887      
53          -51342.816514233273      
58          -59834.474057827792      
46          -37348.488436788735      
40          -32957.97699331832       
39          -31372.695034537574      
48          -36487.929642454917      
41          -27426.959897662739      
39          -26735.409360495396      
39          -26546.436901700385      
39          -27933.618096052531      
44          -35277.413570680823      
42          -38582.581835968173      
40          -36995.214642443665      
42          -34574.966955549964      
49          -43365.100731658982      
41          -33762.153844675158      
41          -36596.957365248621      
35          -18691.626764343819      
43          -32076.303443626406      
40          -29917.206432797779      
45          -32942.847841334238      
46          -35601.868413511249      
50          -44724.690856104899      
63          -67786.414978863817      
63          -69189.527514347443      
60          -53663.104753976782      
50          -43832.271305853974      
38          -29062.974226339382      
42          -31930.142568319465      
43          -32834.438098711864      
40          -33197.092808309695      
38          -23691.142433933648      
33          -21151.548982560475      
47          -42873.307941915657      
44          -35387.300154326687      
39          -26843.237892306322      
44          -37437.915577127402      
38          -23639.59563712715       
48          -34324.620324758354      
40          -25598.799368270003      
36          -23629.454007844488      
41          -27739.051385525963      
41          -27260.241991977178      
52          -46796.0256424162        
35          -19020.679831166359      
41          -34064.20136456038       
36          -31173.631676531259      
44          -38715.104237443484      
38          -28646.955957769376      
36          -31555.920319712095      
43          -29402.318910402748      
40          -30707.774058648596      
37          -27800.600683946264      
36          -25522.203022039681      
29          -16255.474631477522      
36          -25382.269677854194      
28          -13753.639786108411      
22          -7006.8637341875601      
25          -9443.1483249340181      
26          -16257.300940789823      
23          -14137.847912677464      
23          -9051.2875140187971      
25          -10812.76725595891       
23          -8542.6789063749002      
24          -7841.0048798666667      
26          -12670.562125374301      
25          -9539.6050109705902      
26          -14586.596400555272      
24          -12579.926582276586      
