510 1 -4127 35 35 35
107         -173647.40503708008      
115         -207079.54469548134      
107         -188023.96683237693      
109         -197649.84190048435      
113         -205332.02751909685      
108         -194618.3466268098       
119         -224500.91512280927      
111         -201388.88879158956      
98          -161014.51463340691      
106         -177718.59026843248      
108         -185156.0188157412       
103         -171809.40684379841      
104         -175477.6732145719       
100         -165872.05858451707      
98          -160127.71426680323      
96          -163748.59272454528      
97          -162547.03371452197      
101         -169795.82639853697      
105         -177840.21824299861      
103         -174536.90400997264      
105         -178065.21731078337      
101         -163078.92265331908      
101         -162337.31743074345      
106         -174097.21338469157      
106         -181557.60479106507      
110         -190125.97736026163      
105         -176410.45348534003      
106         -176623.6375673021       
112         -195057.05576263124      
112         -193181.44381856706      
113         -199138.31092947273      
116         -210387.78176076469      
120         -224624.68403150787      
121         -229623.34552426511      
121         -229389.72598041504      
117         -211733.7113317491       
112         -196600.84634062086      
108         -183843.17923099312      
99          -158815.25512379009      
110         -188800.36983599633      
107         -178787.79463681942      
103         -165391.09216443851      
92          -137462.0862822693       
88          -124183.17618745776      
94          -144554.30929487239      
93          -143946.51531095256      
103         -166317.07061225187      
110         -191706.62996193487      
111         -190219.15567405694      
103         -173762.29145009929      
101         -167218.1773835019       
100         -161757.05705054328      
105         -179827.54318182421      
106         -175242.49464338558      
101         -162035.2554736429       
103         -172758.48591841315      
108         -187891.25661184694      
105         -181881.7816645049       
104         -171915.14445867887      
101         -162640.72015057821      
116         -212757.79772291644      
108         -180480.84052239539      
115         -203666.5434560256       
114         -200125.66756889413      
101         -165790.91964462062      
99          -168525.73686801767      
101         -172352.35096123599      
100         -166891.82602752867      
99          -167442.75163844871      
95          -157464.48670890104      
103         -173494.44351780601      
100         -162842.80603112391      
105         -173885.43468217624      
100         -155919.87773642954      
107         -173479.22887028157      
92          -132122.85140610533      
93          -140838.85279677232      
90          -139531.23472982593      
97          -154210.19811404505      
90          -131699.65528801247      
93          -141139.76468636646      
103         -170357.59517641622      
111         -191666.77875638087      
113         -199365.87751695747      
113         -201545.00065247063      
111         -192373.9303322866       
111         -194741.85343318907      
110         -196544.03516898424      
96          -161666.9005859688       
99          -166715.6425681106       
105         -182890.25375429026      
94          -150236.0110813292       
86          -130910.88184137312      
91          -144666.15323183473      
94          -149858.50786984366      
103         -174677.5680547833       
105         -176278.0428517304       
103         -171731.77818759749      
94          -144223.97327772406      
88          -126489.64909979093      
96          -143455.71986075831      
