510 1 -4127 35 35 35
101         -57236.685784599213      
105         -62073.891685693685      
109         -69477.654401633175      
107         -66166.790440129524      
109         -68476.602299341073      
103         -59963.102302270905      
98          -52567.242783232985      
109         -65551.186940539585      
109         -64131.815499778175      
111         -68046.489450485213      
102         -62500.434510016472      
104         -63858.834821365788      
103         -62436.043197983869      
102         -61856.767530702258      
112         -73826.715650256228      
112         -69999.249091208418      
115         -75859.262242121011      
115         -74268.840100254398      
109         -67974.448214565753      
106         -64653.728500709949      
114         -74125.063749759312      
116         -74292.220239020535      
117         -77188.095436898904      
119         -80381.055218422989      
114         -72085.707079981978      
97          -51348.65803617904       
99          -54942.758686166271      
102         -58190.240473795828      
104         -62028.744954588692      
108         -68635.291856332726      
119         -81243.199779872462      
113         -75957.769655839147      
114         -77151.271060419938      
108         -70991.931984248251      
112         -72770.584656590319      
106         -68792.494216219449      
113         -76196.767793981489      
117         -77939.596465420604      
123         -83984.691204153627      
118         -78366.603186009786      
116         -76217.368117638136      
122         -86336.159468016136      
122         -87690.20444996575       
110         -69654.054504791886      
121         -81861.377714825372      
113         -73340.014803862199      
115         -76579.594451183468      
117         -77000.66103823045       
125         -86191.857777177866      
122         -83508.21914781857       
118         -81540.269775148685      
119         -81695.849215156282      
112         -74985.272631172833      
123         -85343.534203325864      
118         -81149.683933099295      
116         -79511.78564662757       
109         -68258.120960646207      
103         -61147.006590749406      
93          -51042.803606639136      
94          -53032.208245802045      
90          -48078.241745186926      
77          -38304.081566394583      
76          -38652.553005467817      
87          -45850.85672734648       
96          -53216.632005370964      
93          -53700.836408891853      
95          -55532.103008927086      
98          -55589.950373411164      
88          -45753.931123602364      
83          -43239.741188718523      
88          -47560.060285949388      
92          -52472.393019864452      
94          -54851.787309485582      
100         -58649.804667655771      
102         -61739.187316871001      
100         -56537.254800189839      
91          -49418.929323088843      
87          -46046.186866003001      
92          -50942.639520197539      
93          -47786.713745435438      
88          -45822.790975130949      
82          -38250.82326750784       
83          -37991.977313650132      
78          -32835.824236394998      
67          -25171.268454439232      
58          -22042.617564295277      
76          -35230.12181260583       
74          -34807.910583010816      
79          -36240.250386750115      
74          -34697.805834700644      
73          -32969.446898891751      
70          -31626.392312031221      
81          -41751.521635698009      
78          -38556.590902456956      
76          -37961.304795387041      
87          -45238.16219353793       
88          -42883.614786953724      
89          -45126.541041706732      
98          -51183.23122013548       
91          -50137.035242873593      
92          -48685.056947837547      
