510 1 -4127 35 35 35
108         -29733.554302559023      
108         -31948.287609341111      
109         -31443.034430929161      
106         -29619.88984643549       
106         -29993.580816012331      
109         -30702.465609337454      
108         -30978.218987045711      
104         -25812.354570712112      
101         -28055.280831483546      
95          -23112.010463213097      
94          -22482.381293979946      
89          -22592.830087486353      
88          -19599.619267200182      
86          -19124.816614953485      
86          -19269.279925120365      
92          -22403.21397159337       
99          -26337.779172317885      
99          -25733.916817902624      
106         -30093.878989734265      
113         -33887.884433179956      
117         -35265.780328936409      
114         -30980.215654533138      
107         -29671.290811435014      
113         -30310.269003192021      
124         -40260.765466970217      
126         -40163.06145438095       
117         -35198.727645661405      
118         -34412.584246587059      
121         -37266.69281411884       
121         -37944.067531066437      
124         -37549.567207929256      
126         -39463.931259073419      
122         -39154.919970658062      
124         -39018.217853480586      
114         -34547.875967219086      
116         -33949.848025663763      
112         -31370.286769057209      
105         -28546.97279475665       
105         -30295.477994829962      
109         -31559.141707339433      
115         -34306.915819782145      
110         -32724.295440081522      
122         -40127.888603965577      
116         -36718.914084833377      
113         -35692.703741468773      
114         -35213.072512539831      
119         -32471.736397639368      
124         -39771.584288040569      
113         -32710.59762183137       
116         -33344.579087929887      
105         -31158.329055809474      
105         -30312.35202924964       
101         -27026.19458983271       
98          -23053.626791886971      
95          -22784.34587108413       
92          -21521.447737286362      
81          -16599.744147241447      
84          -16195.287333138931      
84          -18171.943638461078      
86          -17575.599946192197      
88          -20272.57563351003       
89          -20556.733187504036      
100         -27370.165732189049      
91          -23503.193743029609      
96          -24573.767471579205      
102         -25906.747224188868      
96          -24169.891595992161      
94          -21844.973739690093      
94          -22197.089060251888      
96          -23475.416912695775      
86          -19870.074994686016      
89          -22247.057480867628      
87          -20017.667969069036      
85          -20223.745335222786      
81          -16541.98180525572       
86          -18126.771578973407      
97          -24224.271793355514      
89          -22297.442129706727      
89          -19313.410414850328      
100         -25248.594128444809      
102         -27464.334859518629      
104         -28937.928391971389      
100         -26356.265404571423      
107         -29883.630168655738      
99          -26167.815144788387      
100         -26444.031957863201      
91          -24078.546911583831      
108         -28632.88263599428       
113         -32642.292027788189      
111         -28952.185596099451      
111         -30211.592759070383      
118         -35429.552905950186      
121         -40088.200045944366      
120         -38969.839426788662      
120         -37754.313534340225      
121         -38508.540652653879      
126         -41784.956334807131      
131         -43115.665463569007      
135         -44608.627423716534      
132         -44967.607495001095      
133         -46202.592692611863      
