510 1 -4127 35 35 35
97          -59479.887444107051      
91          -54037.699795521687      
79          -40869.729459967348      
81          -42021.516597924048      
71          -33194.215644826152      
80          -41326.818446501646      
78          -35830.849857341571      
82          -37658.77772934705       
69          -28457.043469280114      
79          -33202.728837293827      
78          -34697.690830478496      
87          -42056.590241258731      
80          -40556.411249017758      
87          -46645.04837613125       
84          -43224.62021119296       
74          -34129.203432314142      
88          -46451.234429877892      
94          -51041.917525919052      
98          -54396.634669301558      
104         -58651.891781133832      
98          -53957.632351301356      
107         -63805.847585398835      
105         -64635.76393737545       
106         -67152.749419181928      
107         -68926.413698009957      
110         -71618.210071857626      
106         -64615.351550569962      
103         -61629.081067026957      
113         -72840.554217765559      
113         -74571.388070012385      
114         -76815.419140283659      
116         -79742.159203800125      
116         -78829.384354530193      
120         -83085.156440395411      
115         -74837.169663350069      
118         -74588.119062695216      
115         -76134.473488590811      
119         -79335.350560697771      
112         -71709.122389764016      
110         -68032.99817701838       
110         -67315.172585861961      
113         -72887.368337240099      
115         -75156.045649717533      
107         -64367.359143449343      
99          -56481.904752734874      
102         -60311.600388156134      
108         -67606.693871959389      
104         -63234.236307814288      
107         -66384.053060543985      
109         -69827.054979705106      
115         -78918.704166502866      
110         -72864.046798223033      
106         -65569.384405027711      
113         -73052.465481860912      
115         -75459.878794492484      
113         -70980.9738476247        
108         -65227.059677189318      
102         -59850.87669685595       
101         -60440.85109934245       
109         -66543.016570184147      
101         -60570.295048763932      
106         -67706.265850406897      
100         -58950.262003110511      
97          -55758.491161874656      
96          -54716.379430333443      
95          -54297.671897152664      
88          -46228.202827800284      
94          -53696.605270605716      
103         -58272.242957459406      
106         -61566.767502758674      
109         -64028.019316986574      
103         -59866.081290450966      
109         -62756.042624153008      
104         -60386.970560000977      
101         -58359.391914140091      
105         -61820.457708916423      
99          -55451.253873784633      
96          -55850.701194440335      
93          -52102.296648941228      
94          -52718.097952451455      
90          -48499.617639696546      
94          -51921.254839674191      
99          -52309.491173895818      
106         -64313.130290024761      
104         -62544.250676193529      
100         -56769.767867154871      
100         -56989.925905591212      
97          -60661.565363411653      
99          -62438.435999504756      
97          -56780.14034586303       
94          -53509.896734256843      
105         -62025.323774983059      
111         -68477.271313289413      
113         -70350.403182888214      
111         -70871.024508357499      
108         -69066.859385586853      
101         -60488.409809364653      
95          -53533.801357774493      
91          -53415.036340308841      
90          -46600.866563032978      
93          -49878.886212636186      
