510 1 -4127 35 35 35
34          -2754.8938262377364      
38          -5008.0577106903193      
40          -3979.4884402707189      
40          -3840.2348058976986      
38          -4315.4965486155079      
43          -6399.6321219492766      
43          -4957.9623509205194      
43          -6255.6813958726761      
46          -5804.9840770246074      
50          -6549.6720599240407      
48          -4576.4925004180623      
53          -6849.066408623491       
60          -8221.4531153614735      
50          -6960.1394060144539      
53          -7006.3156886991719      
45          -5650.8340488592657      
58          -8159.0662041080559      
46          -6009.6976858245243      
37          -5097.930716126777       
38          -4269.1484105108711      
32          -1471.2766566134428      
22          -1713.4438822571585      
19          -828.09787126585627      
27          -2093.5725665166424      
28          -2748.2617542578896      
34          -1619.9919958919463      
33          -3629.0105845419189      
42          -4547.59912653625        
39          -4723.4391796715618      
32          -2666.1474394739439      
22          -1350.9894088384528      
24          -1967.9983173090222      
24          -1617.4543786934973      
21          -528.47802087758078      
15          -740.3015605761874       
21          -1243.2223873563453      
23          -1352.1299974394608      
23          -532.21718423889354      
18          -1222.3242517767583      
27          -2409.2505721600623      
31          -3200.4914723082211      
32          -3072.8617883162765      
27          -1950.4301749240271      
36          -3556.8864622558676      
23          -2093.1434183972351      
24          -1480.1751988950405      
25          -1959.3679784019962      
32          -3560.5755793948683      
33          -3230.9645999304789      
37          -2516.2363793476902      
22          -1185.2781376752769      
33          -3176.8124555936361      
29          -1656.5180046457026      
21          -1318.5681104423029      
22          -1445.7314102667588      
20          -875.75772743204527      
32          -3175.8442331698943      
25          -1879.0480467289442      
21          -1298.321821670035       
28          -1911.8139497564821      
32          -2822.7797071511759      
25          -2116.4315294908006      
25          -1500.7926355876223      
29          -2495.2761193878555      
31          -2392.8313116555337      
18          -860.25547884132754      
24          -1945.6056332834005      
28          -2364.3377821838085      
26          -1946.0788506239821      
17          -704.35129374741462      
22          -1581.9204318130783      
30          -3045.519442808652       
32          -2984.0739180325731      
38          -5017.6297580438595      
45          -6821.5048317733108      
48          -6345.1867867946949      
50          -6237.1392046088558      
53          -6845.3739119877819      
50          -8571.0650176466261      
43          -6665.8074405796924      
47          -7020.0220723267075      
47          -6765.0472037194368      
52          -6902.9483484192142      
54          -7469.1095192354951      
52          -7383.3434665347668      
50          -7384.8134837091266      
42          -5020.698904986114       
50          -7220.7396400454572      
46          -6315.9892950477006      
39          -5908.5837445667394      
52          -8330.2642036098241      
46          -5308.6247472768237      
55          -9854.7206481913508      
58          -11910.69622587821       
56          -10176.755871427747      
51          -7707.9719437045042      
52          -7992.9409294727266      
51          -7598.6222901290339      
61          -8771.2611345816676      
66          -12574.506269613548      
69          -12832.607843330574      
