510 1 -4127 35 35 35
117         -212448.38760450776      
115         -215180.52664090358      
115         -215336.99509593472      
122         -237511.09965561592      
116         -211432.46280717285      
118         -219608.3468240925       
116         -209247.53229900799      
117         -208503.48115418552      
120         -222525.34586649426      
123         -235179.16068019363      
130         -259863.0250544835       
128         -261276.8578755068       
126         -255698.34286649904      
123         -240781.08931009396      
124         -239505.96869379436      
122         -235433.60173934675      
121         -236864.00782132137      
121         -234222.952900562        
118         -222026.94704445044      
121         -229044.01143608583      
119         -221308.70230582432      
113         -195669.2444387337       
115         -208501.14038838842      
115         -202517.76520723285      
115         -205911.63840726687      
110         -187344.37333657843      
108         -180604.76328627524      
98          -154194.38635752283      
98          -157253.56139566461      
105         -177519.59482066409      
110         -193263.10430414305      
117         -216866.8430072591       
120         -233450.32645275563      
118         -227151.60155293893      
113         -208849.08310537221      
115         -214963.49720562802      
104         -183090.5234161884       
107         -189014.45303693527      
116         -215418.53467859846      
111         -203911.55310268377      
111         -204547.02893913077      
102         -177850.33188714777      
98          -160567.4820002667       
93          -142983.43949230644      
100         -158444.46623161266      
106         -175557.89443918521      
100         -160269.58657712772      
98          -153833.36337578276      
97          -151605.72491546211      
100         -161196.78980965266      
102         -159677.78596732687      
99          -154860.52717359381      
97          -150054.97731361317      
109         -186552.82439089162      
104         -172586.77250075308      
106         -175308.71235050683      
105         -175184.50023994048      
114         -208223.58450215039      
115         -211988.41999814712      
111         -197661.61382041333      
110         -200272.70383033567      
116         -214375.52341178039      
103         -177526.6171012671       
99          -171962.6858976681       
100         -171823.20774710691      
100         -164060.7133606633       
100         -159549.24778433662      
107         -180591.26745175669      
103         -171933.21423320888      
100         -163559.71109034508      
90          -135982.72073506104      
99          -155923.31260051602      
102         -164544.88411818139      
114         -204385.84326063408      
112         -193400.16186091365      
107         -180790.65699944002      
104         -169913.8438672745       
99          -156770.11123438171      
104         -171414.84912893164      
108         -187827.17996559927      
107         -176885.26348251119      
91          -136993.02183514912      
93          -143444.31728465916      
105         -169389.58122175955      
93          -141364.2573160454       
92          -142148.27243103075      
97          -151563.1164732266       
84          -123809.35375735941      
85          -119337.83589342955      
92          -138606.43060068088      
80          -102948.14009978012      
72          -86852.546392871503      
61          -58362.153810778182      
66          -68095.765496448075      
63          -69344.652491326473      
69          -74529.350351255678      
56          -51538.58898308831       
61          -60038.913590290715      
70          -80707.988927550541      
82          -110096.48486787619      
89          -126832.79775319813      
