510 1 -4127 35 35 35
121         -79863.389278586212      
121         -79803.334576941968      
120         -81142.348198195075      
120         -83994.969036508599      
123         -88118.031237811301      
121         -84266.906630643774      
120         -82528.401395234352      
114         -73427.863651990352      
115         -76345.614924814392      
121         -85230.459424543587      
120         -86046.400294494102      
123         -88081.834451783172      
118         -82974.607733034267      
113         -75558.641940762987      
117         -79438.31972114653       
118         -81927.198415898238      
126         -92833.987641404776      
120         -81630.500939230245      
115         -75280.883618486929      
117         -78939.653021052392      
106         -67547.304511901704      
109         -71410.366315371473      
113         -76724.113478915388      
116         -81420.392966699743      
118         -84794.708385855876      
118         -84042.477952357134      
124         -91944.148078611062      
119         -82287.48508673851       
121         -86753.913963470943      
121         -84843.187015040196      
120         -83864.866806868697      
125         -89237.40328578651       
123         -89131.797082087229      
119         -83155.345317006519      
119         -82663.471282476792      
117         -79950.63957017324       
110         -69496.444545671009      
104         -63309.73533447794       
106         -67908.661127647036      
112         -73421.597871502992      
107         -68278.636833021592      
104         -64010.028664031619      
109         -69545.719481806707      
97          -58945.790770092513      
96          -57180.528558363556      
96          -56736.933852918795      
102         -63178.944704979796      
104         -65135.461040534552      
101         -62070.379184817175      
101         -60633.540829181882      
111         -71309.972543322758      
111         -72052.093813840722      
99          -62163.77234032983       
100         -61023.118341917761      
102         -61000.90927913534       
97          -55525.89363450923       
83          -44117.310801981737      
74          -36719.870054394793      
78          -38349.798365012539      
77          -36403.485525752469      
86          -44895.982959720786      
87          -47622.814873015923      
93          -52200.268149388488      
104         -62420.142641460123      
100         -55399.525944779489      
105         -59029.999933466577      
111         -65334.583960624623      
110         -64020.25401518638       
106         -60695.51666781144       
110         -67141.208259889099      
108         -64892.649635598857      
102         -58653.627719888711      
98          -52507.294778210569      
89          -46690.962570093223      
80          -38312.320805730531      
74          -33480.332659415173      
71          -32081.07671339827       
83          -41841.486981497343      
82          -39102.690775256131      
76          -32715.355527021242      
72          -26830.082961293741      
67          -27501.279084180562      
71          -30120.971306948184      
72          -30269.566082676014      
70          -26680.550574247758      
63          -22565.470673844713      
64          -26689.060483173038      
58          -20148.918945122292      
58          -20899.450661204137      
50          -11708.457855748711      
47          -16596.901460099318      
52          -18154.490512690798      
54          -19080.591903083288      
64          -24418.417659561164      
70          -30695.61853089905       
76          -34217.596784049972      
80          -35102.966438270254      
86          -40552.642752320724      
81          -38429.530437631984      
81          -36115.209839930219      
75          -33104.785728775278      
