510 1 -4127 35 35 35
66          -11844.610898952558      
55          -8004.5661622939124      
49          -5459.4699234919735      
35          -2776.7260462592239      
40          -4418.6927932392236      
40          -4831.0416079503302      
42          -5744.6914638952267      
36          -3386.3633971949744      
31          -3045.6907702751205      
32          -2739.8626854004901      
31          -2253.8984416403046      
25          -2191.9770400646657      
16          -559.35397763017352      
16          -388.96284804688969      
23          -1659.3006871284049      
48          -7933.2790296684079      
55          -7699.0155338606728      
44          -6013.4816463730522      
36          -2493.6806182336945      
26          -2759.4709559712715      
29          -2250.639768386357       
27          -1546.1528551193319      
32          -2885.6474944055417      
22          -1388.8144724230026      
34          -3468.911125662336       
39          -5320.8812062708193      
38          -5474.6132297805389      
42          -5166.3689292410145      
54          -5939.8761139698827      
58          -8868.4700239261892      
60          -11074.966908750888      
55          -9290.0437778177711      
53          -8294.5287804881391      
58          -9214.5952305357114      
46          -5965.509683119667       
40          -5294.6345077664828      
39          -4947.0032664235951      
48          -5366.5034871793541      
41          -4232.3183556497224      
39          -3530.9836618040413      
39          -4684.2741787966834      
39          -4782.6930455051288      
44          -5491.6611794351502      
42          -5925.5570508287883      
40          -7041.2367867062494      
42          -5919.8525568382138      
49          -7456.8041541822904      
41          -4913.5023559019291      
41          -6363.0441918026736      
35          -3164.3703687010334      
43          -6030.6878501773253      
40          -5080.322793455206       
45          -5248.6001554252634      
46          -5118.5259120500496      
50          -6996.3304984306769      
63          -12000.500883902365      
63          -11761.457918584121      
60          -9048.6728556071575      
50          -7178.0364779653073      
38          -4487.2654364060372      
42          -5427.4667451261712      
43          -5678.4246546971644      
40          -5745.3089219139865      
38          -3901.1623214641459      
33          -3586.4418819526054      
47          -6727.8681710689116      
44          -5708.523204625486       
39          -3257.7975239714833      
44          -6327.7675865329284      
38          -3568.1370214664366      
48          -5954.7172202040738      
40          -3813.3466300927612      
36          -3489.7987302448901      
41          -4690.4835130631755      
41          -4550.5624505994037      
52          -7765.6796271970643      
35          -3085.1340068095296      
41          -5399.3200641845569      
36          -4236.4090391453492      
44          -5452.4651034326016      
38          -4412.0004016869325      
36          -4962.5330798684317      
43          -4005.0083899493948      
40          -6003.4879531612287      
37          -5396.4870270833599      
36          -3426.8867576860175      
29          -1045.721515153085       
36          -4345.5476588251904      
28          -1915.9409306625475      
22          -728.36460521096558      
25          -1513.0219946503864      
26          -2474.0688153945607      
23          -2198.000050574462       
23          -1556.1845792546585      
25          -1565.5680455584595      
23          -1418.9420174564113      
24          -1034.3830989085211      
26          -1968.8805515866138      
25          -1757.9080794562587      
26          -2466.5263384061013      
24          -2004.0088443293698      
