510 1 -4127 35 35 35
93          -142590.16561753594      
94          -138209.02665017857      
91          -131895.58539730767      
83          -105679.77055627588      
86          -118234.20296040335      
87          -121913.53487130057      
89          -124648.69715411254      
87          -123314.04582774502      
98          -155996.59906345207      
101         -162341.05762439824      
98          -155371.85179438177      
106         -188338.98711294789      
108         -193789.27418210072      
112         -211048.86786362779      
122         -241906.7250726448       
123         -239780.13718382997      
109         -187518.59684971705      
109         -181795.69769812745      
102         -166779.24810370916      
112         -198053.51095071039      
110         -190429.97239641336      
103         -171334.00999390669      
108         -183133.24900203088      
103         -170924.43709912861      
105         -178984.2564641709       
110         -188803.40776591306      
105         -174632.00414262479      
108         -178022.35350514148      
106         -181155.67531567041      
107         -185645.95655304712      
106         -182227.83681160185      
112         -194014.05418003679      
113         -196732.84783482703      
115         -206893.55424481331      
105         -180265.3566152784       
110         -187525.15129411846      
108         -178785.82217583968      
111         -186917.48301134535      
113         -195725.4149173609       
112         -194092.95469581633      
115         -205609.08049571689      
113         -200628.381314561        
114         -202003.68204452962      
118         -212412.77703271195      
108         -188037.18049598846      
107         -185968.28116728817      
113         -202206.87130755448      
109         -186363.90526445289      
104         -176383.05070763308      
102         -167290.5308944814       
105         -177062.88671631605      
103         -165412.60556932676      
98          -157027.62020904539      
100         -166711.82542026974      
99          -156877.26225104928      
110         -181067.97411130244      
109         -188692.26051515652      
109         -197109.08360593088      
107         -186076.46883525563      
100         -158269.146518394        
97          -149166.14833551957      
98          -149451.59079764906      
96          -146000.18778295253      
101         -161218.7701158142       
111         -189430.55632275538      
107         -183052.78796738951      
113         -197895.33478423723      
107         -185553.1917325703       
108         -192075.74112455954      
113         -202668.59670895012      
119         -228091.07196475266      
119         -223798.55936656453      
126         -252209.91036856122      
127         -256542.26511210564      
120         -234136.457434752        
119         -225906.12307635602      
121         -233869.21406561128      
126         -249425.74983211732      
116         -214776.64772707925      
116         -218416.72228880817      
119         -229385.61910348211      
127         -260086.26464542933      
128         -261786.01720377002      
126         -258992.38374240644      
127         -256131.76991208724      
121         -231458.36226903705      
125         -239517.24335983003      
121         -229177.49030444684      
124         -241579.90883643483      
115         -213511.23620404687      
117         -212171.14337254362      
109         -189827.03553587434      
109         -191963.10074883816      
116         -214062.93588431019      
105         -180069.83073543373      
103         -175577.85739083379      
103         -174625.25172028426      
92          -139416.5244890482       
93          -142983.80698800361      
94          -146063.08766037168      
94          -147401.64861915354      
