510 1 -4127 35 35 35
127         -43024.01768220331       
122         -41063.73481018639       
126         -41488.760769989211      
124         -38026.512709103292      
120         -35129.627923154832      
117         -36307.983436882743      
117         -35876.156266458107      
116         -35381.481645687556      
109         -33154.218860879439      
106         -31667.707954730369      
103         -28332.965857150492      
109         -32946.773049508316      
110         -32321.173544095855      
116         -31051.076617569284      
116         -33309.639892776191      
116         -33558.504068448303      
119         -35173.934876752639      
116         -32877.700331200322      
119         -36758.871261500331      
119         -35884.330049656011      
121         -35889.221805728092      
118         -35886.797875479795      
128         -41063.596887059502      
128         -42351.88354713349       
122         -36692.295725375028      
128         -41845.920953477143      
123         -39105.631918933963      
119         -38314.9616301848        
120         -37608.856745353572      
119         -39358.171355806626      
121         -40199.472931537668      
117         -36730.140042193336      
119         -38068.768882559991      
123         -37854.572616440804      
124         -37107.84640005001       
118         -32995.194964129085      
112         -31607.103237731451      
114         -35169.400981826475      
114         -34632.415668198184      
127         -41284.191968293373      
123         -38318.546913267332      
125         -37286.233698844393      
115         -34739.365768600765      
114         -33934.224089310337      
119         -37922.774731513739      
123         -36952.050372490747      
121         -33860.05935166806       
122         -34724.407912269206      
119         -34335.989175489267      
127         -39602.547333865456      
125         -39028.534403267615      
123         -38044.030177883498      
126         -43522.691050521906      
127         -44695.087388190055      
121         -39523.147462786779      
127         -41202.587603668231      
121         -35499.33981761762       
125         -37791.606294665966      
120         -37878.28836357173       
123         -42092.610253536506      
133         -48033.609805212523      
133         -48023.48453233928       
128         -46036.567080017427      
123         -42116.957356246574      
122         -40894.423075770748      
123         -41759.460633319301      
124         -40430.574490403334      
121         -39425.627430543071      
127         -41678.26249434083       
125         -42442.485268369099      
123         -42286.026601920792      
118         -37887.94045437919       
114         -37044.112930209885      
110         -34333.134513539735      
123         -42406.235054731886      
130         -46793.921085008449      
124         -42919.012313711573      
128         -44701.052145423688      
127         -45948.424614123884      
125         -41838.553421687939      
124         -42359.769829405923      
124         -39571.578871467733      
117         -38506.693108599444      
117         -39085.437203121604      
116         -38001.447199613511      
110         -33127.615723932002      
110         -32222.067411204673      
99          -26318.725374867405      
104         -29234.456530700383      
105         -31679.989064604888      
103         -30841.67846191868       
111         -32225.538997064181      
110         -30547.604637992834      
118         -31802.443286246642      
124         -38394.799063875915      
122         -37757.51225701956       
114         -32574.535011889027      
108         -31158.954571948922      
106         -31318.316104336958      
106         -31314.121266007882      
101         -27984.075053899363      
