510 1 -4127 35 35 35
109         -193256.31532633281      
109         -195539.34057968072      
114         -217994.37649187696      
113         -210719.26966547323      
106         -184730.62495441659      
104         -177347.30676235436      
102         -169859.76931168925      
95          -144092.10851787202      
99          -160027.89993650839      
109         -185688.14449779713      
107         -183450.43445771292      
97          -153619.90336781496      
105         -173094.61171735858      
106         -181630.46936712967      
100         -163671.54412324919      
100         -161227.75331168799      
96          -153502.64639373848      
99          -159645.53783778302      
95          -144981.06307541489      
100         -152771.5606106825       
90          -135861.18779200013      
85          -125056.77009423701      
83          -114556.47291753608      
90          -122202.86532420089      
84          -111284.56333054669      
76          -91213.781089158554      
87          -116057.72239600422      
96          -145940.05443237847      
94          -140651.9500324071       
86          -116895.83732646619      
90          -127907.14619753452      
73          -94655.483243163413      
80          -107530.94169261619      
89          -126175.66268992328      
80          -102620.12861610833      
86          -116049.60934096744      
85          -126379.59254108374      
92          -147336.50747816844      
108         -182109.58718396607      
109         -184191.73648286884      
104         -173903.76954626941      
105         -182355.51890934884      
106         -182232.20406337018      
111         -196206.41255741162      
109         -196295.63838532893      
105         -188082.86333474965      
103         -174841.06319550844      
97          -161817.15455611702      
105         -180679.55650336973      
114         -207408.73262285744      
111         -193461.93434196012      
118         -221109.32603852879      
113         -206831.39124125926      
116         -213358.78610995546      
122         -235575.2216289053       
125         -244508.5318868086       
120         -230967.5004061044       
117         -223717.10262291407      
125         -248993.99282327879      
126         -250548.29866571547      
128         -258744.64571264814      
118         -225122.0054291925       
108         -189081.8281823142       
111         -192772.52708738297      
108         -190390.23454478136      
120         -233811.08459609406      
113         -214120.3986493008       
115         -218006.35351207724      
116         -222186.09487085394      
118         -230988.33706056903      
124         -247915.84596921728      
127         -257438.85556532411      
125         -251209.16433834904      
119         -229622.46858387656      
123         -244336.36600164714      
126         -253496.49475786049      
122         -244990.53829962647      
116         -223873.41224601265      
109         -204696.93061423488      
106         -191534.52828280136      
109         -194740.91461171626      
112         -208821.72128113068      
115         -215034.16874929203      
118         -231318.57525660776      
108         -193475.89425840622      
105         -180629.29275189326      
112         -201805.90626148821      
112         -203312.38090819644      
114         -200883.99555393538      
114         -207612.20436933581      
115         -213500.19150780057      
110         -196875.65890158419      
111         -199202.21635135406      
109         -192245.50483572786      
113         -207666.0538143501       
113         -212278.10048334493      
115         -214650.78858517113      
113         -210814.95669976904      
106         -186625.56626869351      
109         -195481.74249609924      
113         -204947.10468504019      
