510 1 -4127 35 35 35
89          -47247.356313327698      
104         -59693.881022862268      
103         -58444.468777643073      
99          -56389.899250345567      
100         -59830.68438398427       
104         -65009.30427074802       
110         -71716.604073201699      
105         -65031.410452315278      
100         -62498.333746030534      
104         -65958.372757274934      
107         -69670.769263468886      
110         -73036.12477696361       
110         -72654.361004648643      
121         -86040.582787909399      
118         -85943.117246723166      
117         -86828.983867125338      
125         -92580.870973647965      
124         -90738.965263814811      
124         -93216.789308083942      
123         -85943.469350096391      
119         -79573.732977126318      
124         -88701.079095095309      
128         -92370.85469980663       
130         -95379.2398306166        
130         -96713.63398827592       
122         -86088.380578182303      
118         -80922.133783208104      
118         -82068.464947233471      
125         -87216.860960278151      
121         -83708.005679373338      
121         -83558.548936297593      
122         -87728.488507138944      
128         -93368.079246550362      
128         -90428.550647339667      
132         -98851.623984687161      
128         -94712.103946676856      
127         -92832.223472273981      
128         -92450.997553661815      
129         -95745.364929972769      
132         -98467.108855558501      
133         -99850.532787904987      
128         -95318.20580893915       
118         -80117.10485449346       
123         -84658.305067820736      
114         -76844.558635910871      
115         -76197.976364242873      
119         -78116.141513640163      
120         -80561.378131034828      
111         -73469.609430455734      
100         -60722.860381447594      
101         -57632.059255887594      
111         -69966.579787610812      
103         -59206.86669588901       
103         -61740.255626541402      
99          -54290.875707542684      
99          -57454.589375951909      
95          -55143.683351706713      
86          -46031.893141353095      
83          -43605.020160701126      
84          -43062.519858901476      
81          -40654.422756886706      
69          -29744.640324624786      
64          -26513.426588471812      
67          -27405.139727574853      
65          -25345.443959965898      
70          -29992.468384945027      
64          -27597.231657585347      
63          -25431.855540881385      
64          -26096.499182365143      
69          -27757.815987530139      
70          -28494.131095329616      
62          -25939.212257995652      
73          -32502.142476030291      
76          -33883.553242649163      
66          -25913.385773630434      
64          -25512.004111590817      
64          -24341.831303232088      
61          -23921.549084125989      
63          -23825.479421207991      
54          -17390.996369356963      
54          -17401.954040880784      
62          -21476.70665786001       
60          -23095.995463576834      
58          -20192.744221479006      
60          -21789.064197209213      
48          -17598.95518249723       
53          -17718.633868037636      
58          -19234.000394904164      
52          -17315.459841061773      
37          -10670.54511023908       
41          -11048.202528062628      
40          -10540.39545828066       
31          -8223.2306991061869      
33          -7485.376213148058       
39          -10968.300671691266      
45          -13483.52662587132       
43          -9729.1190299131431      
51          -15355.416074723049      
44          -12040.77047844871       
48          -15797.679881775268      
46          -13835.275487760206      
