510 1 -4127 35 35 35
117         -213209.71246418194      
115         -215764.39390685529      
115         -216110.60917697509      
122         -238349.83624356554      
116         -212011.3329052339       
118         -220527.83673933535      
116         -210162.0991014941       
117         -209413.72067227191      
120         -223262.14683905902      
123         -235878.94661700024      
130         -260684.71644720598      
128         -262269.00159104756      
126         -256684.86838487539      
123         -241826.87616112534      
124         -240536.39920682521      
122         -236651.42120560555      
121         -238124.50229809232      
121         -235209.36813666971      
118         -222845.69889023012      
121         -229742.13154646708      
119         -221722.46765899853      
113         -196011.53155961598      
115         -209198.45561664971      
115         -203329.49679970264      
115         -206684.10632343902      
110         -188033.46259849597      
108         -181681.57271765609      
98          -154976.85674472334      
98          -157661.2247318711       
105         -178108.38697661911      
110         -194020.67019278053      
117         -217848.21687296353      
120         -234526.87118683752      
118         -228106.73433562813      
113         -209740.39588123406      
115         -215556.18703257007      
104         -183768.87781824986      
107         -189692.45209521177      
116         -216460.65129037594      
111         -204795.02358312145      
111         -205391.32008940302      
102         -178690.05316935549      
98          -161414.08420657372      
93          -143386.57758645387      
100         -159076.66084130213      
106         -176236.93519036341      
100         -161036.38447030945      
98          -154380.67466598231      
97          -152034.21785717629      
100         -161746.85465178147      
102         -160318.28565062906      
99          -155471.494386162        
97          -150566.25963295426      
109         -187197.62740639655      
104         -173171.40982941061      
106         -175958.00093731881      
105         -175851.38273138271      
114         -208977.65998677164      
115         -212878.07412081872      
111         -198488.57635056466      
110         -201241.58449323787      
116         -215111.00283457374      
103         -178173.35244417022      
99          -172786.5906712375       
100         -172624.29796300229      
100         -164887.28113666989      
100         -160436.8118273236       
107         -181621.00487742992      
103         -172808.57082687909      
100         -164267.055314361        
90          -136633.36951397455      
99          -156548.46442557473      
102         -165267.20255168894      
114         -205234.10713592343      
112         -194204.17416261963      
107         -181515.49688056268      
104         -170594.46712102249      
99          -157627.26173995787      
104         -172457.76480602674      
108         -188740.73915722608      
107         -177615.81913456507      
91          -137490.21553070832      
93          -144051.95264465455      
105         -169867.72737724599      
93          -142008.48127054542      
92          -142690.53712531846      
97          -152168.41510915686      
84          -124534.11603428754      
85          -119854.38616751623      
92          -139462.82346103215      
80          -103486.14015388871      
72          -87380.580653497833      
61          -58694.57973655557       
66          -68437.694005045429      
63          -69497.664169560361      
69          -75003.731007082082      
56          -51815.596928292754      
61          -60231.551179762107      
70          -81246.945044672611      
82          -110631.98890767268      
89          -127492.68023038568      
