510 1 -4127 35 35 35
47          -15888.258593712488      
37          -10589.032470662907      
19          -5706.111653967163       
31          -7320.7738790183357      
43          -12252.875220091835      
49          -17323.57904843986       
58          -19652.248967034124      
58          -20119.230068330133      
59          -20764.027249597912      
55          -21786.328832019746      
61          -24564.83447818374       
59          -21476.614628244573      
55          -21360.140457437734      
62          -24877.287806971111      
63          -23943.728501761532      
66          -27019.271518221267      
71          -30585.514847221457      
74          -35668.509507375638      
77          -34924.218708536493      
82          -38917.16189401361       
78          -36590.425810889341      
83          -39669.692829365158      
82          -37037.757801268461      
82          -41208.517262841815      
77          -34988.609346511766      
78          -35814.704378950679      
87          -45971.276099458286      
89          -43437.13352926261       
91          -48108.929212676441      
92          -51631.938744229883      
88          -52058.151762424182      
96          -56406.012186145657      
96          -55575.383408892332      
95          -53434.294486088118      
101         -56282.826686186425      
99          -54377.042943259905      
103         -57847.722980247403      
99          -57955.924767160221      
97          -52862.073739162239      
104         -58538.21515792868       
102         -55416.157894755939      
102         -58953.074380987346      
112         -72478.628480018524      
102         -55826.959805816463      
102         -57815.153675076333      
113         -69670.759379639014      
110         -65982.179578281954      
105         -62156.837845698072      
105         -64655.68174054673       
101         -62131.044765291641      
96          -57173.664909844869      
97          -59488.229364861487      
97          -55804.123824765898      
99          -58277.108656817349      
93          -47358.31718155725       
104         -60862.414436112034      
96          -53552.804459792183      
97          -58812.531748423862      
109         -68564.212031024028      
113         -75216.481993434762      
109         -69718.033170726369      
112         -76154.853151005475      
113         -75388.485634109413      
108         -69686.910942773771      
107         -69035.341813086023      
114         -76917.757601475212      
116         -77800.511455050917      
110         -66415.335952438938      
110         -69285.642559298663      
120         -80274.115846879009      
116         -74547.383509142557      
109         -68833.739104428591      
111         -73119.589323929191      
114         -75051.75526070733       
111         -70042.027644259215      
108         -71086.462193367377      
110         -68148.804844418672      
108         -67094.485846030089      
114         -76552.490389469764      
123         -87628.429302884426      
123         -87661.819116435596      
115         -78119.016900215414      
114         -75984.672436400768      
120         -83794.838869722051      
121         -85943.714764749995      
125         -88400.951135851486      
126         -91701.087678526412      
128         -92639.275762834382      
118         -85139.979978535106      
120         -85216.529830512838      
124         -91237.228017799862      
119         -86438.191286470697      
123         -94129.791237531448      
128         -99807.206327825523      
122         -94308.546849548147      
123         -92612.853878135036      
123         -91875.706747660734      
120         -85135.978447782967      
119         -81317.704531468495      
113         -74424.313470291949      
110         -70758.508515941925      
