510 1 -4127 35 35 35
103         -27936.211469673643      
111         -30885.742289145524      
111         -31117.413137905012      
108         -29883.485136699492      
108         -29941.476597164499      
102         -24280.723336371066      
91          -20948.869683070865      
91          -21211.342641077608      
97          -24840.81518227113       
96          -25632.031681174161      
104         -28495.260115524139      
100         -25257.885153618288      
92          -22457.40690765945       
88          -20960.309655441197      
84          -17335.178422661604      
76          -16095.617916459059      
76          -14713.425625822918      
78          -17925.371922902308      
76          -16168.886635233337      
83          -19925.007926232785      
76          -16749.108196251567      
71          -14779.153301661265      
65          -11530.187751627238      
65          -12279.97319029945       
65          -13562.562688724867      
69          -14635.733794172724      
64          -12191.53631718724       
73          -16327.737851058928      
74          -16864.907148139366      
75          -16450.382633356669      
72          -11627.655075606035      
69          -12815.766187713714      
73          -15535.505705160665      
82          -17925.262041353628      
78          -14968.458940884308      
72          -13500.528078415457      
68          -14174.150905406521      
83          -20143.333655410344      
84          -18274.212306952941      
77          -16711.28474054753       
75          -15573.952695966778      
76          -15732.260025526388      
80          -17026.645013679172      
79          -17353.089881763717      
68          -13518.445576782418      
68          -11896.473020927759      
61          -9944.7977861213712      
59          -10006.165086323748      
54          -8682.8218267591947      
60          -9591.2839173664179      
54          -9616.7240624156984      
58          -9951.4608948041896      
49          -7091.5878774343273      
58          -10761.304958769226      
63          -9992.7081437416473      
58          -8204.8778358276759      
56          -9668.6310353822864      
52          -8861.864498970408       
51          -6820.4662885453645      
59          -8918.9875975659179      
58          -10278.221307217365      
70          -12825.632625523698      
72          -14371.757416836266      
75          -16259.034486990575      
62          -9564.3834495001611      
64          -10351.123690118817      
59          -9781.2415289186829      
52          -9497.2546962822926      
56          -10067.785790992799      
52          -9145.6157485516487      
50          -7966.0356596199954      
54          -7620.4712029224202      
59          -10010.419737221553      
74          -14687.519670588705      
75          -15087.607854913116      
73          -14404.055791261277      
67          -11500.114091559795      
75          -14722.74271535206       
66          -12599.079402515412      
76          -14649.080805295682      
65          -11537.347327872279      
73          -15293.324728144973      
75          -16189.189263823617      
83          -19500.188986093057      
90          -21507.383021758083      
93          -23241.188699226834      
91          -21806.508352965291      
100         -26030.955605715579      
103         -28169.701994656836      
101         -26154.607450827662      
108         -26975.721152634949      
99          -26145.432887742067      
88          -21126.136528987317      
84          -18338.164755914189      
79          -16315.486137572689      
83          -19805.963105866951      
85          -18874.480771889597      
75          -15680.115783971327      
79          -18905.676141172957      
82          -18776.689241838874      
83          -17201.770797893732      
