510 1 -4127 35 35 35
103         -28171.202743722068      
111         -30963.248919689329      
111         -30993.692171815048      
108         -29817.458019588335      
108         -29908.413446887047      
102         -23815.96231292604       
91          -20854.595950882565      
91          -21183.815560033068      
97          -24903.66971204157       
96          -25881.91798713246       
104         -28563.146869414264      
100         -25121.256209357165      
92          -22245.969510794526      
88          -21013.502550242531      
84          -17270.854770465048      
76          -16247.89640245086       
76          -14571.357178930786      
78          -18030.422404886966      
76          -16182.295743414297      
83          -20070.099408379625      
76          -16799.376547927255      
71          -14842.115326584242      
65          -11494.833677767378      
65          -12167.978301587164      
65          -13728.861617354323      
69          -14802.62543496724       
64          -12360.400519256627      
73          -16516.314356635641      
74          -17102.903627066135      
75          -16646.101301940147      
72          -11442.693306716748      
69          -12804.590486856678      
73          -15667.440183359457      
82          -17866.658420537377      
78          -14894.4774572225        
72          -13497.340795421393      
68          -14223.487911579045      
83          -20214.952208220871      
84          -18311.149672948315      
77          -16938.376727726045      
75          -15710.940475254283      
76          -15872.079120078099      
80          -17117.16596605544       
79          -17412.3114934806        
68          -13705.226811391298      
68          -11968.219335363821      
61          -9943.774209928908       
59          -9999.0319581688782      
54          -8683.5246137677423      
60          -9565.4391429852021      
54          -9621.1400237574271      
58          -10035.219813542839      
49          -6993.8078107772899      
58          -10918.954024542409      
63          -10113.191415354524      
58          -8114.5189180608359      
56          -9747.8302989066124      
52          -8912.5559585786377      
51          -6830.6312235860332      
59          -8904.0554379886962      
58          -10396.603252142037      
70          -12848.792891995732      
72          -14545.607387127817      
75          -16403.908011694708      
62          -9464.9650169411325      
64          -10389.191999663528      
59          -9853.1304635279703      
52          -9662.3445601297553      
56          -10239.097884338746      
52          -9325.1930613022723      
50          -8061.6750367938075      
54          -7666.2150506625767      
59          -10046.797280371382      
74          -14622.744005606339      
75          -15066.619686031843      
73          -14496.825306281968      
67          -11472.841605053418      
75          -14591.330574070069      
66          -12687.039759672782      
76          -14691.439769630239      
65          -11703.063072314899      
73          -15457.029280337614      
75          -16256.97480217382       
83          -19523.030139732044      
90          -21493.908301951597      
93          -23398.057771328771      
91          -21857.556127522002      
100         -26097.133812841694      
103         -28156.881847909252      
101         -26220.131265151198      
108         -26631.978267784049      
99          -26153.386108301893      
88          -21118.037252199658      
84          -18349.838921700641      
79          -16297.924395309894      
83          -19858.034074012976      
85          -18851.230491475759      
75          -15795.46427853967       
79          -19179.278417510875      
82          -18827.861112653132      
83          -17147.163250249643      
