510 1 -4127 35 35 35
24          -2004.00884432937        
32          -3595.6064572545438      
36          -4424.6677549065053      
36          -4314.6322373730554      
39          -4542.0032594852946      
41          -5153.179578841954       
25          -1927.2717530712855      
27          -2381.8347470382391      
42          -5741.1244006727029      
37          -4172.7858119214934      
42          -5637.1928954775076      
48          -7123.1344308184034      
52          -9250.0526409481809      
66          -11171.470548735575      
69          -13830.103180338234      
65          -11255.431417384316      
55          -5773.510755441499       
73          -12048.04153585596       
75          -14714.86475228081       
69          -12546.609294080657      
65          -11446.127157875695      
59          -10446.047913908551      
61          -11191.46008497497       
56          -8266.2007162622067      
53          -7122.3250634299293      
46          -5123.7125920287253      
34          -2969.2194250323655      
31          -2463.875328726489       
33          -3009.6494137929085      
33          -3473.7492189858144      
29          -1370.4495546256949      
14          -820.3438989875475       
23          -1571.7471430899625      
27          -2377.3675581960647      
28          -1861.4450115844079      
25          -1541.7445193295421      
17          -1540.5513177701589      
8           -434.07266500358133      
19          -971.04712755111575      
18          -1607.7547314910548      
35          -2755.5314135376516      
25          -1828.4173158755989      
27          -2099.692658744746       
26          -2026.6612057337179      
28          -2252.745687149114       
31          -846.40764196958071      
26          -1774.456358359552       
33          -2513.9933372885671      
39          -4652.098062989945       
54          -7521.5932668584164      
51          -6766.4227025052778      
54          -7337.1983714142016      
40          -4172.0718884823364      
25          -1826.6040025157438      
26          -1920.391967630173       
31          -2488.6683080353814      
33          -3845.245143354532       
35          -4024.2187247201136      
41          -4649.6980306635696      
48          -6136.2488384609251      
43          -4060.3635370910829      
51          -6245.0672894364088      
41          -4809.5590499597802      
38          -4636.5795665643554      
33          -4204.5715272650687      
24          -997.46052007261108      
32          -2729.6700061450638      
30          -2200.2313273696964      
44          -4161.6711707094155      
36          -3245.2081666819854      
47          -6397.6619897085784      
45          -5482.9710721272459      
33          -3548.8983919140046      
38          -5418.4352630001204      
41          -4874.6530406427328      
44          -6632.5085605869072      
43          -4192.409265188101       
46          -6331.017226925288       
39          -4431.9371415617561      
30          -2889.81011164655        
42          -6556.3206368375168      
49          -7204.4108063842641      
38          -4688.8468854035664      
37          -4204.2977813154585      
39          -4939.2095590405361      
39          -4486.8189250968944      
36          -3326.6005464537429      
34          -4005.9587013813975      
41          -3038.0045285412675      
36          -2708.7651788753637      
55          -8108.4239485308926      
53          -6413.7905538098194      
52          -7868.3959227069799      
42          -6605.8305173312328      
42          -6780.1544796953476      
40          -5320.6099545470579      
46          -5835.7595947095706      
43          -7454.3433974299242      
39          -6201.7171985673895      
38          -4871.80768640101        
36          -4553.617780090497       
