510 1 -4127 35 35 35
101         -167884.34975440076      
103         -169744.91366079909      
105         -179723.66286200835      
115         -205523.64070896397      
118         -225269.11084625302      
113         -205346.19035641282      
120         -226791.21710779666      
122         -231948.35238042506      
122         -231087.80321609732      
117         -213169.3567888074       
104         -175678.78991183135      
101         -160620.47242166524      
93          -142734.23461627969      
90          -135279.89841682985      
94          -141930.53241136071      
104         -179607.2880788717       
111         -203444.3329852467       
120         -230870.663497131        
117         -214523.02981208108      
124         -236538.39155456159      
122         -236762.86830639868      
124         -241391.73398777912      
119         -230518.97257600029      
118         -229656.41563939577      
119         -235678.55865722019      
116         -224746.30868683898      
115         -212112.35208370668      
116         -212723.23722067225      
122         -241375.29243118744      
129         -265837.98820546578      
125         -249710.49946834944      
124         -240657.73869418574      
125         -243339.34169479494      
122         -236809.35005112071      
124         -239863.90266799854      
123         -232002.13129327944      
127         -250789.24440190021      
123         -239788.53077409312      
129         -256783.0012875775       
126         -244463.74378737513      
115         -208382.16595442506      
113         -208723.27223151593      
110         -199080.9736267823       
116         -210550.10191795518      
110         -189202.53910542242      
101         -161943.86200513359      
94          -146911.18484614399      
97          -157983.41157947393      
93          -144768.17134599583      
82          -120595.88372137924      
82          -121256.93079456261      
88          -137307.8275650937       
83          -122570.29671512052      
90          -130314.83958470327      
87          -120814.37483741419      
100         -159514.77550881932      
93          -145537.9528412417       
100         -162547.63000663082      
97          -151531.57081235998      
97          -152046.97566609902      
96          -144066.75249139874      
97          -148374.10992594485      
99          -159475.28387389067      
97          -155228.75704649871      
104         -179829.55246403973      
97          -154724.96697922441      
108         -179797.05419539838      
109         -192764.93022183725      
115         -214203.21502598416      
114         -205872.17906296154      
121         -238163.34170559736      
111         -199908.81847566727      
108         -188806.09519354306      
109         -193487.07995762734      
106         -185763.37726722518      
106         -186326.72585338569      
101         -164359.89189023903      
97          -155086.51399317227      
99          -157939.95094667989      
96          -152797.14698879965      
90          -130708.96163702672      
93          -138713.74874750845      
97          -147729.40746867008      
102         -163314.6186731761       
93          -137632.56293913117      
88          -124147.21478241456      
87          -130744.9545268887       
93          -147133.0848773747       
96          -161777.74047372976      
98          -156393.69145757513      
103         -182916.00122000175      
105         -179889.52308091437      
105         -180696.30688441746      
108         -178449.00485026804      
111         -196351.73860765708      
109         -191753.47352315296      
105         -181041.29375190215      
103         -170437.25739744981      
109         -187906.90034520926      
107         -184936.12088683457      
115         -201322.03878201489      
