510 1 -4127 35 35 35
119         -39941.246407727784      
116         -37562.558058049828      
120         -37479.476318449451      
120         -36425.057923105953      
121         -35245.849490191824      
115         -33887.853283963384      
111         -35169.508039978929      
103         -31310.853379213375      
100         -28533.762782146434      
98          -27772.345008695724      
95          -26484.49059684735       
92          -24641.00764547005       
90          -22035.035088992438      
94          -22858.111279189518      
91          -22556.128118178669      
92          -23661.030579632297      
93          -23758.148510213596      
90          -23419.559587598087      
92          -23350.868761873688      
93          -24092.439464801075      
84          -19965.453569561338      
74          -17113.504413066596      
66          -12387.03888865027       
64          -12324.652590308095      
66          -11398.881297795402      
60          -6894.1714703358266      
55          -8845.9741786211707      
60          -8629.9996725136571      
63          -9519.9899174034235      
68          -12154.215617430329      
53          -8374.7388993462373      
51          -6830.7255334894389      
55          -9190.7451836070322      
55          -9733.0265003831246      
53          -6650.8363846221309      
54          -7740.0055401405134      
43          -5588.7112581780839      
54          -7656.3481089141515      
64          -11238.364529568425      
60          -10416.289902886178      
64          -11963.660457196162      
78          -17158.75087655857       
76          -15951.864773869393      
86          -20100.317875771427      
79          -16810.401134658692      
89          -20998.314093812063      
90          -22423.613398453424      
90          -20981.215056788125      
85          -17357.472564522966      
89          -20847.015003896555      
95          -23583.479886259462      
100         -27510.950312375342      
95          -24918.359858739685      
107         -27690.991392622986      
106         -27524.194128456227      
103         -24627.789767738577      
94          -22711.522050527015      
94          -22803.579063022757      
95          -22694.483800091748      
100         -24889.388144787787      
104         -29037.516702990288      
103         -27830.114695226086      
100         -26291.714591410167      
99          -25635.039112244398      
90          -21998.118044481409      
89          -17969.175101873712      
84          -16157.795336130243      
85          -17879.357201722942      
79          -17393.138077197345      
90          -22277.975405338504      
86          -18806.86979756497       
90          -18863.033596517947      
87          -18009.153842558357      
89          -18709.247697794668      
95          -20420.099017793516      
96          -22873.646498036585      
90          -21313.634970303712      
95          -24219.467021948687      
100         -25821.278451021684      
108         -29427.601191700494      
113         -31696.437182980408      
107         -31388.886385277568      
110         -33312.996485385564      
99          -27669.294208224655      
83          -21429.358308768671      
85          -20335.139305263841      
86          -20799.487621746397      
89          -19150.35859897859       
94          -21988.173636147851      
87          -20310.222466485287      
82          -18213.241111053303      
77          -14795.584751226463      
83          -14365.003183404207      
85          -19164.238979515416      
88          -19588.616163135983      
85          -19905.042634094742      
73          -14470.076472538853      
71          -12867.480903173093      
69          -14536.532520753168      
66          -11844.810622542702      
73          -15241.554650792301      
