510 1 -4127 35 35 35
110         -31378.481795056865      
96          -25195.782085866122      
106         -30144.863228254439      
113         -34484.767706955114      
109         -30363.590948735287      
102         -28096.534382892085      
109         -29906.332742822928      
109         -30024.234473893139      
111         -31631.193834866586      
114         -32227.512897706187      
115         -33603.309200610427      
109         -30483.264214193132      
105         -30020.748927861932      
104         -29841.044902414389      
106         -28822.03503417072       
104         -29729.138698168095      
101         -26466.173735331184      
106         -28565.999397800777      
109         -31654.045923788104      
104         -26682.869795691051      
116         -30566.014428534902      
108         -29348.499704036243      
109         -27325.438276631899      
102         -23708.568092851481      
101         -24508.841353665488      
112         -32152.547429083737      
104         -26617.776460759305      
111         -29568.868922936312      
115         -33677.133835832174      
117         -33705.296928881042      
111         -31005.804862857622      
107         -28175.373285337351      
99          -23211.608483140226      
93          -22707.973111433141      
99          -22882.692139194427      
103         -26738.467647762202      
98          -25376.308577405114      
100         -27954.982533750546      
101         -26982.200770046256      
101         -26839.413377136436      
104         -27331.586350760677      
110         -33912.829424176052      
111         -33873.524727823191      
111         -32918.632758595464      
107         -32600.404405119978      
95          -25003.431031296743      
91          -22220.588209630336      
103         -29489.53668877044       
101         -28056.949080041359      
108         -30885.945525069732      
99          -27505.937756521496      
98          -26029.470332816698      
100         -28744.767070506485      
106         -30406.583597325363      
113         -32053.610872526522      
116         -33000.729539216583      
114         -33595.932519972441      
120         -35141.546120734587      
115         -31970.221939926912      
120         -34725.055020556363      
115         -33464.656095101069      
109         -31882.01109414926       
111         -33357.480969060016      
114         -30980.684649746516      
109         -30099.927973556045      
100         -26424.815631115016      
103         -28222.533210537069      
102         -25519.370359869368      
106         -29987.528634985752      
106         -29411.855481508497      
109         -29931.256781037799      
103         -26565.845944542965      
106         -27577.85736952654       
104         -29579.418949695715      
94          -23265.47276890733       
89          -21278.107119803339      
94          -22525.116069393789      
87          -18757.903096497022      
94          -23902.844498318573      
94          -24479.107160201649      
92          -22672.767536337033      
78          -18895.652361008324      
72          -16966.542064845547      
54          -9134.4220151225909      
61          -9556.4008611353838      
58          -10076.53147111068       
60          -10470.588136263919      
52          -8249.8329884876512      
56          -8347.8077821729457      
64          -9039.510619023964       
65          -10842.243584703103      
64          -11190.74445747897       
67          -14147.957485798133      
69          -14180.423281690244      
78          -16882.248962912654      
74          -15480.014310585169      
68          -12981.889415028325      
60          -11202.085972934856      
74          -14829.684352635561      
69          -14077.549309764305      
65          -13207.653758438339      
