510 1 -4127 35 35 35
110         -68787.902278818103      
96          -53763.538960414451      
106         -64855.449321376538      
113         -71439.927374093371      
109         -68298.367846064997      
102         -61749.426638660349      
109         -68962.893102266302      
109         -67950.814397102906      
111         -70475.58452486356       
114         -72618.574064309985      
115         -71949.124755850207      
109         -64878.172730075945      
105         -61505.269140511882      
104         -59758.250702564139      
106         -60682.956883725135      
104         -58869.62843021311       
101         -57972.35327720354       
106         -62104.849478202625      
109         -66667.508192823909      
104         -62710.544187072119      
116         -74354.709348466102      
108         -65802.435634369147      
109         -64579.523552214101      
102         -55605.779174260359      
101         -57869.989872587226      
112         -71233.549125832011      
104         -63964.873859184438      
111         -69996.081343098354      
115         -74632.316064201383      
117         -78660.447319775471      
111         -69708.0702066378        
107         -65131.101666397633      
99          -57583.042619154454      
93          -53445.258976764635      
99          -56846.018071039027      
103         -58142.220397575576      
98          -54916.650222203985      
100         -56977.054924548196      
101         -55715.319467519126      
101         -58076.698962073329      
104         -57757.983529898316      
110         -67270.462632531518      
111         -66545.844208392067      
111         -63504.952461206609      
107         -62449.018925815515      
95          -49721.398571210957      
91          -44918.780938470489      
103         -59404.719798452985      
101         -56202.580789709871      
108         -60857.057437139272      
99          -56625.897466061353      
98          -55273.223132446525      
100         -55612.769331030853      
106         -61734.589498091642      
113         -71145.662637871894      
116         -76395.625549099728      
114         -76559.964718927964      
120         -83044.538026812181      
115         -79190.396850153542      
120         -83715.686856035056      
115         -77228.46080736474       
109         -75185.249952070939      
111         -72824.164698164837      
114         -76032.899421474183      
109         -69754.046220047065      
100         -61081.064908674125      
103         -63898.986488544797      
102         -58578.883102975225      
106         -64456.729535992265      
106         -64257.044071255237      
109         -67783.304073097563      
103         -58943.536561393339      
106         -64952.00215633044       
104         -59766.863840370832      
94          -50886.85433154217       
89          -46068.791201366665      
94          -51618.026884105318      
87          -45613.51613598402       
94          -51803.338854536945      
94          -49682.688948486859      
92          -48381.826330044467      
78          -40394.763464110496      
72          -33995.626981787886      
54          -18755.394552389411      
61          -24465.922412024465      
58          -18889.636423025509      
60          -22740.144410327524      
52          -18663.113568069908      
56          -18168.990743931143      
64          -23833.114479284428      
65          -25367.299911417784      
64          -24541.206410930892      
67          -27897.114640100943      
69          -30161.54380872364       
78          -35182.763691558997      
74          -36079.74610630329       
68          -29084.742777161875      
60          -24683.856349709135      
74          -33951.3053051522        
69          -30046.090198835976      
65          -26672.651036035993      
