510 1 -4127 35 35 35
30          -21545.906011699335      
15          -4105.6744068063199      
17          -7922.9848850293456      
22          -7304.2416717575979      
19          -7140.0684217847247      
28          -14999.733744524936      
35          -18230.737617256273      
29          -12284.750385452047      
25          -14718.939450713306      
31          -14921.893048231232      
27          -15140.903035870899      
24          -11916.322613450066      
37          -24231.525965724046      
41          -29391.899741469362      
32          -20544.18208692925       
32          -22635.076084809749      
25          -11513.1727301338        
26          -10206.603881505263      
33          -17178.853949358778      
25          -9228.6746400278371      
22          -4828.1202712904069      
17          -6387.9499057640842      
32          -21334.821138496362      
37          -25912.631990761263      
47          -43275.953347227944      
43          -35565.818127210317      
48          -42964.821996057864      
54          -48793.218171245047      
46          -37391.146716128504      
53          -47332.367623092534      
28          -14292.058761491804      
47          -37103.376521254861      
39          -26924.666448901862      
42          -28157.977587635876      
41          -24767.887659788845      
47          -41094.128147104886      
54          -47792.104598512859      
32          -17288.822351597395      
26          -14357.236054324936      
29          -15553.395384222948      
22          -5229.1795525240432      
9           -1828.7104919979358      
16          -5272.3680079604819      
24          -11813.359554564351      
19          -5081.1308807949872      
19          -7152.2933158357409      
22          -8772.2173630804682      
32          -13657.498729510049      
31          -19158.033887993748      
26          -10549.731264280696      
26          -11599.273889971686      
24          -11092.171186026215      
42          -29219.755998224311      
41          -26711.643962122802      
49          -41663.781326022945      
53          -50071.138393504109      
56          -54073.50374773467       
65          -68906.072943679828      
65          -70746.464884361019      
54          -53103.191127234997      
48          -43286.772808744907      
59          -63332.19130150105       
56          -51750.312704483767      
59          -52788.743332656573      
58          -51220.314841171719      
55          -48667.814908277353      
51          -47284.805271884594      
50          -45038.50977111973       
47          -36270.937880885271      
49          -38629.034331197116      
49          -42107.716652794741      
44          -28296.553865067057      
36          -27176.544259010152      
55          -53655.842313269255      
59          -54130.977240195876      
72          -85934.312690198509      
76          -88092.385283630763      
70          -72566.175783194049      
61          -55054.050470265509      
55          -49623.326848295437      
53          -45414.100832102224      
48          -45906.366462189966      
62          -67188.786265982693      
64          -72766.984342994052      
60          -61548.31464326899       
68          -86996.331219794592      
73          -94788.279964924455      
64          -77157.549700630218      
69          -81797.716125823834      
70          -94279.98844753149       
72          -92165.705943909183      
75          -95768.5181567322        
69          -84503.001875371556      
60          -61902.463484464592      
47          -42075.431626696321      
50          -43560.387254221132      
50          -43854.885265035002      
53          -54263.242447438199      
57          -63427.187023830687      
57          -61166.549969551248      
75          -91236.064634860231      
