510 1 -4127 35 35 35
113         -204947.10468504019      
111         -195137.49439602142      
106         -185560.28167958252      
102         -166696.2371755575       
109         -188372.98882470376      
112         -200395.97233622894      
116         -214769.6009589727       
118         -215983.79991412675      
123         -232698.96431128721      
125         -235709.61039702254      
125         -236874.09130540007      
123         -235115.23996136364      
122         -234857.76419361719      
130         -262584.3855921753       
123         -239979.96782781862      
117         -216081.85703213618      
119         -217138.02866002236      
119         -234345.73684668378      
113         -212565.07517258666      
117         -227158.62227576491      
118         -226110.61257890859      
113         -208754.22524651245      
123         -235888.38734529173      
130         -265087.37453779264      
126         -258366.03731503521      
125         -254386.09181944968      
127         -260583.15452352067      
122         -247003.01604174406      
127         -262186.63389510009      
129         -274312.3407240184       
116         -233016.78239911722      
118         -239031.50334267123      
125         -260782.21858410799      
127         -264678.77247697837      
124         -253879.89330091624      
123         -245902.58171242211      
121         -239687.76699124294      
123         -247182.98854959337      
125         -252388.92445618025      
123         -242906.70138123957      
124         -244506.93799334342      
119         -227088.36857678226      
124         -246543.39637946736      
127         -253536.00031628844      
125         -248296.78208310198      
120         -232658.37331332319      
118         -219908.29600457809      
117         -221680.35859970361      
112         -201877.56799437926      
112         -203634.2537088191       
110         -200488.34189761436      
109         -192023.72859987902      
112         -198120.46828255255      
113         -205223.53430454864      
113         -207062.76321406598      
115         -212134.09744155518      
103         -179063.94119680591      
88          -136726.96247328765      
84          -124545.77803098511      
84          -128338.33112999573      
89          -138305.78365229713      
89          -137181.00338953765      
83          -126838.63378219154      
82          -120018.80859668739      
92          -136940.38504752424      
91          -136197.8098925628       
91          -139692.16501786385      
105         -182608.04954806375      
111         -206215.46526514456      
118         -228696.32387215734      
121         -243091.78918532838      
125         -253086.58779088006      
124         -257633.33789014682      
119         -231783.81080103747      
121         -240386.87294733693      
117         -224715.46229057855      
115         -219835.54852495971      
109         -194936.40858640301      
107         -191734.18703626574      
108         -195106.96791746095      
108         -195333.0321724996       
102         -181013.75596666013      
99          -171300.92790615361      
100         -171492.31080094154      
104         -178379.18124872158      
97          -162553.3408638401       
90          -143237.66269264577      
95          -151798.50199534552      
95          -148896.56565484224      
92          -137457.66016552961      
84          -120837.86997384924      
89          -129185.96500302214      
81          -113229.73151934773      
86          -115510.8520288151       
90          -129191.08163618932      
102         -166043.58096844543      
110         -190142.28684676118      
104         -173633.58943850736      
99          -157854.68272717224      
103         -171328.09059280637      
104         -175318.9644060095       
