510 1 -4127 35 35 35
124         -88262.751309302112      
127         -89756.871634025767      
132         -99314.079177075691      
129         -89312.392650992464      
120         -83123.378699399545      
119         -84421.641162946908      
113         -74719.167358086983      
112         -76225.319105580129      
112         -73381.802223712002      
110         -69650.0938241611        
117         -77122.610553185033      
109         -67727.095016476407      
97          -56002.604967643361      
99          -59025.30980177442       
94          -51089.575351150714      
94          -49009.787184295878      
103         -58380.222945112655      
107         -64210.303736354064      
102         -56085.406809959284      
97          -52621.99631892491       
94          -49860.444577529328      
93          -51797.599306657241      
91          -49636.815723632593      
80          -37414.206137124376      
94          -49252.27772874217       
94          -48803.039218440463      
83          -36882.091788768666      
62          -25927.896272787319      
64          -27457.280578497113      
65          -25896.804428721913      
57          -21067.577060913551      
57          -23419.192007442598      
51          -19553.41082241305       
52          -19637.398170467255      
52          -17903.051403240217      
64          -23328.267858616688      
60          -24482.28401836316       
60          -23101.217400729081      
46          -15726.307837283854      
47          -16753.194177609053      
48          -15143.982060883656      
51          -16121.193250873859      
56          -19437.274267135504      
50          -15811.863256958482      
39          -10283.017120843941      
34          -7689.3569975887167      
37          -9613.1320289411797      
35          -8631.2416327038427      
33          -7501.5809762828458      
33          -6142.8917072466729      
37          -8529.0141280116695      
33          -6756.5294686943762      
45          -13648.600952494256      
49          -15969.284215315813      
47          -18315.851736049874      
57          -23190.456911218258      
53          -20707.821430225787      
58          -21799.578695403092      
62          -22812.631206096961      
59          -22315.700631875618      
53          -20726.927891286712      
47          -15527.270467729866      
52          -16915.87098654026       
64          -23850.504955925178      
61          -21632.716113924223      
54          -19597.14681274852       
52          -18739.806677004181      
54          -17261.600510517681      
46          -14708.858578696489      
43          -12729.928543760965      
44          -16513.977044001982      
37          -9679.7636104190224      
27          -5037.5929845058981      
39          -8432.2369839488765      
40          -9769.7025876115349      
35          -7414.8292229832368      
40          -10374.476173201621      
46          -14151.293628781938      
53          -15302.430429991075      
52          -15926.565919647957      
42          -10552.485991185098      
49          -14270.66978400966       
45          -13228.439705318828      
36          -10052.110323682185      
41          -9811.9887766742268      
26          -3567.6055211068465      
31          -6555.7823178671642      
34          -8624.3401749319364      
48          -15787.057852875589      
53          -14103.807433520584      
49          -15101.599286155168      
47          -14012.761345951269      
48          -14243.043860436394      
63          -25644.979231502493      
56          -23486.506154323084      
53          -19568.563272694359      
49          -16940.076213129727      
49          -16083.38840988465       
51          -18126.467174080011      
39          -10240.918783903155      
58          -19600.233761537736      
