510 1 -4127 35 35 35
30          -11047.955774812157      
17          -6466.9005154403048      
17          -2724.6001484440008      
15          -5013.5796563978565      
22          -12651.262950150107      
20          -7686.9670592051989      
23          -9726.1529228488962      
23          -10194.519765692365      
27          -12345.533978543841      
42          -32390.276538994058      
45          -32797.164714486913      
40          -29287.539126105705      
52          -41959.56625046947       
55          -50201.478827439794      
60          -64393.492795858445      
70          -86251.720628663781      
69          -82347.751903151424      
62          -70134.563220974436      
75          -96911.173080449866      
86          -122221.67602319535      
90          -127245.29118292528      
89          -127097.14798142928      
83          -108361.90056975177      
74          -94750.131918510597      
85          -115092.23284490207      
92          -127911.31229525495      
97          -134613.0227859088       
96          -144062.79764860991      
97          -148270.15135883534      
100         -160480.52483106128      
92          -137786.29688610215      
94          -143412.80919755003      
87          -125553.38883159377      
87          -123825.72740065186      
93          -139355.43824508469      
91          -126837.40959745109      
84          -114295.17694028286      
88          -117900.66711404745      
93          -137266.88569895885      
77          -98036.489178389224      
84          -116807.48463972411      
82          -114283.18559306915      
89          -126414.65946121841      
86          -118447.29985531444      
78          -100101.86359285621      
74          -90856.900670104544      
75          -100136.71767738681      
62          -66050.537710643606      
64          -64879.319038471149      
60          -67103.422529692281      
61          -60875.480562027311      
63          -62300.796630684068      
53          -47507.852332747796      
58          -56489.856891975513      
58          -62550.610803983211      
41          -37964.392927558998      
41          -31479.858978786993      
37          -29895.602569896837      
33          -24985.832230305947      
55          -51808.42021963311       
58          -55689.748135911927      
57          -50706.855883444026      
55          -53561.395170487587      
64          -69785.457035335276      
57          -59663.968248478253      
64          -71546.307147657368      
71          -86262.822884641646      
66          -76962.235977375734      
65          -75383.911443568126      
69          -81565.94137940176       
62          -64928.424336085285      
51          -49640.300554112298      
39          -32701.019245956231      
31          -19904.872404641497      
36          -24103.075921560045      
39          -24997.241664129979      
27          -11368.193262766623      
22          -9303.2753933675758      
28          -15384.523362226064      
27          -15842.334089984117      
33          -19467.781850130181      
24          -12681.768004132762      
16          -5615.61502223555        
14          -4595.8557087649233      
34          -18584.301791659185      
31          -17253.724608998389      
29          -15619.004033526247      
37          -21166.732486670779      
36          -18212.238999977497      
34          -23760.096536609635      
36          -26217.584177741621      
39          -24084.592655394466      
39          -25680.360901653548      
38          -21462.890686871058      
38          -27143.241130400278      
29          -13613.490768813164      
16          -2727.5555649670209      
24          -10656.947108681459      
27          -12804.892628994477      
38          -26219.36251454286       
38          -23369.333317286502      
