510 1 -4127 35 35 35
36          -10330.982545194545      
21          -2811.2602788269764      
36          -6925.2304898825851      
40          -8589.3562085178637      
42          -14023.421495518796      
53          -18662.333074484297      
58          -21231.139860953241      
61          -24258.521723504215      
56          -19207.796036344494      
52          -21469.872886878173      
55          -21565.278090569074      
54          -20372.683622463923      
61          -23425.8823164243        
61          -23108.666494605819      
65          -27510.583588159647      
70          -27446.552337868423      
67          -27086.178415799746      
73          -30961.039270515979      
69          -27835.588912601659      
68          -26943.772274991399      
49          -18335.273148024018      
45          -13994.498467383666      
33          -7735.724444777421       
32          -6794.9445414527418      
26          -4539.7414860390936      
19          -3062.810194678123       
28          -5626.6777539273789      
33          -7829.5038934057002      
30          -7431.6703542193354      
31          -5673.5519763514012      
28          -4949.1797125446556      
26          -3679.8983016604925      
35          -9055.9984089486024      
42          -11408.878873560256      
39          -11219.368636534207      
56          -20178.494516171388      
57          -22973.999992050281      
70          -33778.542328931508      
73          -32390.233578074549      
74          -35073.680058264217      
69          -32867.725902663005      
69          -29443.852857333117      
68          -27657.845851788155      
80          -39548.968081868625      
81          -38981.23326730074       
77          -34778.314991272098      
79          -36459.643933080522      
71          -32201.781143142958      
81          -41386.452339705516      
90          -47489.206270080249      
93          -53570.149226287074      
100         -58696.87828857635       
96          -56693.396462243953      
97          -58185.911356261931      
101         -60785.953017349864      
104         -61507.67029028746       
104         -61865.487011764992      
110         -68822.877385089494      
107         -64695.565885976393      
104         -64023.250244304516      
106         -66519.392067804365      
110         -65429.425307076519      
111         -68348.191098511947      
104         -61513.726220285738      
108         -64716.175554717673      
111         -70063.348781764609      
122         -80141.652329594683      
125         -85277.046784720704      
127         -92902.657771597325      
124         -90147.682436449701      
128         -94803.651660260773      
124         -90108.475695780871      
126         -93157.289629013947      
127         -95329.402652494231      
121         -86355.733436964889      
125         -92514.180020465414      
128         -96417.013198416797      
125         -94210.905746260963      
114         -76153.200194459947      
117         -77214.922680620104      
124         -87440.202953611835      
132         -96881.353787134736      
138         -106883.40812111154      
133         -101902.07876000361      
126         -90953.837892735377      
125         -86796.813994894925      
127         -94656.676190904458      
127         -95021.158685933638      
122         -87053.216996406394      
129         -96324.579246686277      
125         -92229.976746728076      
130         -95494.254227729034      
129         -95343.70861988976       
120         -84993.914574663009      
121         -88928.143871340377      
119         -83619.977205149131      
120         -80999.527068612195      
120         -77703.433921022719      
122         -80437.225873361313      
117         -75861.279244825986      
115         -74535.876705167844      
