510 1 -4127 35 35 35
27          -2299.0401460477929      
25          -1529.2484778912224      
25          -1978.6984816577644      
24          -1407.4708971253792      
33          -3032.1280687107005      
25          -1303.580493785835       
39          -4151.0203635747293      
46          -5031.5327989376965      
29          -2846.0064285449889      
22          -1281.8092614735615      
26          -1605.0322280073683      
26          -1532.8556766599554      
27          -1831.7643416748226      
21          -1217.4165953015358      
23          -1226.3961340466449      
20          -1051.5583122719318      
11          -599.7872216566094       
17          -847.32185375595543      
27          -2437.4443344900678      
25          -1394.9947409259878      
29          -2501.7823182024808      
19          -1361.1743182134442      
17          -366.55339517938728      
12          -511.52158480541556      
18          -981.70105567307792      
20          -997.6583100498591       
28          -2050.609578742502       
16          -827.07085012645121      
21          -1493.5999491052089      
37          -4080.6709771227061      
35          -3653.1356827674454      
35          -3106.6998941401798      
51          -7150.1627698918637      
56          -8289.7811371755834      
63          -11651.247656441128      
56          -8769.9470120114493      
38          -4145.0187832260117      
36          -4144.0468048803832      
39          -5316.8905254137162      
45          -5316.8035442743767      
46          -5639.6364418086087      
54          -7121.5388649516044      
44          -5172.9353049080009      
39          -4884.3968193891642      
34          -4060.6088421280356      
39          -4515.0157814899276      
25          -2306.4797302567381      
25          -2279.3492199959273      
25          -2406.1268630938107      
43          -5234.6645820593631      
42          -5115.5543585164687      
47          -5850.5260846995516      
37          -3681.5428087699402      
41          -3733.4234998576935      
37          -4704.7300638353518      
41          -5591.6066706092661      
48          -7783.7396365802651      
43          -5463.6088426318674      
38          -6083.3000473547008      
38          -4268.3832306436207      
41          -5736.736366091227       
54          -7899.2368412434116      
51          -7867.0727789748016      
40          -5268.9418906282481      
42          -4546.5399617962903      
36          -3780.6809854171966      
35          -4028.7721485629609      
20          -887.74501854719972      
28          -2855.8465195897493      
31          -2212.5345611926568      
35          -3636.2196649195012      
24          -2160.2912285018974      
34          -4077.723651535161       
30          -2623.9902206936845      
31          -1066.7516051424655      
31          -3340.2652673738585      
29          -2395.6699485329636      
21          -1658.4826342934687      
29          -2260.3648559274907      
30          -1939.9778286310195      
30          -2929.2246285837068      
37          -4429.7814701392845      
48          -7296.6080859527519      
50          -7746.5139753628164      
56          -10183.76058100973       
51          -7917.5167226861258      
57          -8185.577334346227       
72          -14011.482115931052      
81          -17351.748144926336      
78          -17074.522478731647      
68          -14768.061498425513      
90          -21624.307646051675      
88          -18843.551263708585      
82          -15773.732237300179      
81          -16606.102858551967      
83          -20176.337534075417      
87          -19269.440676619408      
86          -19244.018697599906      
89          -20525.605232062473      
87          -20639.437100318464      
95          -24212.341863168665      
