510 1 -4127 35 35 35
104         -28585.549704613277      
107         -31420.959464781066      
98          -24727.223809866467      
96          -23873.961856622169      
99          -22832.69263002486       
85          -20492.611751513148      
90          -22458.855274715715      
79          -18756.499030415533      
86          -22356.483286657909      
87          -20704.292960871822      
80          -18542.057371124487      
92          -23988.621350696612      
98          -23074.359970011672      
105         -27623.290293577011      
106         -27468.634612614729      
109         -33255.524851250448      
102         -26106.63904398193       
97          -25016.313969365594      
92          -23613.119026779408      
82          -18176.354890839531      
83          -19761.210892594594      
85          -20302.794484316866      
98          -22107.76575536601       
98          -21369.970155358773      
73          -13868.663728477515      
71          -12461.305013805249      
64          -10922.3916295581        
67          -9418.8262233674632      
70          -12908.403045062487      
74          -15595.951372112137      
70          -12353.317910586027      
66          -11770.353619167896      
74          -11553.414248830159      
62          -9436.5870637988155      
59          -8835.9117824760251      
69          -11999.817727635806      
72          -11835.208495695593      
75          -15869.270458570387      
80          -15920.938875541784      
69          -12680.840566535247      
64          -10897.581084447669      
63          -10928.365039566885      
63          -10013.09553352992       
55          -9022.2870815409115      
56          -8827.5474121681891      
51          -6184.3666407197625      
45          -6731.5411152647921      
44          -5739.3502075389451      
39          -4740.362512085153       
31          -3428.1632930281266      
29          -2209.6195954112436      
52          -4842.5032281386439      
46          -6413.0425400642334      
46          -6271.3594004738661      
36          -5003.1671154790856      
24          -1663.1490895577945      
25          -1323.0373702025545      
19          -1283.2719829565619      
23          -1600.8868652139372      
26          -2066.555858836507       
40          -4240.2489273179599      
40          -4576.2849112205695      
25          -2692.3310719837027      
29          -2656.392110873202       
35          -3157.5792464600072      
30          -3257.2601178039058      
44          -5013.3329928038875      
32          -4125.335986307804       
54          -8423.9966594587349      
57          -9573.1485009916651      
65          -11551.566406634096      
59          -9436.7061510356689      
54          -7977.6584107218087      
52          -8388.2363132134451      
48          -7543.9176158472437      
48          -7001.7967392877126      
52          -6457.6580312003543      
42          -5009.4691706037784      
56          -8580.2372555548973      
61          -9560.5933795534456      
66          -11300.215571258486      
70          -13444.551728897162      
73          -14676.375118397575      
81          -17437.607790670125      
82          -17659.691469306461      
87          -19454.982509645371      
82          -18556.133481023946      
87          -19541.687166072261      
90          -22369.766634267879      
90          -20907.20865689122       
85          -18238.130291188456      
98          -22250.32687366863       
102         -25930.26518291777       
101         -22602.527395571338      
113         -27407.46056411769       
102         -27510.637124753488      
100         -25624.421091951808      
99          -25752.225871145147      
92          -23405.370274356857      
90          -21027.663579042339      
73          -16319.356491623925      
