510 1 -4127 35 35 35
56          -50686.999794218646      
52          -49394.302201063307      
45          -33067.19731692347       
39          -21938.752522527         
36          -19080.41018145089       
25          -8551.9764831432694      
18          -5310.5568168517293      
22          -6826.4203537016601      
33          -19675.52969436887       
32          -19787.284173647349      
26          -13221.423942302405      
28          -15921.219635524281      
30          -19367.937206597206      
22          -12088.022938135355      
24          -12593.92400793894       
23          -13957.067498317214      
28          -13526.816221276891      
25          -14074.697580366619      
25          -10565.760285005967      
25          -7507.8016411068911      
20          -9288.1373435355417      
26          -11790.040678448731      
20          -9872.8350292187552      
34          -25334.616542541098      
41          -33951.626181442         
47          -35274.183160673165      
55          -47919.278278030499      
58          -56112.320492742117      
60          -62865.464974523478      
54          -58988.2440673819        
60          -70876.98989640981       
59          -69407.56644224796       
56          -52266.586364899718      
36          -28611.404393069039      
36          -25936.328519655646      
40          -28397.812338632139      
31          -12097.06240325231       
22          -8080.4053285209693      
21          -12983.927417971061      
31          -12782.20983120557       
32          -15433.981204448794      
30          -14371.351459274716      
25          -12116.963392095453      
43          -24578.772422929433      
45          -34842.247388962933      
35          -21727.93844595625       
24          -10733.833593157358      
42          -34100.868855594381      
41          -33557.311833112748      
45          -35570.710347603279      
47          -42474.655345707281      
42          -29009.5953635394        
39          -29551.471483564666      
34          -32737.216764290606      
24          -15196.012169632777      
33          -25438.448317675797      
41          -32578.188386410304      
40          -27668.550450465664      
34          -22671.752982810805      
22          -8341.5733690578909      
27          -11048.12630596726       
19          -6387.7889462016656      
27          -15750.854440652278      
20          -7767.5762965506165      
17          -5701.9463770781522      
20          -6031.4205379392424      
20          -8722.7561854382802      
25          -11934.061899674496      
30          -14382.82724942562       
26          -13919.274976095332      
37          -28224.50944637537       
32          -25016.522621311709      
32          -24001.416907365434      
44          -33542.858926508161      
51          -50334.92315686513       
56          -52072.732810084344      
54          -46959.197661605984      
52          -45316.109365482327      
49          -39179.609720048553      
47          -35572.866358984407      
40          -31834.806269479468      
45          -35744.399201619286      
44          -38144.882271006441      
43          -31754.176538319894      
38          -29793.28507596967       
41          -36182.327942749282      
47          -41974.791469325581      
43          -30218.832826952792      
31          -20746.849758975783      
36          -25084.495767713357      
36          -27637.230822781457      
28          -13695.913622614444      
33          -13850.637276646117      
29          -17979.402110737843      
28          -13049.894975423798      
21          -4683.0992145478967      
28          -15294.221843634343      
28          -16511.959313489446      
33          -15674.429483957209      
21          -8084.6254273359955      
23          -9967.722552470932       
