510 1 -4127 35 35 35
65          -13207.653758438339      
65          -13206.024759149461      
64          -12030.973836325702      
62          -11933.19721896157       
61          -11550.918292245986      
65          -12945.832473070597      
63          -13414.073873976069      
59          -12713.920049080207      
54          -11416.608956416634      
49          -8781.8206291431525      
51          -7555.7088686010384      
50          -4218.5477258441324      
48          -6059.1114748296368      
53          -7558.3394978393144      
50          -6570.4222849654352      
51          -7649.6554950714735      
37          -4339.8150980498367      
35          -2835.8149414160175      
30          -2451.265745256419       
32          -3484.7249576933291      
35          -4389.0673095309676      
31          -3190.3934300808837      
32          -2782.2267890060498      
33          -2592.5516625633113      
30          -2228.5067976588302      
38          -3534.5829261972021      
36          -2928.8962503803091      
32          -3290.9971817973365      
31          -3077.901229721328       
30          -2251.4234489806709      
26          -1800.4544593735293      
26          -523.40688512717099      
24          -1631.4236658229784      
25          -2189.9791099274762      
28          -2378.4592334837243      
30          -3767.0862533905415      
48          -6716.6591394889365      
50          -7957.7645691281641      
48          -6067.132596198755       
46          -5616.3595450762077      
47          -6564.9217981647325      
43          -4843.4706018701472      
27          -2359.9149477133797      
34          -3705.6389158118027      
33          -1801.439307653055       
37          -3938.1153030043383      
33          -2959.9929938885412      
44          -4134.2051437287128      
36          -4502.2072169885178      
38          -3658.3103045240314      
43          -6187.1280938615691      
45          -5812.9390748408678      
37          -4067.0706613915791      
28          -3554.1348321259202      
30          -2536.8492010989185      
23          -1726.5327037248308      
39          -4520.1945384810342      
36          -3842.7108189522155      
43          -4409.8751814755142      
48          -5606.9507586701857      
41          -5332.2255301349242      
36          -4247.0735804631704      
25          -1975.5816310914574      
22          -820.94500857704531      
15          -989.28841507956122      
25          -1979.5588339514725      
22          -1387.2796967028266      
26          -3088.3737548663762      
27          -2358.7016534115455      
17          -522.86873479466999      
24          -1372.5669031181856      
29          -2060.1946962882198      
23          -1844.3186551195608      
26          -1710.290659177814       
35          -4136.0255643737091      
33          -4157.9284335850698      
38          -4697.0397176893257      
44          -6016.1136230546381      
40          -5566.965113051544       
46          -6266.5800371450641      
42          -4941.1969252903273      
38          -5539.4945186228388      
33          -2870.1772976106845      
35          -3256.8504471564602      
37          -3568.3480955764517      
50          -7607.9655945500735      
46          -6623.5034740007932      
54          -9457.491859506641       
59          -9817.9527155328869      
63          -9989.2495006276113      
59          -9379.9914539170095      
71          -13162.862308186379      
73          -13358.791962559542      
71          -13804.154204813804      
72          -13501.651138865614      
67          -12674.890853941824      
55          -9261.3129589555574      
55          -9184.1892934655953      
48          -7878.8819898585625      
39          -4585.1667447067084      
52          -7682.2697082067161      
