510 1 -4127 35 35 35
124         -247198.123571934        
120         -231914.98434199413      
118         -221707.89098762651      
114         -216256.38876767748      
118         -221362.93525317477      
120         -224308.10619444278      
120         -220851.30009637633      
107         -182744.21753170388      
102         -177681.93294504847      
113         -210788.81373310045      
115         -213427.18572636839      
116         -217466.40857843871      
120         -232910.89762193168      
115         -212470.01589211769      
114         -205987.66989820389      
111         -193408.85200258676      
114         -207129.63578040834      
116         -213513.59704227097      
105         -188803.57756235386      
105         -184551.58286876357      
97          -161882.96592828934      
109         -195180.52739339555      
109         -200700.47283286264      
97          -160570.46788508195      
94          -153205.56319137305      
102         -176050.04928708845      
95          -146899.55404301384      
97          -158089.6935437241       
105         -179453.77590218117      
114         -199645.26361956552      
113         -197482.04380829213      
110         -191366.80397516579      
112         -195397.86244159439      
105         -175644.68799464096      
98          -161539.20206535896      
98          -158291.39305273732      
101         -162840.16843847142      
96          -145016.1731591729       
96          -145943.03675162181      
96          -145055.48528354123      
98          -148970.58153520874      
82          -108755.68763151942      
84          -117971.82043351751      
94          -135996.04838747362      
100         -155414.32775361891      
98          -148751.65248326428      
93          -138146.94695488625      
94          -142938.84241881606      
84          -122248.4365241635       
80          -112402.03666299097      
88          -127143.02610424269      
89          -131383.80891269303      
89          -140344.93420987454      
90          -136739.24641904625      
91          -140977.26568810904      
96          -144632.93968640768      
89          -127355.3626503562       
91          -134285.58758324196      
94          -137472.2076353289       
84          -118763.8558170342       
87          -116988.74314921891      
95          -135405.23137626459      
93          -137412.09574626508      
94          -143493.70088643359      
95          -143593.35852048837      
90          -137538.81604500336      
87          -136132.58042662326      
95          -147320.6073568748       
91          -135042.13547627674      
83          -109890.85233516243      
80          -97700.139557259099      
72          -82897.413677939083      
73          -89385.576183603349      
78          -102966.03298814956      
72          -95373.337163536402      
78          -107803.30376372275      
86          -127173.4664855219       
88          -129154.96540689835      
73          -89322.923015071574      
74          -94922.136482555943      
76          -104059.09929971393      
69          -89876.432927899761      
83          -110078.36189693191      
91          -136616.43185277973      
97          -149522.78712389371      
96          -149564.51957438487      
101         -161927.54078462528      
99          -164344.73009353114      
99          -168433.92758800305      
106         -178974.94716862301      
104         -174889.32706374914      
100         -164241.81252328958      
110         -193466.01902234895      
117         -221068.88127784702      
120         -226679.30398313844      
121         -230502.39634377172      
121         -233367.36469551342      
118         -227195.17857015241      
117         -215000.5983164912       
119         -233135.53673864997      
114         -205920.43585884158      
