510 1 -4127 35 35 35
95          -51869.192783767139      
92          -49064.927515224932      
98          -52596.971982621501      
93          -46486.097604861388      
100         -50871.360227194113      
92          -48339.004898104286      
91          -47596.440830774933      
105         -62846.320255097817      
103         -61648.484050481442      
104         -61891.777504054102      
102         -60098.510479128774      
99          -56872.103778291581      
103         -63434.380860135905      
107         -69669.879738020361      
115         -78051.172869380302      
105         -68448.31651483837       
105         -68081.421572330451      
111         -74921.30804014919       
109         -70968.088708040072      
113         -75189.916120087539      
109         -72586.340341974676      
108         -67023.312442772178      
114         -70424.068327640227      
121         -84150.55854155276       
120         -84328.400607554198      
124         -86941.769484591918      
124         -90033.630463836438      
130         -95004.075442426023      
130         -98183.196666363801      
130         -97025.760346167255      
119         -81161.966030969212      
112         -73674.623780132068      
114         -77598.952684193864      
113         -78333.681917914058      
117         -87268.330790819091      
118         -87099.782809390032      
123         -92248.715852025067      
119         -85642.44553476914       
114         -80615.616517911345      
121         -89806.367338067343      
118         -81920.260862216412      
127         -93824.324265802556      
126         -90610.852957113384      
126         -91171.905432844462      
127         -92559.870077915664      
122         -88317.45276868761       
128         -95142.834927150921      
128         -96597.315241605771      
114         -79580.829727268298      
114         -78020.006617111809      
123         -85802.951114799245      
122         -83951.224065681934      
125         -88666.094523196211      
129         -95371.250817250693      
121         -84052.522354709596      
116         -75509.475008659487      
117         -76969.875177561713      
119         -78935.520345654615      
120         -79524.286466230973      
116         -76413.932445441998      
122         -85033.988607967418      
118         -78962.564984569733      
123         -84848.895878546464      
114         -73353.749630367674      
117         -75911.112149839944      
117         -75305.107700762441      
117         -72894.061709028887      
110         -69672.672152140251      
119         -79619.917355928468      
109         -69766.982761967549      
108         -67202.483128805747      
103         -66128.03147240245       
105         -65886.170901599879      
105         -66897.047270344599      
111         -71485.329453390048      
117         -76482.306818722558      
109         -68243.935250665716      
106         -67074.843989193643      
114         -78358.134957641771      
112         -72704.961542185032      
106         -67039.931595026283      
109         -69003.586253856323      
110         -68845.432760083917      
109         -69506.554319076589      
109         -70202.69251365219       
108         -73418.02048054272       
116         -80907.262219362368      
112         -78634.836377281768      
119         -81619.145081005932      
117         -79371.908251461267      
118         -82143.360061784697      
119         -81900.049438879578      
119         -80836.082014537285      
114         -77060.479008046386      
119         -81411.839233691324      
122         -85762.49733049178       
125         -86254.569976560873      
125         -88269.988857755918      
123         -86800.941796155093      
121         -84805.915733442875      
124         -85613.249569293097      
