510 1 -4127 35 35 35
105         -29041.919789837957      
111         -33541.271539515947      
119         -39278.042384128974      
114         -35600.494258571009      
116         -36666.510557573645      
117         -35745.094736724219      
109         -32559.626546740099      
120         -39885.968493267421      
122         -39392.228683386224      
120         -37992.871327173678      
122         -40221.716334692188      
122         -41824.406555838817      
123         -41188.003193480065      
122         -38681.316883593267      
117         -34855.846771537239      
119         -37358.126027957478      
127         -43523.998914583695      
128         -42186.211923902301      
124         -39202.23003890855       
124         -39917.360910186806      
122         -39503.689848824077      
123         -41210.69454833206       
119         -37151.332633962782      
113         -35777.127741880497      
107         -30701.55184735329       
106         -30361.989741645764      
113         -37108.976591512524      
114         -36473.20301580707       
114         -35002.331075381284      
119         -39614.670349619555      
114         -38070.297579413418      
116         -38008.941163350151      
115         -35243.605399194312      
110         -28171.912009072541      
107         -28568.439962604214      
105         -29894.601289364589      
109         -33507.672801933229      
115         -35601.953179509903      
116         -35339.614111616233      
112         -31846.05428330115       
111         -31288.69135394672       
122         -38734.662905541816      
122         -38486.12254625692       
121         -39182.895693765109      
123         -39896.706922650337      
115         -32594.719671730047      
112         -32217.943038875921      
112         -29874.523381657807      
113         -34439.276000244776      
113         -32123.966073998232      
116         -33998.606770232022      
105         -28813.474137416109      
108         -30922.678699682601      
110         -31405.172082887948      
105         -26786.437216376493      
104         -27413.233800463175      
102         -24507.268723294666      
102         -25074.670785712038      
101         -27062.091800855575      
104         -28150.897754531259      
92          -24272.396613983325      
84          -17323.143779070855      
83          -18305.738236648889      
84          -16601.610166394868      
87          -21418.336300646879      
87          -21293.896534693416      
90          -21000.419503156721      
85          -18663.444101883251      
81          -16719.7733536833        
86          -15324.937433573636      
86          -20618.54438285339       
90          -24468.868353939724      
91          -23150.038079032307      
92          -20264.709883929812      
93          -22785.602390510572      
92          -24080.28496181704       
95          -19957.139830612799      
88          -21573.791214557164      
92          -21518.905643681603      
91          -20611.177767948742      
82          -17501.139884599288      
79          -15680.915707887621      
80          -16821.509772284488      
76          -15604.201801917614      
84          -18472.802415255443      
81          -18213.610785034893      
71          -12034.805810812133      
69          -13341.663966038495      
71          -14425.988736634506      
66          -9507.7981918690712      
67          -9818.6354085151652      
69          -13131.360099415991      
70          -11060.324913972017      
58          -10149.724216304732      
45          -6139.7877088782407      
41          -6313.1103887042882      
37          -3815.0591594215934      
46          -5554.6729404445623      
31          -4286.6966884251506      
26          -2216.4029475938805      
34          -2944.1549533907323      
