510 1 -4127 35 35 35
23          -9939.6420957218597      
25          -7171.9162487188478      
25          -10184.450243407808      
34          -18633.665997847867      
16          -5443.2102988801034      
19          -5629.5235740416574      
22          -7041.0660170305891      
15          -6116.6590668520821      
27          -12237.641982988443      
21          -6716.3121763165873      
23          -10577.010200879633      
27          -12729.92584422554       
32          -18062.832117839116      
26          -9414.9055938749498      
30          -14560.530879323831      
30          -13749.989469135489      
37          -24453.059439850545      
30          -15855.564204229728      
35          -20642.871207592903      
34          -18661.605304467837      
30          -13260.412854598997      
32          -17490.512740412258      
27          -12911.636564303568      
23          -9032.0465471773223      
23          -13588.467763880457      
30          -13849.271070199024      
24          -10359.126329091647      
28          -14631.208514055756      
21          -8802.8304055934586      
18          -6138.4441881272478      
18          -5082.1086635287047      
22          -9852.5354692816763      
26          -14245.829034404462      
30          -15361.287025248692      
30          -16266.925343338113      
22          -11787.921902315406      
15          -4514.7793724827779      
24          -10583.187106305308      
22          -13285.709297266401      
22          -9237.3539250661252      
34          -14687.390456322417      
31          -17932.394734163179      
23          -9961.0373361168477      
26          -15568.634254561308      
39          -28323.98618640377       
29          -21530.421686215181      
34          -20998.201798219237      
28          -12162.672231941182      
26          -14107.240804333918      
20          -4253.8309493821525      
17          -8071.793723350952       
17          -3378.1233154586403      
28          -14629.081440155469      
33          -16893.54378658146       
35          -21564.376904368622      
32          -16128.87630181482       
33          -16791.682261148944      
28          -12237.828379365179      
32          -18236.020783634845      
31          -16481.013435663022      
41          -29804.678425822847      
40          -26252.360391956841      
33          -20301.117357592411      
41          -26282.487095424312      
41          -29021.933090824979      
42          -35748.472714390235      
51          -46661.705888262215      
65          -70557.657221394838      
66          -76115.151371583634      
61          -63322.556972428567      
55          -51398.170513977268      
49          -42606.204003222112      
57          -53230.70564802493       
49          -46438.422785885457      
51          -41137.615453202532      
60          -57073.533539480515      
65          -70874.189873210998      
58          -59009.453325158516      
42          -31284.750052695454      
43          -33494.656437943464      
37          -28861.751349200724      
48          -41258.612474327274      
55          -53180.009630501903      
58          -58634.459131595911      
58          -61505.833968692685      
56          -52404.895665518554      
48          -42923.944614055086      
35          -24392.326384685082      
35          -19896.766123303965      
36          -23112.974829629467      
35          -24241.243580688246      
38          -28739.316857265785      
30          -19400.094748977572      
36          -23146.381441396308      
38          -27342.756451635862      
35          -23668.210725179084      
40          -23563.230449677318      
33          -18847.964243028735      
30          -14217.313174541749      
32          -17049.283516821895      
32          -17370.787904680954      
