510 1 -4127 35 35 35
92          -134786.31836383123      
83          -117677.28059709336      
81          -109508.62013488232      
80          -117049.68843581884      
82          -112169.47197344403      
88          -117484.85473511918      
89          -120739.88274158836      
85          -114412.89327262729      
91          -128718.56789973949      
98          -144031.86477857214      
108         -179304.95982946182      
108         -184750.72755422472      
108         -191264.92623077397      
106         -178778.91644394296      
96          -154678.13873866084      
93          -148282.71969711321      
95          -149077.58967283979      
88          -132847.30133032086      
98          -156989.99632228925      
96          -155348.89182649346      
90          -141557.98782320158      
88          -136776.77641004731      
94          -146715.69023067353      
94          -140084.30547345124      
100         -157968.00554229919      
99          -163087.26708415907      
102         -165368.90534281128      
104         -173391.18392922281      
108         -184411.3728366952       
107         -185652.17680352894      
103         -175595.01605551122      
104         -175039.25154081846      
108         -196603.55973643009      
110         -204256.10733353384      
102         -176306.67938840183      
99          -167883.71911854201      
99          -162603.35326518855      
102         -168670.57722798418      
96          -153273.48174078987      
89          -133359.39694037059      
99          -155280.32724303778      
96          -146853.67425701304      
101         -153205.58914584885      
96          -143386.73249134875      
88          -122147.05582431157      
87          -125660.11060823576      
86          -122444.92765844987      
79          -99921.828846695571      
80          -107526.13545078844      
72          -91518.970472600107      
76          -100870.56136898635      
80          -110456.18473525357      
77          -93609.045498022606      
76          -92160.9906581916        
75          -96832.644362775362      
78          -104079.26732361349      
68          -82600.81490649542       
69          -66298.776678826325      
76          -83947.085474841515      
76          -87912.35761293098       
70          -82333.482398622771      
70          -80537.251785517627      
76          -91606.469068828606      
86          -117514.33930851468      
81          -108121.66612083344      
79          -103276.83547819738      
79          -102067.6498084901       
81          -98213.614413114934      
77          -89321.218916135869      
76          -94181.438057299907      
81          -103943.74799902628      
79          -101106.95220548366      
87          -122524.47916187067      
86          -120722.10726412752      
70          -84961.860420259807      
73          -86079.4703450042        
65          -67641.961057056949      
61          -58623.336353687569      
54          -47941.955549135659      
46          -40490.677868346858      
52          -54711.836199707286      
44          -35116.083375061789      
41          -32385.316122184729      
38          -28096.207825135087      
40          -26740.961403889636      
35          -20753.304587505911      
24          -10524.078624083291      
20          -4753.7571961439535      
21          -7762.1603232194975      
21          -14264.339088586928      
26          -15864.530629979377      
25          -11091.955590281912      
39          -21937.562170302375      
31          -17855.174945032544      
27          -19136.035250841935      
27          -12383.255397629282      
18          -5033.1037289205042      
36          -20242.869819733187      
43          -31873.894093321043      
46          -38984.559032128527      
47          -42380.180941305422      
