510 1 -4127 35 35 35
28          -15838.410260394849      
28          -16248.184064334506      
31          -17617.032462625779      
22          -9444.3761142076419      
34          -24102.476038686484      
36          -32756.858056883808      
27          -13921.580907372658      
28          -13569.284133600908      
32          -19180.592671427828      
42          -31761.888500522258      
37          -26478.272965398482      
27          -13602.083460115166      
31          -20291.838943052731      
42          -32058.443552710734      
36          -25529.334931655671      
39          -20346.416342978067      
36          -23607.669297104025      
49          -44056.039886527869      
55          -53125.933663952055      
45          -39737.230963945767      
52          -39853.340883275516      
39          -27581.140124837373      
49          -43576.320154131987      
47          -36338.724816331451      
39          -23700.57322806606       
37          -30891.841019568452      
38          -26919.761972928332      
34          -25027.398049014882      
33          -24108.113101265677      
38          -30053.974136561494      
28          -21418.570457097758      
32          -18251.959489199558      
44          -34298.966128800348      
42          -30312.372591758583      
44          -38390.077924427678      
45          -35617.621104232385      
41          -32109.068189226135      
38          -31314.839711730383      
46          -39334.251975498461      
38          -27335.880374770415      
27          -12667.828459716531      
14          -2553.839634021243       
26          -11188.361421974048      
22          -7439.0378662189332      
31          -15093.740316553933      
21          -9506.6625459625229      
30          -16639.212764407403      
25          -12751.667679699223      
37          -27543.916358713184      
37          -26612.443012433752      
27          -14517.548561642228      
25          -11449.400590634059      
28          -15643.991338133877      
28          -19889.145059348546      
31          -19617.855880842024      
17          -7296.6200396702689      
26          -9495.0694068141547      
34          -17607.412537791883      
26          -11245.829060983164      
26          -14122.821847304878      
24          -14872.096080108018      
34          -19621.058690297858      
33          -24739.681223859767      
27          -11727.514887480946      
44          -33622.77592041326       
29          -15617.331241112021      
29          -14086.855998264251      
36          -27844.812845295812      
44          -32120.091002950583      
59          -57559.192343975374      
47          -38313.987858535118      
54          -49047.858436582625      
67          -69002.893574621805      
75          -94410.347626848539      
65          -74680.118982616666      
69          -85556.032954729279      
65          -73806.77975630021       
57          -56755.220787170831      
69          -82109.504389977606      
67          -80370.777226421138      
79          -98867.058465443261      
79          -102603.02577357329      
82          -115945.64590717701      
85          -119463.93434417147      
83          -115486.06029079099      
89          -126856.76301068123      
82          -110336.77132286744      
91          -132630.00981995932      
88          -127411.32195764905      
88          -125920.77033672915      
91          -138907.22701664694      
96          -151529.62934867101      
86          -119254.38169838104      
90          -133793.35692945594      
94          -145251.82256574056      
96          -148337.87510508925      
98          -148750.60172202188      
84          -116228.85751100301      
76          -96338.416163421687      
82          -113300.22072916017      
78          -98579.335126522579      
