510 1 -4127 35 35 35
108         -188624.03815044678      
108         -189781.17113830624      
109         -193164.91533252562      
106         -181217.84089369877      
106         -179975.71215330754      
109         -182942.56442419029      
108         -181321.93740303133      
104         -169799.50318892248      
101         -165258.78588945634      
95          -144815.81436393832      
94          -147868.34870674869      
89          -143415.83071018104      
88          -128657.5734907592       
86          -122727.52827748825      
86          -123449.81866247361      
92          -137527.90442071058      
99          -156598.96837675321      
99          -157947.75055454174      
106         -182227.49105420386      
113         -198557.16901145753      
117         -212364.32226445348      
114         -199928.71056739081      
107         -184400.13759957481      
113         -201502.32061473903      
124         -238897.8227519723       
126         -243440.19229956524      
117         -217210.88042590214      
118         -223604.85989400439      
121         -231173.74141831303      
121         -234254.99692833054      
124         -237872.83319779765      
126         -246940.66377309291      
122         -231835.1421201108       
124         -236023.1812554083       
114         -203844.19850116904      
116         -211812.22685887045      
112         -192390.79795731971      
105         -175631.49324237104      
105         -179649.82157039101      
109         -191289.657626375        
115         -207002.74370685793      
110         -191831.60768500625      
122         -233969.45752324833      
116         -218132.02471089817      
113         -206555.0985589581       
114         -206462.83078176106      
119         -218860.88809512643      
124         -242758.65633793519      
113         -200127.95931411523      
116         -208652.33263782712      
105         -185005.7638272414       
105         -180740.65866014696      
101         -163194.45560148236      
98          -148014.16559273168      
95          -141159.57677892884      
92          -132463.19728970437      
81          -110018.54615475108      
84          -112909.01144927481      
84          -112082.59585092556      
86          -114331.80501081428      
88          -124013.70234674032      
89          -123046.60353666042      
100         -154752.18366764486      
91          -132426.4833848986       
96          -143234.18774466525      
102         -158408.10655255063      
96          -145177.40977787779      
94          -138697.93085150907      
94          -143858.82444740681      
96          -149524.55999213865      
86          -120185.4422894879       
89          -129857.11237043221      
87          -120238.53297270217      
85          -114935.62492048794      
81          -107422.44939279876      
86          -116376.69522229847      
97          -144214.14729451778      
89          -138273.15254339605      
89          -132608.53514022689      
100         -161009.07192313994      
102         -171286.73552215094      
104         -180412.07296276742      
100         -166653.6957136261       
107         -189759.21179442146      
99          -169300.33496722291      
100         -168253.19616770302      
91          -149507.27275169318      
108         -190915.68224044543      
113         -207413.90181881696      
111         -198218.09041396496      
111         -199183.39582483069      
118         -223217.89649676686      
121         -234207.58066248038      
120         -235820.74349672173      
120         -232832.15552714307      
121         -236640.04347381688      
126         -256523.36965920523      
131         -278962.82849239319      
135         -294578.41841331607      
132         -285760.44113050326      
133         -286983.49585460383      
