510 1 -4127 35 35 35
115         -75507.611720633853      
118         -80970.896736789757      
122         -83548.58872045434       
118         -79857.98061297767       
115         -77661.677265542836      
116         -76402.08875461873       
117         -74759.91921399624       
121         -82005.325555318792      
120         -78410.038170017579      
119         -81379.343892064804      
121         -86264.390248381023      
123         -88504.956635416675      
119         -80800.277181187193      
115         -76843.122993689307      
114         -75045.927335366287      
115         -80042.330216768372      
115         -78331.988359986062      
109         -67682.879765478618      
107         -67430.202559153404      
108         -67364.27287590543       
108         -67879.15613653406       
108         -64834.943095322946      
109         -67263.628672788182      
108         -67533.850803134759      
108         -68885.788342184926      
111         -69995.565505458668      
111         -72205.794503532219      
106         -66238.648937909136      
108         -69428.364281421003      
115         -76875.455490568609      
115         -75908.88083002466       
109         -67473.974723606865      
108         -64430.724194207949      
114         -69756.204436150671      
117         -75550.273625460337      
108         -65219.582531699773      
99          -54693.41460672472       
93          -46192.210841051652      
96          -49635.556539410725      
97          -50556.971689810889      
95          -47719.697843575814      
87          -42438.727170635269      
75          -33493.322729036532      
64          -27014.969378419642      
59          -19836.535294099176      
60          -21772.863366121244      
57          -20470.01010914801       
58          -23405.848873388488      
62          -22069.321676866621      
66          -28756.539148139647      
62          -22713.205656858248      
78          -34323.685508561262      
89          -43356.42467107578       
86          -42154.799608550013      
80          -34493.007215029706      
83          -39722.618347077412      
90          -46482.410034224333      
84          -38224.833622596954      
84          -40625.868887953686      
95          -53561.434392518793      
84          -41915.450503848166      
88          -47593.016843683865      
93          -51743.858152605797      
103         -59704.420955063491      
103         -58078.72621674175       
97          -54613.890335235665      
95          -52682.267895079705      
103         -63438.080329863216      
94          -53331.839677268508      
92          -49431.204839010417      
94          -49251.554217308629      
92          -48637.068528392716      
78          -38011.957990890682      
63          -25378.919690830968      
59          -22406.24234074396       
53          -16765.640410446344      
36          -9784.4722955064444      
41          -9982.0402953549601      
41          -10810.343491057294      
29          -5600.0237992359107      
24          -5249.8381017862566      
17          -2398.3783218168842      
24          -3667.9077754102318      
12          -891.13349012332264      
14          -1586.0045112465216      
16          -1538.0783244569143      
21          -3674.5971950139151      
30          -6362.3505482285955      
21          -4358.4967653973945      
20          -1938.4706635977395      
19          -1424.3115608862888      
19          -1599.9854769240226      
38          -7616.847016653167       
36          -8332.8053505365624      
43          -10763.091171193097      
33          -7890.8156157819121      
27          -5786.1592257561815      
27          -3357.5939334429586      
31          -5825.5890879021827      
32          -6076.9134481146302      
38          -8273.0419254962453      
