510 1 -4127 35 35 35
73          -85346.071932891558      
79          -103277.24459458474      
80          -103020.70871640681      
78          -94193.195155173715      
69          -80163.987836610526      
56          -55053.146792276551      
53          -46921.348392052627      
48          -37508.406601419134      
45          -38039.229169008235      
51          -46853.371630790971      
44          -42436.655566660163      
48          -43048.500529441189      
40          -29393.46739610553       
28          -15975.614969165035      
28          -15340.944846388404      
35          -23114.147922728167      
32          -18120.48389322099       
29          -15972.959291946589      
27          -12073.311619279335      
19          -6719.4372920788792      
20          -6176.784745650868       
24          -7178.7531081895231      
23          -7484.5044861361439      
27          -14260.182448817626      
23          -7947.8196120269013      
21          -8805.1870565803183      
35          -22546.020714064289      
32          -15636.081775361385      
31          -19375.464292919216      
44          -38432.306661623377      
46          -32117.134271274343      
44          -33444.281429566603      
51          -43256.817515710805      
48          -46382.377389105401      
57          -62957.27812916597       
54          -46891.60047352477       
48          -37518.425856050737      
53          -55353.072989094166      
52          -52541.465903328586      
53          -50080.449372240982      
38          -33583.844976632528      
30          -22951.568101842891      
25          -15756.990992191693      
19          -12870.162294679036      
34          -21110.352767065771      
24          -12912.665454732265      
33          -24645.193779187117      
47          -37700.132582424092      
27          -10577.632934503776      
32          -20493.276978710335      
49          -50735.608040801271      
42          -34866.343161110533      
41          -35776.858829548495      
32          -19545.361124061597      
27          -12490.95910780723       
23          -9828.6165418245746      
14          -4342.4494535247268      
19          -5088.3503909152905      
18          -5192.7332142496052      
16          -5124.9279746535476      
27          -13544.442540102362      
29          -16753.117697179518      
34          -22384.731673519367      
26          -15116.963376211736      
41          -27245.944038362628      
36          -21007.382755240909      
43          -35827.390734520071      
42          -33129.791141067151      
50          -44349.036198158719      
41          -29063.455332453355      
45          -34993.991344535105      
57          -51455.911713306275      
58          -57213.896650905015      
55          -49733.637284523866      
60          -57408.254393159099      
57          -55513.217617768933      
60          -56724.34038560286       
57          -48274.185280911515      
53          -47003.743905040421      
40          -34265.885261663127      
41          -33813.237011347141      
44          -36416.313357672436      
47          -43224.885218540388      
56          -58886.246161544143      
65          -74648.618369548087      
58          -54041.938886104748      
43          -33206.590049559563      
31          -16619.018333966389      
23          -11522.812727230774      
34          -19451.394742067219      
28          -18936.245940067627      
29          -15855.660159563298      
29          -15096.811949301171      
35          -25690.426529712575      
44          -35280.391267272389      
46          -32751.896248785157      
53          -48704.996855381061      
36          -23349.296310648355      
35          -21059.902752735965      
34          -20478.270843759296      
34          -21901.301256183771      
