510 1 -4127 35 35 35
38          -8105.7920596185722      
53          -15030.208853074122      
54          -18987.980675398641      
56          -21511.466243715488      
50          -17270.781575284323      
49          -18061.18175304851       
53          -18226.862789074708      
57          -18511.0821152061        
51          -15832.940661977711      
52          -15141.218500109775      
44          -13191.737673505453      
37          -12246.940440901852      
48          -14393.335048995479      
45          -12396.045564227226      
46          -13397.917124007035      
53          -14620.244103409386      
52          -16629.312003353818      
44          -12007.867387808164      
34          -7468.8778032382124      
30          -7041.5203890232588      
38          -10333.008234234019      
38          -8171.5590103614659      
36          -6715.9821487272084      
37          -11127.658159104336      
31          -5842.2858974133251      
33          -7947.9261105712721      
25          -5490.9247924867132      
36          -7978.8285582349172      
45          -14040.88217149985       
45          -12321.912701045008      
48          -17872.43252663708       
42          -11944.809486878084      
55          -19368.091815398282      
63          -25893.328507977323      
61          -22427.886697014139      
54          -18992.939183812028      
49          -14248.174730030594      
50          -14096.94678106806       
39          -9746.3903061776145      
36          -9389.9840660196114      
36          -8960.1356878475635      
32          -5551.3952132961604      
42          -11288.723786463639      
56          -16790.717407209657      
54          -18190.463079264708      
58          -19603.3533335102        
54          -17292.172801924436      
61          -21658.114321851779      
67          -27291.404511374247      
65          -24080.577962152511      
53          -17133.639397185922      
49          -15872.974547543243      
55          -16197.787888632603      
45          -15198.821799206975      
47          -15831.0615654786        
43          -11882.497976557077      
57          -18987.496267325241      
52          -14222.933383615671      
52          -18984.496820837627      
57          -21052.924638753113      
59          -19848.106474727647      
53          -17322.460258845473      
55          -19371.018810935027      
63          -23081.082187381824      
62          -24965.892699330776      
62          -22611.854828796924      
48          -15674.237300787265      
44          -14615.896720557874      
47          -15443.091866214962      
49          -13449.446342153187      
56          -18473.347768613115      
53          -19524.64913143565       
59          -23366.996133343102      
64          -24520.577511780037      
70          -27124.850356951723      
83          -38629.65669614356       
85          -43366.496856359605      
86          -43968.749784696127      
94          -48135.442802542173      
90          -48023.970977709796      
88          -44096.905645255436      
92          -50768.037916591195      
95          -50588.999993855963      
90          -49583.106552331694      
87          -48797.910455119003      
92          -50988.369906424763      
97          -50684.222293927218      
100         -56374.146802336028      
101         -56920.271645518551      
100         -56227.314901996506      
90          -46349.475693500382      
92          -48553.673716536949      
83          -38692.04109607343       
88          -47518.438734391792      
84          -41400.444260271368      
81          -38363.604492228827      
81          -38245.757719381843      
80          -35387.568835037418      
79          -35569.28377063958       
79          -35644.302869482759      
83          -39008.00806113852       
