510 1 -4127 35 35 35
69          -12703.636467491611      
76          -16802.782298819209      
70          -14246.767850570364      
62          -12165.999042338197      
54          -9949.1686885900817      
39          -4918.8788151861327      
30          -2950.3351377763129      
29          -1818.855532780972       
34          -3158.5091535807492      
27          -2042.3594483986531      
36          -2604.4919453649463      
28          -1890.4723657782215      
24          -1695.5557498341216      
21          -1150.0393880304014      
22          -1690.2753161863823      
13          -300.96898477026872      
25          -1976.8616430290276      
32          -3575.7700390424779      
37          -4236.8273561156693      
23          -2232.2543291174011      
30          -2722.8506595659901      
36          -4822.6107443135652      
36          -3838.1024471270161      
41          -5191.6693864767967      
32          -3336.7419210413032      
41          -5260.532312263862       
34          -3064.1315875810878      
33          -2862.69942343912        
31          -3965.2403050648818      
38          -3663.0254585197822      
35          -2756.138233762802       
46          -3355.0226516483385      
46          -5190.072841266292       
43          -5937.9881596815158      
36          -3633.0324945392758      
21          -1419.0834030663152      
19          -1060.6708670705148      
35          -3338.5752508731725      
37          -3253.3825634717286      
39          -3240.0218550684367      
42          -5996.3518740693162      
46          -5865.1058518576274      
37          -3819.3646970548925      
39          -4919.4658010459079      
34          -4550.9302065714119      
42          -4963.7504000747149      
46          -6529.8695163517132      
43          -4195.2821903952108      
46          -4511.7936186512634      
40          -3761.7727319953433      
29          -2577.5864268203864      
22          -247.73489213535905      
23          -635.8886399128121       
27          -2103.0246732558053      
40          -4747.8958993737451      
32          -2511.1681195428214      
40          -3779.433407870772       
34          -3297.8743097852466      
37          -3965.9667825289976      
30          -2366.2553919299271      
41          -3786.0222046637491      
34          -3336.8003383223827      
43          -5085.6140708849198      
47          -6640.8019096289936      
50          -8118.8954516476142      
49          -7805.6844910388145      
47          -6158.2157573970962      
44          -6706.2799583736578      
50          -6705.4219866241647      
58          -9013.4843849656299      
52          -7708.5315711812764      
48          -6105.3937955806296      
38          -3871.6433324515251      
43          -4570.670665969079       
32          -2868.2274516760726      
36          -3296.0340501672445      
41          -3738.1025302460353      
48          -6303.1712972869873      
62          -10281.099875126325      
51          -6999.7783127819166      
57          -10097.931762477443      
58          -8274.2187705509841      
61          -9350.6817799191904      
58          -9132.9628459490432      
65          -11150.073450613098      
83          -15231.399395943419      
82          -16034.377984029506      
74          -12934.237693900408      
61          -10937.747044731421      
67          -11523.47341836293       
69          -12120.608604829726      
72          -13502.129447506219      
72          -11955.79175522926       
65          -11946.172176848992      
70          -13813.791691448507      
78          -17898.428754276716      
78          -15744.662716831301      
73          -12812.027023877556      
72          -15025.017940047315      
75          -14927.594436049339      
72          -15308.939782071377      
