510 1 -4127 35 35 35
107         -187199.5471121943       
100         -159637.54221153355      
95          -153248.13213976176      
95          -153431.29322499124      
99          -164870.20501442559      
100         -164624.48019895758      
93          -147449.1920411087       
92          -136819.59788865625      
91          -130409.52067062867      
100         -154415.24296646746      
102         -171169.53637200149      
111         -204465.52439778409      
105         -185796.46378358477      
118         -223350.76729301293      
107         -187546.90214431303      
104         -178358.96598266327      
104         -179091.90589475259      
105         -189259.4782127731       
106         -183859.59195885141      
99          -158333.96878153618      
99          -165678.37620311056      
98          -159520.56266346393      
103         -175020.78610000439      
111         -188376.83000866929      
109         -188451.19752757435      
98          -159893.91221149341      
97          -156634.89276733185      
96          -157050.49827770478      
98          -159692.98291401361      
111         -199765.54309086423      
110         -200025.12695785667      
113         -213531.82089401517      
112         -206955.10949589912      
108         -190150.66307561705      
105         -176222.37742384028      
106         -182471.48936335708      
95          -155440.89936230885      
94          -146044.77907160178      
103         -165292.32057612005      
100         -167882.64466492835      
105         -183631.14414167558      
99          -166762.10743301566      
99          -164186.12409610685      
109         -191303.2505599237       
103         -176456.98730232805      
98          -162376.51295606815      
107         -180875.83327876963      
106         -178959.08556788039      
103         -170431.11190704172      
102         -167096.48464864475      
99          -158756.17986787413      
101         -170894.26225367995      
91          -136832.14240236455      
89          -128404.05927333553      
84          -115511.99856242644      
77          -97560.964966951098      
78          -93893.562601675134      
71          -86805.743117166043      
78          -105266.33209142712      
71          -89132.363432386614      
73          -93220.15846395625       
87          -120503.57188301979      
94          -146918.70771370834      
96          -144616.00904510773      
94          -140034.60057955145      
90          -131647.520712531        
95          -141208.20000753607      
85          -112835.12371869983      
85          -112663.49177551577      
82          -109454.6447866322       
70          -81246.463872362554      
86          -120756.96152293708      
90          -128955.06554614323      
91          -133402.20639307288      
95          -141424.5842190368       
93          -140646.07309164497      
89          -131280.40970924785      
87          -125001.92635772683      
91          -135151.32754536893      
102         -169437.45288683911      
101         -165147.78960456306      
100         -168285.85373251842      
102         -174815.26414020357      
104         -181103.16591504551      
102         -174668.56484329203      
110         -194124.6338150138       
120         -220726.45208573603      
120         -234919.42620655385      
121         -238309.66588235492      
124         -240376.22158364617      
118         -224238.59953156795      
120         -228084.92613167138      
118         -220236.56450344063      
130         -266356.77363315725      
127         -262412.24211953604      
125         -251373.56982149062      
121         -236998.52532867965      
109         -196205.32009058815      
113         -207631.72262704076      
102         -175147.6148351593       
108         -188162.84240731347      
