510 1 -4127 35 35 35
40          -11831.073775508719      
47          -14850.861673633966      
55          -19661.435434703573      
58          -21008.283551853317      
57          -21236.334707169204      
53          -18221.142894213532      
53          -17855.150707647157      
58          -23087.999996011673      
62          -23530.533977824041      
63          -24967.792629734511      
45          -17112.492805142956      
43          -14269.316177101624      
41          -11841.738833554082      
32          -7152.3198370898299      
33          -7970.3466685704243      
41          -11316.039222318688      
33          -7608.5098477385         
22          -2859.5030649309415      
24          -2960.2706500814365      
31          -7072.239889831023       
34          -11335.957826870121      
40          -14220.023229087947      
45          -14446.945764795804      
41          -11826.242894638857      
31          -7466.0299357936929      
22          -2962.8136509441129      
27          -3967.223852980037       
33          -9718.2381800989806      
45          -12640.684869698485      
57          -20618.5986421255        
68          -29839.614412279327      
75          -36832.054658741225      
76          -35560.427695989063      
71          -30345.091517500408      
72          -30934.534387502281      
81          -37328.161179265364      
79          -40381.147407208235      
91          -52515.687860381593      
96          -51173.404249611034      
92          -46194.130089347993      
82          -39945.2728647408        
82          -37008.467059557457      
79          -36431.273719713674      
80          -39696.665495434121      
88          -46840.566659733122      
93          -51250.917239579852      
101         -56751.135238069088      
99          -57183.644758743161      
100         -53594.659990229331      
87          -46462.060094969165      
86          -44754.647469169613      
87          -42078.816471743608      
80          -35817.306813496718      
76          -30624.247586400579      
82          -39193.166182615183      
85          -41554.789384359523      
83          -39207.359373368461      
90          -48740.444921500093      
88          -47307.580323497175      
89          -48722.270027977145      
81          -39948.033631161779      
85          -45124.967060999312      
89          -44518.157359324468      
99          -54657.932679262507      
101         -59019.745051429774      
104         -58836.296089590192      
105         -59620.111042766803      
104         -58393.321669862031      
104         -61264.007976185603      
106         -64297.629868820033      
102         -63727.183779982661      
110         -71745.689158037392      
116         -77025.432150547946      
112         -72243.418217245024      
111         -73339.552207791465      
108         -66890.428640584578      
102         -61436.698857827527      
101         -59277.117532773591      
94          -54560.595844802439      
84          -47536.169450244888      
94          -54502.317992804528      
100         -60945.394154556147      
100         -59240.404344777926      
102         -61310.204789257506      
93          -52258.894918718783      
88          -46385.420292323521      
83          -42494.446185735222      
81          -42571.412611875137      
60          -24964.25941971963       
68          -29981.06262795661       
68          -29046.143864910795      
66          -26650.167402700634      
69          -28169.543785760256      
79          -34841.201217887654      
69          -22262.937881103793      
60          -23037.22639868805       
52          -17389.363249269722      
58          -17637.903753562179      
61          -24059.497737646281      
71          -32044.789914153036      
71          -29843.723243718134      
