510 1 -4127 35 35 35
110         -196510.01385299934      
107         -181265.72847736729      
98          -152996.78996803195      
96          -163132.69298554116      
99          -166510.68408922249      
97          -161038.06324233901      
88          -139191.84360763364      
93          -150764.78024698535      
102         -167436.67439980892      
100         -155005.31993791537      
102         -155209.72429060042      
102         -164716.378302244        
94          -144821.29390122666      
102         -165148.56231168803      
96          -144111.5071198782       
104         -171260.12131082814      
104         -165168.11767694337      
101         -157582.39180313767      
88          -126552.11941456061      
85          -118614.23617782787      
80          -103354.57377139406      
74          -90069.219414364547      
80          -103446.87263645661      
102         -164198.78495189111      
91          -131030.76361479395      
90          -128603.86886910269      
90          -136174.29936235861      
89          -131427.59611818512      
84          -125248.87373049976      
78          -104283.10981912995      
74          -95057.803223648822      
87          -131736.23700659862      
96          -153753.47458943038      
105         -170011.29173420972      
112         -193212.727059094        
108         -177542.95604294931      
100         -152887.75397851391      
89          -124362.60493500539      
90          -132956.86971328125      
92          -137416.74457446422      
87          -119998.92261777903      
87          -115101.33196222855      
89          -126426.35015275133      
79          -111989.29537073229      
86          -128929.45208327479      
97          -155852.89257846741      
105         -174141.77093232193      
101         -166639.97234264397      
102         -166611.08035309653      
117         -205008.97351072705      
101         -161538.98508674017      
103         -166937.11178910159      
108         -186320.37857828769      
107         -187623.7050570951       
106         -188977.85916071566      
110         -198424.41061743381      
110         -199727.67791422122      
100         -165441.57238911974      
101         -164518.68661199609      
104         -167950.19906584939      
105         -172223.5636453756       
107         -178036.29517481965      
113         -200564.60011915566      
106         -176462.59026161541      
110         -195897.7907339198       
104         -177222.05447240834      
107         -188695.24575816261      
98          -165951.619808761        
98          -162868.04598581223      
100         -156773.21360255979      
107         -186152.59411483616      
100         -168568.86227065191      
113         -205822.505670602        
114         -199410.95634652395      
116         -212223.97464309027      
122         -232974.20608578861      
121         -230588.73593428117      
113         -207308.88069421367      
114         -212506.53836898424      
116         -222596.7516553429       
118         -224798.01787127487      
122         -232090.84141373303      
120         -225571.54351478143      
116         -210431.27700542851      
116         -211050.50164517548      
114         -211157.90519369335      
119         -231480.93600740115      
123         -237467.03316293881      
116         -217551.25980101741      
116         -216586.49100576894      
119         -225274.4471302382       
117         -212821.71585634095      
118         -225133.6614202522       
117         -220836.92183742442      
111         -206442.03825163745      
105         -184112.48509624557      
97          -167294.10029958226      
99          -179885.04439752933      
102         -178685.51138451434      
94          -154732.6091256176       
97          -158506.55374146343      
