510 1 -4127 35 35 35
37          -8827.909729861396       
35          -8495.2516136295708      
44          -12954.548161038216      
49          -14273.679190253308      
48          -17513.595048180716      
42          -12005.239881962922      
44          -13999.367433085366      
46          -14743.417652475347      
39          -9288.0801537339485      
38          -7595.9372575281932      
33          -8133.6250781393092      
38          -11769.066078277745      
29          -5418.4408540088434      
25          -3962.9673135419989      
30          -5029.6366601691898      
26          -3506.0573501375202      
18          -1569.2536163899763      
21          -2538.7958969961878      
28          -5554.7721638825706      
29          -3505.808665111244       
42          -9649.9050176830769      
35          -8237.1468162307174      
42          -11002.093329195926      
48          -12540.935629922638      
43          -12799.440466602638      
47          -12653.794926596216      
48          -12879.202245073197      
52          -15486.400370376778      
52          -16199.975698376355      
56          -18118.40752405897       
54          -17598.214139139633      
60          -21816.529798218613      
55          -21454.604457759506      
64          -21638.936746590363      
62          -21019.133770266832      
72          -31400.368316356169      
76          -33130.685923489706      
79          -37126.890040393257      
85          -40796.58385972611       
84          -40505.016541373901      
88          -44046.610797305912      
100         -58272.365439363297      
105         -62486.009701676521      
108         -63601.750979712342      
98          -55803.665098654987      
104         -64527.621945880557      
107         -65542.528213552912      
106         -63106.869657752322      
111         -66730.572978655036      
104         -61525.699924032349      
103         -58858.897144937873      
100         -54484.214989139422      
98          -51628.849288434096      
94          -49043.873786778924      
91          -46364.476790859277      
82          -39833.307093403215      
80          -38779.552224168467      
77          -36430.275825856275      
89          -44293.684532704698      
96          -52163.250887789414      
106         -58722.268956578751      
103         -54331.739591081285      
97          -51103.843680136866      
91          -48790.111902285382      
90          -49539.009684365017      
96          -51547.58053808433       
103         -58978.213023119395      
105         -63027.005105001794      
104         -62005.748428724342      
110         -71352.382271534574      
113         -72648.004215527704      
120         -79525.840922020216      
115         -73643.474678311453      
111         -66549.530396546485      
104         -61142.58127684542       
107         -67045.217991968049      
108         -68269.199967413369      
107         -64759.84724021978       
111         -70661.685010335626      
113         -72951.607537219796      
120         -81702.937496953833      
120         -81700.763142020762      
125         -86690.156781719779      
115         -76190.195237953085      
113         -74331.586920188114      
112         -70786.077646515536      
105         -61529.141583198652      
104         -60005.632433962186      
100         -59762.520627247766      
111         -71546.844333283821      
114         -72229.494837319828      
116         -75686.418964445111      
116         -73708.587988822983      
116         -74750.2277673473        
122         -82495.689482382804      
128         -92838.417054701713      
117         -76862.602863152395      
111         -70385.017062860323      
107         -62540.782378705233      
111         -69315.925617426125      
103         -60536.088048678641      
