510 1 -4127 35 35 35
92          -134126.65130871782      
83          -116966.37943174403      
81          -109041.33290650524      
80          -116391.28075020676      
82          -111445.30308440901      
88          -117000.74829202442      
89          -119992.91688880892      
85          -113494.51229979389      
91          -127899.30965579467      
98          -143367.79921092521      
108         -178422.26115043546      
108         -183407.1884396745       
108         -189773.15388626923      
106         -177591.76950899695      
96          -153638.45677155812      
93          -147290.75811021216      
95          -148152.17012371178      
88          -131973.01982211077      
98          -156184.40412318741      
96          -154344.36737089592      
90          -140703.26567382485      
88          -136236.09435598308      
94          -146283.54485713394      
94          -139372.5363029961       
100         -157698.02347807441      
99          -162413.51429863239      
102         -164768.4210821435       
104         -172319.32271556224      
108         -183390.05361863095      
107         -184708.54105293009      
103         -174712.5544823315       
104         -174080.39391419379      
108         -195300.67448775668      
110         -202949.09750292337      
102         -175155.52720379463      
99          -166829.07411718348      
99          -161567.14072626689      
102         -167563.52322239513      
96          -151987.63045299586      
89          -132274.26225161724      
99          -154237.00995304473      
96          -146094.77437511797      
101         -152658.1264941495       
96          -142690.48535721839      
88          -121209.84174460251      
87          -124664.77083432916      
86          -121640.69796345773      
79          -99184.54169136881       
80          -106763.92039375396      
72          -90834.533734285549      
76          -100274.76659083528      
80          -110062.62549786452      
77          -93120.017031550742      
76          -91359.026572414106      
75          -96152.149639836731      
78          -103538.27477369795      
68          -82180.76218866554       
69          -66069.157945683444      
76          -83733.667144243766      
76          -87550.588867117753      
70          -81883.360135073599      
70          -80125.133705600369      
76          -91091.348613729511      
86          -117147.2310299298       
81          -107523.43924474154      
79          -102672.57777817424      
79          -101798.83865355344      
81          -97510.123760861345      
77          -88780.025389521499      
76          -93575.947129519234      
81          -103286.23237266464      
79          -100333.04474435853      
87          -121808.59113591976      
86          -120158.3559071505       
70          -84629.856171791558      
73          -85695.000036798723      
65          -67417.007397372421      
61          -58220.104320362167      
54          -47576.174763255927      
46          -40225.476892129278      
52          -54257.924866092973      
44          -35041.446143491041      
41          -32120.776019484525      
38          -27856.123350160848      
40          -26640.34060783797       
35          -20549.046403585162      
24          -10407.435292854931      
20          -4707.7969706597187      
21          -7728.6229155693554      
21          -14143.89494603733       
26          -15814.806210011326      
25          -10960.858102598753      
39          -21827.994020209007      
31          -17763.612180615419      
27          -18977.11357822621       
27          -12338.852461866638      
18          -5000.5273726961759      
36          -20052.067707449871      
43          -31582.618186553122      
46          -38834.974435334298      
47          -42137.163886292583      
