510 1 -4127 35 35 35
47          -42380.180941305414      
37          -28659.495217324868      
19          -13738.98120853693       
31          -19058.751323064098      
43          -32149.746950450986      
49          -44186.515316153695      
58          -52690.441764049647      
58          -53299.511681494871      
59          -65537.732681785928      
55          -65778.995068687684      
61          -73147.41737583447       
59          -67119.110930268449      
55          -61458.262210715613      
62          -71226.842340648844      
63          -68130.237708864574      
66          -75914.878736037965      
71          -83965.45201488625       
74          -95000.098656354181      
77          -95490.173305234784      
82          -107954.13719136138      
78          -98290.340076868597      
83          -111375.13574852888      
82          -106247.83731953203      
82          -116553.62655512126      
77          -101049.81369993731      
78          -103426.99617585957      
87          -125929.59294991725      
89          -124312.60410842196      
91          -137543.96483314878      
92          -139492.21220638647      
88          -141739.25065681472      
96          -156260.35923347482      
96          -151827.01538190997      
95          -147766.10187524726      
101         -159679.18317915063      
99          -157410.03802136431      
103         -170385.33570105303      
99          -163330.91662253946      
97          -151096.90090754777      
104         -170396.25155912328      
102         -160854.71439086247      
102         -165590.99942033872      
112         -204053.59703837251      
102         -164757.47349740367      
102         -164026.8705347979       
113         -203209.41967244708      
110         -193636.85517880204      
105         -178331.04191734752      
105         -186674.85779790397      
101         -171386.08935962757      
96          -156842.02213692424      
97          -162968.61030390611      
97          -149121.43284913807      
99          -154338.95129418574      
93          -129558.44761630888      
104         -167568.23054235688      
96          -149376.28704584343      
97          -154574.67932385142      
109         -185473.56223376771      
113         -202823.18647132796      
109         -191537.2715083792       
112         -201805.47582673017      
113         -204163.22030923067      
108         -188589.9161794424       
107         -186529.87303094621      
114         -206952.03950700897      
116         -211151.07055538544      
110         -194815.90331720229      
110         -200292.11722863626      
120         -227317.17347183192      
116         -212410.49520372285      
109         -194930.78657563584      
111         -200553.6115949192       
114         -210131.95362007155      
111         -200225.02065732796      
108         -199482.56169006569      
110         -198771.70916150432      
108         -190070.09763434352      
114         -215374.78853425992      
123         -244560.62564872357      
123         -246689.90196103102      
115         -217059.704902681        
114         -213033.43578385227      
120         -234742.79637789607      
121         -238882.98360255954      
125         -245108.29161137322      
126         -252412.0570576801       
128         -259926.90219799665      
118         -229904.31025557083      
120         -234879.57144179518      
124         -250920.2642966033       
119         -234730.50995092621      
123         -253554.11802130425      
128         -267177.28961906646      
122         -245087.61058601394      
123         -248282.24091777077      
123         -253102.06684491798      
120         -237039.83987888842      
119         -230702.47013924297      
113         -206892.36272120426      
110         -196204.43777620155      
