510 1 -4127 35 35 35
77          -107751.1992983614       
83          -114476.58847460744      
81          -106407.7627668567       
77          -100907.57219132016      
80          -104728.07135509251      
77          -102571.9247138357       
77          -97784.920167548786      
78          -98789.061327068965      
84          -113008.41012810063      
88          -123949.08796918951      
80          -101182.48798173608      
77          -95211.749729502568      
71          -88035.608621823601      
83          -109824.00270470242      
81          -108677.35161033903      
72          -90227.573192269469      
60          -71788.878504226974      
60          -68449.715544168372      
57          -61796.438461292011      
54          -56947.253195704478      
51          -49474.709501379883      
54          -55938.578993935946      
55          -53919.063508880026      
51          -46062.964971047477      
53          -44396.113935600282      
45          -41583.575889467291      
39          -36850.396935968034      
33          -34013.885216582588      
28          -12591.026458620125      
33          -20644.479381187528      
22          -7988.2703985194948      
15          -3718.3598299099199      
16          -3776.5763380135218      
23          -6761.0835835605312      
29          -13186.639324281648      
24          -11268.689952444933      
28          -17436.531531508113      
33          -22278.506236294292      
24          -17038.623140730939      
23          -19739.699829254918      
26          -16102.752643863107      
27          -12667.053688458096      
45          -35106.908775591408      
40          -28375.339512689807      
46          -36151.895530941787      
33          -21670.313882086208      
40          -34072.637741721148      
47          -44922.331733299106      
51          -52529.895938927293      
54          -59232.289274999217      
58          -61856.9775099584        
60          -66142.43696827993       
64          -70740.942654700324      
65          -73118.341338856393      
57          -51361.545851448478      
61          -64104.760939864289      
55          -52025.090117602645      
43          -34998.468098186771      
55          -49188.047230239914      
53          -49391.750776027606      
38          -28802.86500248524       
44          -32788.587490665144      
59          -54706.13112724066       
56          -56372.214602130756      
64          -66675.181502014835      
63          -59770.256040402855      
48          -38818.138298377504      
45          -38995.067456874851      
50          -37938.796770613793      
36          -24481.982111534813      
42          -36568.159433401692      
49          -42407.054436853126      
45          -30849.102794495764      
49          -38612.26072053305       
54          -50144.784657915443      
53          -48525.600586033099      
50          -41923.861950653154      
42          -33043.616616275227      
37          -20923.131243453605      
39          -30423.091922589934      
33          -25794.996690567699      
32          -16872.282008605653      
26          -13405.619036743088      
30          -19903.294771228211      
19          -5500.0860116321592      
26          -13469.622391581504      
29          -12065.527090055471      
27          -11191.568706749333      
23          -8061.2661487396199      
21          -7670.1236776258938      
25          -12792.320245971803      
24          -10669.18734710227       
30          -16353.118641198085      
27          -14054.917936294367      
31          -25118.141959723049      
41          -30626.043424488416      
41          -37844.325683976771      
47          -39227.296976938895      
46          -34591.595867474163      
33          -21689.585384549056      
31          -14414.021091269959      
