450 1 -3880 35 35 35
146         -54047.178792326486      
143         -55559.260899762769      
144         -56378.02516343227       
146         -57967.553532253893      
145         -56974.894652897354      
148         -57529.125549513737      
148         -56923.99510836359       
149         -57236.838494550277      
146         -53797.059693056261      
147         -55692.38106305898       
148         -57142.599769958324      
149         -57758.678861687586      
151         -62412.662470225325      
155         -63733.349032515929      
157         -67809.02852713273       
157         -65717.415031336612      
157         -67319.120691567776      
158         -65275.432613397003      
158         -63793.122492859533      
156         -63511.57262468258       
155         -62829.550134293175      
155         -63450.979254529746      
153         -60726.768496208097      
153         -60925.482084717907      
151         -57258.879338292223      
153         -58755.94066746797       
151         -58929.706487751559      
151         -57638.902446611391      
152         -59680.779522721423      
147         -56344.428795865555      
150         -58269.33905417144       
148         -55875.108304801965      
145         -52212.669333862184      
147         -56280.16694238122       
145         -54335.545081078846      
141         -50271.631577548775      
141         -49051.480864027202      
145         -52551.508912067096      
144         -53413.501943526622      
146         -53196.968584208822      
146         -54851.546507984116      
151         -59889.040246716373      
150         -60553.058227344642      
147         -59433.415880727618      
146         -57132.697746776823      
144         -56321.182022040513      
140         -51623.869032019516      
142         -54117.475640483608      
143         -55722.908868491009      
144         -55696.107972007034      
143         -54004.874701063876      
144         -53255.93760052279       
142         -52067.309816004243      
146         -56595.76927447864       
148         -59468.234662716888      
142         -52646.295006674365      
144         -52835.443831748104      
145         -55559.649301098296      
145         -56093.634330691129      
144         -55828.466727208972      
143         -56660.651598690194      
143         -54587.330078996369      
141         -52974.889115459599      
140         -51471.670108165054      
141         -52125.749029093036      
143         -53040.534484554519      
144         -54660.165191269502      
143         -57974.001808202127      
146         -59806.256444348299      
145         -58890.840195950201      
145         -58944.640915576631      
143         -58471.62601012415       
147         -60972.036118417862      
145         -58972.170805876573      
143         -55871.978516087649      
141         -55022.4824931201        
142         -51916.382376966911      
139         -53039.811685097906      
147         -56336.893555782175      
147         -56514.867949093961      
144         -53508.547808159485      
145         -53362.311797262199      
149         -57778.640896717094      
148         -57886.326524660042      
149         -59192.571858350791      
152         -61931.579795038939      
153         -59885.003680677219      
150         -59144.119417830494      
151         -57917.205220752243      
150         -58898.561261405448      
149         -59124.218249870923      
149         -59327.410527918146      
150         -59137.605694091857      
150         -60749.30946931299       
149         -58752.4604915077        
151         -61232.483856150582      
150         -62380.601258678093      
150         -60149.186833865933      
149         -61291.987970694739      
148         -61028.076778615075      
149         -62322.088400523724      
