450 1 -3880 35 35 35
145         -351768.71028696757      
145         -349662.40038456314      
148         -363103.25859936036      
145         -350807.45697664755      
147         -359505.40700665931      
153         -385299.79615386913      
151         -378094.38360458886      
149         -372654.23147919518      
153         -389223.57483186817      
154         -392300.39550842013      
151         -376453.09945902752      
152         -380176.91926903871      
149         -365065.02418006875      
148         -359176.40709883196      
149         -364017.98953552695      
149         -364900.28423105268      
143         -339054.40734556562      
142         -330006.53596057551      
144         -335119.49656408455      
144         -337297.21434005653      
142         -330374.47422979493      
138         -319530.88686687918      
134         -309514.11568482156      
142         -334473.33302907646      
139         -323656.00216364401      
137         -312638.14672461961      
136         -306186.11522191943      
141         -329623.70936346881      
140         -325842.38648055424      
135         -310390.13150365365      
138         -321303.73900334793      
143         -340732.26282662869      
145         -348469.1210595764       
148         -354943.3951989261       
152         -373969.5035939521       
153         -382576.40404904168      
155         -388452.11048467841      
152         -375012.79463709093      
151         -368710.29784331965      
152         -373281.41806016996      
152         -374043.29906481196      
151         -370609.2085311102       
154         -387619.93716699851      
148         -361484.92118419241      
144         -344120.52936764882      
142         -337072.0409658493       
142         -338653.0795328021       
144         -344946.30342492554      
143         -339839.35150525294      
148         -361020.2840381522       
148         -356733.42955184216      
147         -354044.88726482971      
145         -346195.88657649793      
145         -343317.12898245116      
142         -333113.13979807042      
145         -344328.99462218827      
146         -347427.76109974552      
150         -367474.61756253114      
144         -346617.70764323219      
148         -364376.09530323814      
152         -381893.42615458864      
149         -363759.23404900572      
149         -360612.58363645256      
148         -358216.24510118261      
150         -369787.99477600027      
149         -369468.58590919751      
143         -339909.01377473131      
148         -363198.78774943273      
151         -373232.27951337048      
154         -386956.94398425409      
148         -361077.59363396442      
147         -355350.46961522847      
148         -360348.71169882244      
147         -355421.54437877401      
147         -353511.21914956067      
148         -360996.88823055208      
149         -370021.47758622945      
150         -372126.4270799724       
151         -374692.55174603761      
153         -386692.54293992958      
154         -395949.22726977285      
159         -418347.71404107718      
159         -416752.81570128165      
157         -406830.95178661711      
154         -395835.36042637739      
153         -392532.7311157934       
153         -391415.84065065713      
154         -394927.30622604094      
155         -402870.7911401348       
158         -415881.15884849959      
158         -416950.89476629713      
154         -396221.36731123982      
152         -389763.30509359093      
155         -403105.26322988345      
154         -399297.47215267195      
156         -406902.63033907663      
155         -401258.74535403028      
154         -393694.52231595776      
154         -393145.68309645326      
153         -394270.83259775129      
155         -404382.92847604735      
