450 1 -3880 35 35 35
149         -130850.05716105549      
154         -137187.33624063831      
153         -134434.60695006358      
151         -134253.50848228636      
146         -125795.14005103224      
150         -131865.30875799555      
149         -131712.89604241378      
151         -133909.67309347549      
154         -136938.88075649011      
153         -134756.5542120793       
151         -131013.30191726163      
150         -128089.23216180276      
151         -131154.18768850504      
150         -131992.81322331846      
147         -124141.37156911826      
148         -125914.89791326852      
151         -131619.85433152065      
149         -129264.62761228         
150         -129186.49060775686      
148         -128599.84631424834      
146         -123699.21527694233      
147         -125030.87049927443      
152         -133183.46484571416      
154         -136002.91947065029      
154         -136170.51404448148      
153         -134872.56526669013      
148         -129043.11463793607      
149         -133081.21108788278      
148         -128368.24685877401      
147         -129787.90257595564      
150         -133851.94374660176      
150         -132059.43913185666      
153         -137833.479310397        
152         -136738.5071676785       
153         -136826.51535227435      
153         -135824.63565111102      
155         -139458.32668593104      
156         -141456.09427953101      
153         -139177.47336495324      
154         -141171.79849453957      
151         -135312.01038621619      
151         -135890.16571713347      
153         -138395.87334766207      
154         -139692.89128881361      
151         -135710.01747864365      
153         -140170.76549512375      
150         -136286.79877745503      
148         -133912.72337425413      
147         -131512.25976349233      
147         -131141.11063030074      
150         -136362.94241976645      
151         -138200.11358126401      
149         -134108.29809045591      
146         -127391.86502689493      
145         -125653.68119392404      
150         -131981.27674420192      
151         -132196.35410070675      
150         -132911.01261571446      
150         -131942.0373678052       
149         -131862.22411717824      
147         -130012.9502688253       
146         -130100.60122387188      
153         -137545.24418147374      
153         -134700.90279353689      
156         -139120.10312333223      
154         -134920.79414129327      
151         -129898.61043698581      
150         -131732.51695013433      
150         -130829.4569695705       
149         -130670.72750677055      
153         -138302.06866426705      
150         -132431.72132187197      
151         -133377.93678277862      
149         -129409.75006910291      
148         -129727.75718649788      
149         -131632.51513603039      
146         -125668.42898747297      
143         -121947.48445568667      
150         -131205.66348616572      
147         -126464.20947575636      
148         -129633.7527409177       
147         -127682.194018732        
146         -126739.13864160483      
144         -123590.99172674886      
143         -122289.84603759706      
142         -119358.98700384177      
145         -123157.97584220808      
144         -121194.75061768059      
147         -126716.30174355766      
147         -126235.38156405988      
144         -122437.34002178365      
145         -124355.6143728944       
146         -124646.26766004595      
144         -123563.52796594563      
147         -129948.9864576894       
146         -126817.34343333506      
147         -128082.26099588226      
149         -132069.88885452878      
147         -128770.65858936499      
148         -129339.72017187264      
147         -127739.26835932772      
