450 1 -3880 35 35 35
150         -376070.14709518995      
153         -389007.32993380248      
153         -389523.59315481782      
151         -383212.06313572027      
152         -383529.4834078374       
148         -368381.41623149806      
150         -374247.0395274288       
148         -367003.70314637513      
149         -369870.56438840408      
148         -361389.04334936547      
148         -360427.39651170297      
151         -379537.07917798799      
152         -377169.7753436637       
152         -376875.04520998243      
149         -367179.41968410049      
151         -374713.18801562086      
153         -384642.03467341769      
153         -386042.28565743589      
149         -369340.27321581059      
151         -376678.09918007604      
152         -379148.53615827824      
153         -379456.95362825599      
152         -380074.7958709274       
151         -373385.18198752473      
148         -363174.40093899111      
143         -348941.26568825822      
147         -365011.99603471556      
150         -377622.39091214462      
152         -382380.32178455236      
153         -389387.84473893838      
151         -381135.81154796161      
151         -377251.73592641862      
154         -391862.26786425989      
152         -385394.77858577546      
156         -403370.30205604224      
154         -396393.23659889668      
154         -395759.64851424831      
149         -368848.97769693454      
149         -366698.12277038133      
147         -361892.72767170158      
149         -367899.88743732596      
151         -373622.18703554966      
146         -349029.21723381354      
142         -327383.51458043815      
144         -331872.96200032369      
143         -330620.523884814        
148         -350189.22090553126      
143         -332922.22618708049      
145         -346923.55174570531      
147         -356982.92882250343      
148         -360638.25107510015      
144         -346671.78216040251      
148         -359282.92431487323      
147         -355270.77411029267      
148         -360738.01604561362      
150         -368140.89024972444      
148         -364496.40569361963      
147         -361827.83542263985      
147         -358579.20420035929      
149         -365430.22872843273      
151         -371510.64704208187      
148         -358481.24042632524      
151         -373572.3979396869       
151         -374611.46651332744      
153         -384473.85020002059      
152         -380536.71467544331      
150         -372710.92335365847      
148         -364918.96080990403      
150         -375201.22767730901      
150         -377730.49628207047      
149         -369271.83249373996      
148         -364013.57773243648      
148         -365842.86302239168      
145         -353696.34430145717      
151         -372914.45637836307      
148         -362729.60744023166      
149         -366524.49896219542      
146         -356446.97039678524      
144         -346027.33863375353      
144         -346749.50616864808      
142         -334865.70482483529      
142         -333189.77588562376      
141         -325796.02640982863      
143         -332179.40283640003      
146         -342822.23064901849      
145         -346456.52296821791      
150         -366439.47848298808      
153         -380457.06736157392      
152         -379498.97449735395      
153         -385461.90105101594      
150         -378446.18969755329      
152         -385265.82380199403      
153         -385383.55926528538      
148         -362299.44155413564      
145         -349363.36402779643      
149         -367235.83133898297      
151         -380752.90454351384      
152         -383916.52863500349      
151         -378627.0737803019       
147         -357203.44105038629      
147         -362363.68591091724      
