450 1 -3880 35 35 35
158         -147694.25182770944      
159         -148634.5614536388       
157         -144059.44584526159      
157         -145286.63585075567      
154         -140837.3495499228       
154         -142369.43305001472      
154         -143879.18529104075      
157         -148718.14970195424      
155         -143564.93736427621      
155         -145467.97281254554      
153         -142282.94570463983      
156         -147220.96674031066      
154         -143338.78001597946      
152         -140570.94798841755      
152         -141089.37955550529      
151         -138088.79430266266      
153         -140759.60851418931      
154         -143541.57235250022      
156         -144588.0502843179       
157         -145356.04394900752      
157         -144641.29866897684      
154         -141352.63795624452      
150         -135070.30635826924      
148         -129623.27476752491      
146         -127700.99446055315      
148         -130907.88807833282      
146         -128624.88000565737      
147         -128899.80138199047      
149         -132786.44865210154      
155         -139663.71745238805      
157         -143680.39955491089      
152         -135934.63383968928      
152         -136095.03254634337      
148         -131011.99586723042      
145         -124147.03375528032      
144         -124443.89024180984      
148         -130658.82589604733      
150         -133299.70925647166      
151         -134732.15402603406      
150         -130125.35037974699      
147         -124537.87920430026      
149         -127836.64547038346      
147         -123468.7325525614       
148         -124792.60668652774      
145         -120220.22604280103      
146         -127187.63605411378      
145         -124819.26220263973      
148         -129139.52749218291      
146         -125692.27692039392      
151         -132568.53328853159      
151         -133926.13288565323      
149         -130000.22175409732      
151         -134419.97853720069      
153         -137905.54656238403      
155         -142578.52499703041      
151         -134811.50786346398      
153         -139131.53464727997      
154         -142066.00270142706      
155         -142358.1648678671       
156         -143580.44507641435      
153         -139349.51003084803      
150         -138005.25741041428      
152         -141135.83871188783      
155         -144828.88103092497      
152         -139791.69644814625      
152         -140034.68083376726      
152         -139435.73104407091      
153         -140531.65407809307      
152         -139667.16603644408      
152         -139157.21949062531      
152         -138424.38491327534      
154         -141107.30135994742      
148         -128913.89743634951      
146         -125628.06963003437      
147         -125858.45916686498      
146         -123644.47033156089      
145         -123737.79616217675      
149         -128783.02532986435      
154         -135971.34417650299      
152         -133880.93249777477      
151         -131118.50145410807      
152         -135127.00820819518      
154         -135948.96236290055      
157         -140557.33586432261      
159         -145759.55100227086      
159         -145657.89912711919      
159         -146808.87540103748      
160         -147997.90859622828      
155         -141264.69359793863      
158         -145806.79353522643      
158         -148545.44035294943      
157         -147018.3693830423       
157         -146368.84337843602      
157         -148039.22533005587      
155         -143919.68806547538      
153         -140845.5792949711       
153         -140378.74339736704      
152         -137145.20800442193      
153         -138250.61781745046      
151         -134436.0121964851       
150         -132182.92052005453      
