450 1 -3880 35 35 35
159         -417300.5950345099       
157         -407466.89271717786      
155         -399266.23380999628      
153         -388457.69441129244      
153         -390612.83844237262      
148         -368567.29409810004      
152         -380097.85898348148      
152         -379445.36808968411      
150         -375195.1476447584       
144         -341720.14199021319      
145         -346592.12643731287      
146         -353061.16050645162      
148         -360365.17192827724      
149         -366612.62460518174      
143         -340942.65203267446      
141         -337826.92073162191      
142         -342636.47977693623      
141         -339559.3660897417       
145         -352803.21408267895      
147         -357815.11342075339      
150         -368833.85744220112      
150         -369640.90751491336      
153         -380466.57567893073      
152         -377919.11997400591      
153         -383983.54859244241      
152         -377253.48540577322      
148         -359986.4238690997       
148         -362510.64506340551      
146         -354303.00166426506      
144         -347016.85371430271      
145         -349534.89162509376      
147         -359214.17267751496      
144         -346717.30562167382      
138         -322192.42591798207      
145         -346676.27288022026      
141         -329583.33946393093      
139         -328157.62376428634      
144         -341051.02815659379      
144         -336006.62923549331      
143         -332558.76329759374      
146         -348185.60698304808      
145         -342027.58459189144      
145         -339287.71344002103      
146         -343167.42712041829      
149         -357208.59528216417      
148         -347917.18125591427      
149         -351307.26795427635      
146         -340627.04733189213      
146         -338936.38577828766      
144         -336394.00372839929      
144         -333071.84200458741      
143         -333880.87953888456      
147         -353969.37065144244      
147         -359013.76050493354      
146         -354770.65603252483      
147         -358284.37085416855      
144         -347826.93945238669      
147         -357599.56199518975      
150         -367161.85784120904      
147         -353067.34228960436      
147         -356979.74105140625      
144         -344508.15789496421      
145         -345611.29163472657      
147         -355130.80881339754      
143         -338302.33301761473      
148         -357225.80605822708      
149         -361957.58122765849      
151         -372796.76011922938      
150         -369664.24535359291      
154         -386214.41831537202      
156         -400710.75080682721      
156         -397613.20032447949      
158         -406891.99704625353      
153         -385148.1451045298       
151         -377311.24634524906      
153         -387971.82921711879      
149         -370825.13314326946      
151         -378376.42007238214      
151         -375272.311376617        
155         -392234.05168749264      
155         -392200.02845069184      
153         -383847.01551315142      
151         -376311.83426256961      
153         -382984.58734601608      
151         -374995.10780621547      
148         -361139.29142558691      
149         -363334.21404151584      
149         -361582.06688325614      
148         -357788.01966006809      
150         -367747.78488530847      
151         -372892.12092647672      
150         -364248.29858851928      
151         -370082.3703829986       
146         -346557.62603402929      
144         -340374.03611968993      
145         -344838.55533372925      
150         -361010.26641832676      
148         -351467.1315996357       
146         -346694.14412328228      
141         -333230.28061370691      
145         -351768.71028696874      
