450 1 -3880 35 35 35
150         -132182.92052005461      
150         -131273.4569466603       
146         -125047.52241027751      
148         -128521.28527974772      
152         -135427.73046249221      
152         -134840.45817265075      
152         -134740.93632792562      
152         -135522.99583010789      
153         -135789.98872209317      
153         -135421.2971066754       
151         -129356.86780744538      
145         -120304.10017779871      
145         -123596.51862504885      
148         -127799.15769918995      
150         -130238.71526358041      
152         -133656.71859386523      
153         -136770.06142900861      
151         -133243.43832778296      
155         -140327.67584900744      
156         -141484.01119096833      
155         -140005.73170905758      
154         -139056.70860889801      
150         -132289.77436058523      
152         -136189.56306825569      
155         -140430.33307261093      
154         -140615.05898011356      
151         -135345.03465749763      
149         -130676.32650534293      
148         -127940.15578924656      
151         -131757.66373787072      
156         -139627.0512815362       
153         -135185.65429368097      
149         -126948.33972505879      
150         -129539.6444061612       
151         -132153.91413461056      
149         -129080.42471533571      
153         -136000.38144751071      
153         -135417.85932538187      
147         -126176.34041370325      
143         -119225.61239828404      
141         -115644.67225324022      
142         -116331.598632928        
142         -116818.98914396574      
145         -120252.78409007854      
145         -119155.88262019967      
143         -119463.24757918628      
149         -129358.63847955156      
149         -130558.61638903149      
145         -125306.17053419103      
147         -126003.53187220117      
146         -124985.85598781721      
145         -121033.83725329205      
141         -114897.9576303653       
142         -114994.11323228116      
141         -113184.84640278907      
143         -113225.91326778577      
142         -111207.17841533737      
143         -114640.935341548        
142         -118316.2191523864       
139         -114258.48550988296      
136         -108116.1189849518       
130         -97732.626057174464      
135         -107084.9007838081       
135         -106340.7888993985       
138         -112870.98101079396      
144         -122823.36808804948      
147         -129489.93316864427      
152         -135525.55015282315      
151         -134235.04028670897      
146         -127827.86295625285      
148         -129970.98461202356      
144         -123529.59597927686      
145         -125169.42903698192      
144         -123075.33818130122      
147         -127586.53922610986      
146         -124719.2133848431       
141         -118597.26284808546      
141         -118175.51184758591      
142         -123277.90032784278      
143         -122715.30898438289      
141         -120867.34435243273      
146         -126727.13110691548      
143         -126607.32133167257      
142         -125764.13517580066      
145         -128785.07895088094      
143         -127099.00187341112      
145         -129410.01507091244      
145         -130731.17614820259      
142         -125054.37794104074      
148         -131487.59232120542      
146         -129368.61659760495      
147         -131252.5690793868       
148         -131369.73230903008      
149         -132823.11633104124      
149         -131616.70742820908      
149         -129045.86361069564      
151         -134166.70518569899      
153         -137689.11193556461      
153         -138411.18618949159      
149         -132902.72547486145      
153         -137077.81691554448      
