450 1 -3880 35 35 35
149         -56905.96761192174       
150         -58104.547495570718      
150         -58684.125822373426      
147         -58162.17545412288       
144         -57561.422301090868      
149         -59647.281630835794      
150         -59847.008021479873      
152         -62208.482721482294      
150         -60494.855121663386      
147         -58915.580927771436      
149         -59661.116373833589      
149         -59020.961944097005      
150         -59606.240848656125      
155         -63328.807664697764      
156         -65313.029771311805      
158         -66919.338878819734      
157         -67326.541036807408      
154         -65135.583041248894      
155         -65583.241222030818      
151         -64000.055560560519      
150         -64021.397880193828      
152         -63034.673375274739      
152         -61765.077186264927      
153         -61551.169929865129      
150         -56404.466961256956      
147         -54955.023043356101      
148         -54992.70018325319       
147         -57694.129447036365      
149         -59899.45586640291       
149         -58985.079430479709      
150         -59738.341610633164      
150         -62414.58523068377       
149         -60998.253440381748      
152         -63470.476782911057      
153         -61999.163192732303      
150         -61843.52392160608       
149         -63512.837011522963      
147         -61800.292342216395      
151         -65527.553283721041      
151         -63120.828808935978      
152         -65566.89084645758       
151         -65861.846269198693      
149         -62524.325930024577      
149         -60567.299553947436      
153         -64630.89656289811       
152         -64428.680698105178      
152         -61374.44287012126       
146         -59005.194919138739      
150         -58601.540514751308      
150         -59533.631367130576      
153         -62812.716985333129      
152         -62570.019883930407      
155         -67064.05912172368       
156         -67960.233824742143      
158         -69905.582806050923      
156         -68987.439458211084      
151         -63548.580293502273      
153         -64384.90143660926       
156         -64730.54850636566       
159         -67042.765692874818      
157         -63643.846616069757      
156         -65543.695262406429      
155         -63766.185750033641      
155         -65751.8520338995        
153         -63942.270221398459      
153         -63583.779209541273      
153         -61821.777666584829      
148         -58811.404871628678      
147         -56931.052195272212      
145         -59483.907969757725      
147         -60078.428266329152      
148         -60562.121147745049      
148         -58901.510440555918      
150         -60972.867228700059      
146         -60345.123653157018      
147         -59895.131730347122      
147         -61317.117930447443      
150         -60938.593137216543      
147         -60720.600796590552      
150         -61581.760270984465      
147         -62622.859714782287      
147         -62636.629619390849      
148         -65310.084588469552      
147         -64252.180193114429      
150         -64960.912381790207      
149         -63925.914633937187      
152         -62990.849894300845      
152         -62866.516937745997      
153         -65741.214582424014      
151         -64075.371821397996      
151         -65275.518740563079      
150         -63971.674509819335      
153         -64181.171219691416      
152         -62240.842408909026      
153         -60842.057622241664      
151         -59230.628045917401      
148         -58005.251164049099      
147         -56135.913446656828      
146         -55094.709190489222      
147         -57517.83819368243       
152         -59557.196666831202      
