450 1 -3880 35 35 35
150         -58177.495553190325      
150         -57505.594725239105      
144         -56806.658024684511      
146         -59135.040872409438      
145         -58419.777748162414      
149         -61089.559198829367      
149         -61822.830266538906      
152         -64303.918881440244      
154         -65586.088644636577      
152         -63161.734768398877      
150         -60982.954006003347      
149         -60747.728827299317      
151         -62743.693267860188      
153         -64467.259874938871      
156         -66458.929323992794      
155         -65319.383476658753      
154         -63948.996101987053      
153         -63705.543149580364      
151         -61354.111162754081      
149         -59955.096792553311      
151         -60048.616178555865      
148         -57601.006782149285      
151         -62058.035764290864      
150         -60978.570848328505      
150         -60494.525984671316      
150         -60991.385451273018      
153         -62808.971591317437      
154         -64323.820527693679      
150         -62041.286266603769      
150         -60580.518306442449      
151         -62060.113113204752      
151         -59757.756829198232      
156         -63281.46102132833       
157         -64069.405072117508      
155         -63962.121844354959      
154         -62817.386029873         
152         -61524.884688551872      
155         -62204.649030526998      
151         -58556.792029419892      
151         -58368.740315431831      
148         -58282.513125646401      
146         -56307.633266442826      
149         -58498.981852583864      
150         -60673.944583389406      
150         -60645.515217051667      
147         -54744.868473559567      
146         -56228.058406525161      
144         -54258.113760412904      
148         -59064.625612223383      
148         -58503.751208884925      
145         -58679.2375266198        
144         -56253.859636821842      
147         -58069.008645075657      
146         -57876.011143169053      
148         -58855.64178138024       
148         -59585.10813974894       
150         -60380.892033745098      
151         -60664.765197984336      
151         -61876.9933286019        
150         -58456.413902681277      
147         -54861.666784637673      
152         -58549.493647566982      
156         -62439.821697350068      
152         -61733.922815092985      
151         -61595.507232327582      
149         -60440.562094262234      
154         -64294.781176891644      
156         -65527.767101779886      
151         -61803.052284115089      
148         -59115.551193187312      
146         -56305.697238770932      
150         -60859.611098291614      
153         -61329.006345040259      
153         -61760.030671803019      
153         -62591.950686227661      
150         -59709.200297963769      
153         -62431.233348231937      
155         -61279.837243475544      
155         -60516.552417945299      
149         -58581.432088957576      
148         -58819.135525760292      
145         -58508.181654740307      
152         -61282.168496876271      
151         -59601.415578453256      
155         -60821.4209923257        
152         -60537.943546857961      
156         -60913.861597904994      
154         -60584.222432662078      
151         -61736.015595252276      
153         -62195.074336150727      
153         -60566.317464140186      
152         -59078.764821927609      
149         -59035.183138013774      
149         -59719.59063299527       
150         -60373.571893668195      
153         -62226.878135071063      
154         -63749.674456821202      
154         -63527.135511426357      
150         -60491.617715565997      
151         -61629.025338690088      
153         -63005.555004857481      
