450 1 -3880 35 35 35
149         -62322.088400523753      
148         -61977.222818865848      
150         -61711.378886140221      
150         -61044.746114104484      
144         -59454.844308329411      
150         -61399.887653206293      
149         -63284.003596101771      
150         -64003.822756283473      
154         -66981.857404033843      
155         -68685.583185107229      
154         -65290.763333509807      
153         -63802.070675036543      
152         -63054.762886997189      
152         -63162.466567180105      
150         -62638.252541462462      
152         -64647.421345577459      
152         -64927.472994173499      
153         -64193.548015700726      
153         -65438.674738022572      
151         -63518.680529921206      
152         -65756.993356336126      
149         -62835.616287264791      
147         -61685.250281731256      
152         -64903.772644540681      
151         -65105.839237496009      
153         -66307.457386938069      
150         -64581.990790917065      
151         -66120.815731982424      
151         -66387.93449088432       
153         -68890.374981574627      
152         -68881.984603125544      
151         -68109.192062452843      
153         -68812.351621731883      
151         -67694.158365701136      
155         -68466.81304638178       
151         -63826.118736316312      
150         -62930.555067553454      
149         -60544.970473793081      
150         -60486.08548138936       
152         -61009.991091164033      
153         -62203.681483809443      
153         -60179.865056797113      
151         -58385.558717680593      
147         -57220.119933255293      
148         -57218.458233575519      
149         -54577.156286789184      
143         -52691.767576053913      
147         -56027.570270515411      
145         -55306.685869869907      
147         -57944.053877480132      
148         -55789.610165617058      
151         -57723.588884653785      
149         -57983.11425266158       
151         -61957.111857574571      
143         -56362.0967362917        
138         -53272.994053066985      
140         -53007.365591156849      
144         -56496.33146084805       
144         -55707.358449504332      
143         -54633.868655275146      
145         -56831.884147486766      
147         -56460.556364964352      
148         -56826.048081130211      
148         -57819.862101869046      
142         -55277.124684276278      
146         -59220.07711013552       
143         -57099.401334097463      
147         -58576.877045174129      
150         -60163.866875854575      
148         -56101.992716836401      
148         -56321.169534830384      
146         -57008.102100394819      
150         -60616.341286911869      
147         -56269.2951945491        
142         -55021.293514699442      
145         -58527.336243539212      
149         -61536.257121129638      
144         -55166.70663837414       
142         -54077.260312737766      
145         -55771.23589046055       
151         -60177.492066783569      
149         -58789.340284994971      
147         -58202.227225486575      
146         -57438.387720682666      
144         -56361.1991144075        
140         -53394.772677845089      
142         -52681.533859129479      
141         -51274.129562191512      
145         -52117.576892499914      
146         -50903.321820259473      
148         -52699.30243647725       
148         -53245.128508717113      
150         -59230.60337896202       
146         -56786.060574892013      
146         -56626.729618060097      
145         -55663.906445326698      
142         -52675.701088598536      
143         -52552.568513449165      
142         -51679.04726107185       
138         -49016.059231940766      
140         -52251.969524824948      
