450 1 -3880 35 35 35
135         -108209.22956874516      
133         -107574.77414869572      
133         -107558.00474501654      
139         -117498.83508988412      
138         -114168.1566955888       
144         -121615.53942478076      
140         -116010.04055542652      
146         -121758.53112245003      
144         -119844.99559229941      
147         -125498.63767732822      
146         -124878.02349422839      
150         -133575.43679133788      
151         -134699.51920354221      
149         -133152.76346612198      
149         -133391.51075041233      
150         -134428.57421338226      
149         -133061.65631397036      
147         -131025.48671555625      
150         -135187.25367491072      
153         -140343.65735408835      
146         -130279.45016291867      
149         -134533.02604092608      
149         -134408.65461004953      
151         -136376.36765277138      
150         -133828.85885711361      
151         -136935.36314951206      
148         -131565.50591438753      
150         -133026.7997667013       
151         -136058.96345149013      
150         -134343.00949487631      
150         -135337.0525170445       
148         -131430.89794064988      
148         -131324.11802901531      
148         -129603.39857662239      
151         -135637.37933693544      
152         -136004.34190995802      
150         -132192.61939405976      
147         -126930.30209862374      
149         -130489.1288406844       
147         -127272.75762727017      
150         -133203.8986744101       
152         -137708.37562936198      
151         -137363.11671152254      
154         -141552.04660703809      
152         -140613.90308653979      
154         -141939.11724932372      
153         -138488.22432801418      
152         -136150.31930934999      
154         -140702.15289032224      
158         -147676.86161752095      
155         -143174.82074340701      
155         -141934.07376807748      
154         -139961.71881634466      
156         -144330.43809753013      
153         -136515.11423271915      
151         -133224.0093570344       
152         -136584.2689287097       
147         -129519.9700269703       
150         -135492.53434900611      
151         -137622.39513025939      
149         -133803.17241053859      
149         -133691.02853761279      
144         -128745.30847996472      
146         -130563.20194602314      
144         -126405.2837468979       
143         -122945.56390551775      
148         -129429.58995094488      
146         -126494.80080985856      
147         -125300.19464337459      
146         -123872.60274028829      
146         -123527.53646736         
144         -122627.06793986908      
147         -126065.18010425255      
145         -123593.76799021474      
147         -129641.79237421301      
148         -128714.68127313328      
143         -120593.25633866877      
144         -122505.64314830034      
141         -118172.65283295725      
144         -124556.91897775563      
147         -127461.70805503581      
147         -127873.70656125281      
145         -124315.74908666658      
140         -119838.21657531294      
139         -118200.47086373101      
146         -128045.60184958375      
149         -132820.87493264736      
147         -128774.24409942554      
146         -126236.83611780635      
148         -130098.81507498467      
148         -129799.05156464795      
149         -130056.80590111151      
148         -129116.34360410215      
148         -128762.9617887521       
147         -128018.15788046709      
146         -127797.14721088627      
146         -128283.74466215244      
145         -125849.56656001318      
145         -125264.37046510183      
145         -124510.77660070652      
142         -120701.48480831175      
