450 1 -3880 35 35 35
157         -415740.82681393134      
157         -415797.08192346239      
157         -418286.8496152875       
158         -419640.81701918773      
158         -421125.13020420831      
158         -422111.81686816562      
154         -403859.44827150845      
155         -406167.16920382506      
157         -417124.53190280846      
158         -420732.40496230708      
157         -412705.15206863132      
155         -401839.26885742228      
154         -394380.58823192539      
155         -395910.93969890603      
149         -368913.45447151753      
147         -362731.74264700542      
148         -365693.88707872294      
151         -378460.81443167856      
147         -363592.35142213129      
149         -374594.27867085167      
151         -381289.66394467041      
153         -391789.19104526553      
152         -386930.27379535901      
153         -388268.39475418278      
150         -375507.7581357141       
149         -369330.33753850911      
150         -373854.00842772925      
147         -362828.89306274138      
148         -364260.82459194318      
149         -363779.86818454193      
147         -357173.31892474607      
147         -354681.52544281434      
149         -360682.59107416921      
152         -376043.15075086261      
151         -369703.38954258378      
153         -374895.32601188647      
153         -379164.2528161353       
149         -365696.4099361414       
148         -359815.59146614908      
151         -370016.47809486103      
150         -366758.38044809224      
144         -342407.74699224625      
146         -347960.16597480205      
144         -338118.99552352936      
143         -336522.99504559557      
147         -357500.39887129492      
150         -369195.56049026782      
149         -365388.93172450463      
151         -374209.97886382521      
151         -374782.44005988626      
151         -375697.60825824999      
150         -368236.42079816497      
147         -351339.91072730673      
144         -339470.45725548774      
144         -339141.82338649908      
146         -346819.93450874049      
146         -349620.35832270264      
148         -352211.49253760668      
148         -354313.8885850925       
151         -365064.34629595891      
150         -358229.17732463987      
143         -328435.2780117665       
145         -334777.59930974542      
143         -330030.6547060333       
141         -323782.0392917539       
140         -315332.76544418716      
141         -318736.33200123446      
143         -328785.48173477815      
144         -334587.79479657416      
145         -341820.89983110933      
146         -344960.35349455121      
142         -329577.21523935907      
142         -329714.52627303801      
143         -336834.78808228328      
140         -330300.56200765766      
144         -339586.95924096764      
145         -345792.29504993028      
143         -336424.18198989006      
149         -362885.1637337365       
146         -348224.91190173844      
145         -345077.94682492991      
145         -345751.44221619423      
144         -344495.25949730794      
143         -341821.71975428658      
146         -356889.164264803        
149         -369227.27528402704      
147         -352983.36859180522      
147         -350643.40379777411      
153         -371010.07826818223      
153         -371055.89854716696      
153         -372929.34134217887      
150         -362808.05643334775      
150         -368752.50897345482      
152         -379767.07335263217      
151         -374569.1067552038       
149         -363799.86077714158      
148         -364046.44384460978      
146         -355115.01704852044      
146         -358360.41107505019      
145         -353781.5093439779       
149         -375048.90267713671      
