450 1 -3880 35 35 35
146         -126009.06379244693      
146         -125898.2089109693       
148         -130080.63368031551      
146         -128053.15675321945      
147         -127993.95389342458      
145         -126485.84083713857      
142         -118769.6918964573       
142         -118822.51310746938      
147         -129628.36067371866      
149         -130494.03087512916      
149         -130540.96987679589      
148         -127730.70527364798      
150         -129977.85833822926      
148         -131699.06822573108      
141         -121479.48587112578      
141         -121035.32379519439      
145         -127047.49680975392      
150         -133831.67221990123      
147         -129669.70066203969      
150         -135763.05010199407      
150         -135547.43931356253      
149         -132664.74564037268      
149         -133730.07266941434      
150         -135372.17645342767      
151         -138397.84537328611      
149         -135612.41108478795      
151         -139513.65883182536      
149         -134938.94432242142      
148         -133544.37722679158      
149         -135162.96980650592      
149         -133936.28985207682      
151         -137315.71754465139      
148         -132074.10536069883      
147         -129429.60666765446      
143         -120498.88750693377      
145         -122451.52193372945      
143         -121594.01807960094      
149         -134134.53179429099      
155         -140847.91861907151      
155         -139008.83085197481      
158         -145195.2359681376       
159         -147129.3291162372       
155         -140696.44634606093      
158         -147113.90569057205      
156         -143797.61074683844      
158         -147348.5896214438       
157         -144438.24603422871      
157         -143940.15234730966      
154         -136249.187359684        
153         -133583.94915226332      
154         -135354.54528254489      
151         -129366.78068497822      
155         -137839.722865736        
154         -134646.40863553822      
152         -134436.17333089499      
152         -136002.40711544428      
152         -134573.08496751866      
151         -132282.91562743895      
150         -128407.88981885313      
148         -129842.35123990051      
142         -120563.39197083539      
144         -121067.01229549134      
145         -121600.28519150741      
144         -118749.08025560681      
148         -122300.32928713183      
148         -123322.71490505149      
148         -127555.79865267249      
146         -122430.29381479271      
144         -118032.37855245527      
144         -115510.84239036884      
142         -113504.09198603994      
140         -111512.0642030825       
139         -110874.21896297474      
142         -117810.92138739972      
144         -121515.99577935463      
145         -122563.44395319793      
147         -125262.64090747306      
146         -122491.14079980654      
149         -130097.01553418886      
147         -127663.36654830781      
145         -123018.49450275947      
145         -121988.31557184254      
143         -117105.50578604825      
140         -112189.58140652154      
141         -113192.16027595883      
139         -111147.73746176723      
136         -107593.54436681415      
133         -103737.99536860731      
142         -114075.64263940039      
135         -108674.13516973006      
139         -114605.23052523671      
137         -113033.99574797341      
135         -107982.55369886081      
141         -116359.33611195904      
143         -118190.84236462112      
143         -118796.95392168847      
148         -126278.66032595024      
146         -123453.87331236147      
149         -132363.90905779551      
152         -136150.11305621258      
151         -135115.83461239899      
