450 1 -3880 35 35 35
155         -62001.147730938283      
151         -59704.190545017649      
155         -62958.501289846266      
154         -61038.749326500547      
151         -60402.151580678423      
150         -61444.009370562773      
146         -60038.300685120514      
151         -61238.108478132723      
149         -60449.131820975912      
154         -62257.11963933739       
152         -60668.218822658746      
154         -62883.160765162524      
150         -59948.819493769297      
146         -56313.498881785061      
148         -60196.469353760687      
152         -61811.309272414939      
146         -57028.420395202687      
149         -61158.257309267123      
149         -60066.576401459773      
150         -60223.638031366703      
147         -59811.161385812236      
151         -64564.618566101388      
153         -65706.053647476205      
152         -65184.815406146998      
153         -66050.891298904316      
148         -62399.415578510881      
149         -62318.908303684271      
153         -66514.518423404865      
153         -65788.494130733059      
153         -65351.728192961265      
153         -63766.916919203344      
154         -63963.419859450572      
151         -63639.56416133837       
154         -64726.572249577417      
153         -62507.67120858276       
151         -61103.717155135942      
150         -59402.365068555933      
151         -60999.655856576028      
147         -58167.888195907544      
147         -58553.214727969935      
145         -55685.928353676951      
149         -60307.941329037472      
149         -60851.994436633388      
153         -64425.198538592413      
152         -64249.542774275658      
147         -56681.106775618355      
145         -55489.073315321708      
151         -57263.785652575636      
151         -55880.826319825064      
146         -55375.445838730593      
147         -57204.38632305168       
144         -55873.102527376708      
143         -55277.734158072068      
141         -53891.575036641058      
142         -53202.651991960214      
141         -54595.085080997305      
139         -52739.456183557806      
140         -51486.410500644371      
141         -53351.517246007868      
146         -55189.693204297451      
146         -50917.199677443961      
149         -58024.231997679679      
147         -56232.96746446874       
145         -55894.278478597131      
141         -52448.843656742574      
142         -51275.777273947402      
142         -49782.788315056532      
143         -51960.079562977655      
142         -52499.829463116032      
146         -57022.402724695217      
150         -61145.545747050484      
148         -60091.869525758921      
148         -61317.025361433327      
149         -60568.799092049951      
151         -58919.45453510659       
149         -58406.010300849644      
147         -59458.481914412048      
144         -57245.091502497286      
138         -52179.273996130163      
139         -50761.592209123388      
135         -48857.464634443546      
135         -50075.704725905431      
138         -53106.727059526609      
141         -53547.351018520392      
144         -57034.958872242707      
144         -56735.904791603883      
144         -56632.223574010051      
144         -56632.902114795586      
139         -50980.6219165074        
141         -52953.897881228608      
142         -50109.369063747778      
137         -47780.084509697146      
138         -52376.178711327877      
142         -54801.978935644431      
138         -51724.480445010522      
139         -52954.37592896328       
137         -50989.464218434492      
136         -47730.231613262709      
141         -50807.23015074218       
141         -49695.14385912352       
144         -51448.961444453416      
