450 1 -3880 35 35 35
148         -126437.38701147477      
152         -132022.9380337499       
151         -130430.8625450133       
151         -130140.94337601146      
151         -129427.74206459783      
149         -127110.31932253968      
149         -128084.26420020654      
151         -131573.17203180844      
150         -129090.1960360849       
151         -130842.83757364233      
149         -127493.46349255693      
148         -127939.56944570964      
146         -124685.49143557897      
145         -122253.93769533715      
147         -124445.74094065552      
146         -122793.36138478256      
146         -121112.63214417822      
150         -125329.88106387899      
148         -122985.44695018497      
149         -125530.33176800447      
148         -126551.03254448887      
154         -133080.27598783482      
153         -132361.38308592714      
151         -129253.72844004366      
153         -132310.75336891416      
152         -130930.9322538569       
151         -129774.11062715117      
149         -127809.7384615534       
149         -128906.66554390399      
148         -127010.75307675029      
147         -125364.60935506894      
149         -128105.22754164357      
149         -129410.68534942981      
143         -120812.21771179033      
143         -119151.23823627112      
145         -120523.88581019876      
144         -120198.6908985948       
145         -122727.08212832722      
149         -128627.42788165306      
150         -131603.10061175236      
151         -132705.92359513624      
154         -136482.74135541241      
151         -131603.58990323046      
157         -138839.65804945986      
155         -134546.09260109751      
154         -135300.21657426737      
151         -130399.56614204434      
150         -129552.16624547746      
150         -129740.1620464903       
149         -127430.95601583524      
146         -122861.09349345154      
149         -127009.50883071091      
144         -119121.29413103283      
145         -121873.61169748694      
142         -119441.462012025        
150         -131880.38628461433      
148         -127776.06204118094      
148         -127696.95946989398      
149         -127473.19060352207      
150         -128918.32403778567      
149         -127849.0876560934       
152         -131386.95942858397      
151         -130472.42790419982      
152         -131335.01992874118      
150         -127960.45464601694      
148         -125426.27585395391      
148         -126320.92945914892      
149         -128277.69633258393      
151         -132448.02417459813      
147         -126676.93450984755      
149         -130391.48208875128      
148         -131059.83019382614      
147         -128662.93991207937      
149         -130218.61777235953      
151         -133451.51707557769      
149         -130393.86290057973      
145         -123489.39592913605      
144         -119788.33226324272      
140         -113907.33163664451      
144         -117226.34292695881      
144         -118469.52334515745      
144         -118266.4131571879       
143         -117161.74468034646      
144         -119596.60649644581      
144         -119449.01435977907      
145         -121927.10900862268      
150         -130353.26753234182      
148         -127402.73642093691      
146         -126249.14378577823      
146         -125722.3621531423       
152         -135392.51171438635      
151         -133780.85275721762      
153         -137431.55400826377      
150         -132915.98571101058      
150         -134650.69465418567      
150         -134387.97150212698      
144         -124994.66191332033      
146         -126793.80436396698      
146         -126362.89732040178      
148         -129956.65455010865      
148         -129400.19753108412      
