450 1 -3880 35 35 35
150         -59719.65503448245       
149         -58310.745365486982      
148         -58173.226918621433      
132         -48864.526440711918      
137         -50532.490916482755      
139         -51789.652516788985      
141         -53635.897905729456      
145         -58044.580497781208      
142         -55390.541989675527      
143         -57066.068941196892      
147         -58432.171732257855      
146         -57854.871111325767      
147         -58522.93564991442       
140         -54827.979314701377      
142         -52444.79824930321       
144         -54749.944759674174      
148         -58882.743299966678      
148         -59622.413574539089      
148         -60094.951617794242      
147         -57004.656842219279      
147         -56357.694855851798      
146         -57023.931249310248      
144         -57539.853957245628      
146         -57645.777900602843      
149         -59369.297335940297      
143         -57984.386483342401      
142         -57350.074985793508      
141         -56085.990287487723      
140         -52628.745755267366      
134         -48118.574478041257      
136         -48248.526907971718      
137         -49959.612936773017      
136         -49401.73458923721       
139         -50588.035751851254      
141         -51177.39682863473       
142         -51155.281620448179      
141         -52713.192445393965      
144         -56197.438136163582      
145         -56093.864346686052      
148         -56251.890883801178      
146         -57403.22833309343       
147         -58624.219456755454      
146         -58207.149744485156      
148         -59450.230006669801      
149         -62135.833244786707      
150         -61456.29794083193       
150         -59416.947029226038      
146         -59008.391795837852      
146         -58422.888168202422      
146         -58701.470574024504      
146         -58390.230502574006      
144         -57531.537557846292      
146         -57171.394493864718      
146         -55888.690607703626      
143         -54749.581363929756      
147         -58448.728906491408      
144         -55074.415144209277      
143         -55090.665232936299      
141         -53222.493602931536      
137         -50743.889382826412      
136         -50440.396528997029      
140         -51489.455160952712      
138         -48415.348844116103      
143         -52798.889553970308      
142         -55812.787856895826      
136         -50285.416869896864      
134         -49539.346715517175      
136         -52101.630798649669      
145         -57684.259101216907      
141         -56338.039553804723      
142         -57101.635025463605      
144         -57591.327386282566      
144         -54963.72312258125       
144         -54869.55650011557       
143         -55276.748179058588      
143         -57157.15319695996       
146         -56095.36870120174       
147         -59005.350466981086      
146         -59206.559349740273      
148         -58860.523054092097      
150         -61312.084967827162      
145         -57077.419751546222      
145         -57316.311277365676      
145         -59276.690614886786      
147         -62012.614436498356      
147         -59504.328304131675      
149         -59746.168071868553      
141         -55792.647700273454      
141         -55137.279376319253      
139         -52508.975234766251      
144         -57561.283409626536      
144         -58298.188686434631      
143         -56913.124675095969      
146         -58284.946328964812      
144         -56330.827310412518      
150         -63027.145841476806      
151         -61852.289979532696      
146         -57317.232784177169      
143         -57955.345470423897      
140         -57000.103494557203      
140         -57809.458664826874      
