450 1 -3880 35 35 35
150         -370122.77617569477      
150         -370561.77712688898      
144         -349912.57013805804      
146         -355919.29702243971      
145         -353760.45435384871      
149         -374647.39255144639      
149         -377431.38746880071      
152         -392482.28599313681      
154         -395242.27556475991      
152         -386524.02083458501      
150         -374153.0484553604       
149         -375437.61882325681      
151         -386565.7905161549       
153         -397100.10264152876      
156         -409444.11188128148      
155         -403422.14019055152      
154         -399139.90499154007      
153         -391983.70375883766      
151         -380044.65988148731      
149         -374812.67831275152      
151         -381901.52346599888      
148         -365051.21929077728      
151         -377793.01696443831      
150         -378986.30792449671      
150         -376736.44383477216      
150         -377190.73579164455      
153         -391019.36567729473      
154         -397077.51447031967      
150         -384600.76023476227      
150         -382379.08551369334      
151         -385442.48372692318      
151         -382252.56687279121      
156         -402012.45788654417      
157         -408450.74250460829      
155         -405076.64059178391      
154         -397781.97083257354      
152         -388475.79738320457      
155         -399654.24206866231      
151         -377937.17391318665      
151         -377293.58465147828      
148         -368986.98220864497      
146         -359001.62598083954      
149         -369006.58174403425      
150         -372332.15671573131      
150         -373294.39679324732      
147         -359994.56255441357      
146         -352426.49881665112      
144         -345072.45226306806      
148         -360947.22349131806      
148         -362282.05813659861      
145         -349953.67219123512      
144         -342425.16964327521      
147         -353847.84418439353      
146         -348654.54547995306      
148         -359474.00342595705      
148         -361452.51700134494      
150         -371354.21294355136      
151         -375447.22135089251      
151         -373348.35679619224      
150         -367716.28322218132      
147         -354165.07452693995      
152         -374467.42363640806      
156         -398957.47107461106      
152         -380238.49979493505      
151         -375185.59007031308      
149         -367145.12905712472      
154         -386625.49333775556      
156         -396397.01606093638      
151         -369348.17628856417      
148         -362885.62214250723      
146         -355455.82010599953      
150         -375878.7084502388       
153         -389158.2201936646       
153         -386079.99697978073      
153         -386640.83209462906      
150         -372070.50266146113      
153         -386610.88205992215      
155         -394477.57758456405      
155         -393756.80190583365      
149         -369059.07835750573      
148         -365812.989654387        
145         -359683.672352097        
152         -381447.55612455757      
151         -377196.46364505735      
155         -396749.77315457439      
152         -385100.24984027568      
156         -401502.6998690943       
154         -393715.45810606721      
151         -380296.89868202427      
153         -385989.94197852956      
153         -382577.97230778623      
152         -382124.07244197483      
149         -372237.1390922069       
149         -369140.98388515448      
150         -370301.44410345575      
153         -383681.11688066251      
154         -387065.20814551041      
154         -389391.88584046584      
150         -369779.59905175783      
151         -378730.32114858         
153         -389309.42441608116      
