450 1 -3880 35 35 35
152         -387080.14592665707      
154         -390818.09672741056      
154         -391472.50100283837      
149         -371603.70819987619      
148         -369131.68102251168      
150         -373949.8003135086       
150         -374637.21315657563      
148         -363976.10489866743      
151         -379765.74185689574      
152         -386895.33182057407      
149         -371838.26684022194      
145         -349712.22213367984      
143         -338165.05159576214      
140         -327731.69502838346      
145         -348599.61135005107      
143         -343495.29791031871      
145         -347934.2660220192       
149         -365232.16133938794      
152         -372475.35121520533      
147         -352236.46852998075      
148         -353049.33857095195      
147         -350329.93916068005      
147         -346471.19425191864      
147         -351514.57868123479      
145         -347489.60148504359      
144         -343223.23985759483      
145         -343999.56893810071      
144         -342524.39937649632      
144         -345934.80068055948      
140         -326390.37196468608      
142         -333529.45809509617      
145         -349119.25860475935      
147         -354584.96412555629      
144         -341842.28355011798      
142         -331361.40510982648      
142         -336336.45174678811      
143         -341686.13068768784      
145         -349573.51570912276      
148         -360444.00859075662      
148         -362520.904071756        
143         -339338.81512843934      
141         -333209.10678202467      
142         -334860.87469948304      
144         -344735.31682253635      
146         -348860.37088315043      
146         -345295.34632435971      
149         -359232.87281746452      
151         -369737.46499268705      
150         -368955.04831731843      
149         -367641.01376002614      
152         -379905.88081258518      
149         -371044.98045701947      
150         -371936.23042292276      
150         -368076.91450565471      
149         -364439.6037648315       
149         -371730.15554544429      
151         -381155.68899487046      
152         -385910.53599032946      
151         -378601.76337312598      
146         -357562.60252489062      
145         -352759.76041176054      
143         -343868.23648162722      
145         -352474.9181200504       
140         -330845.78563303303      
138         -321158.50906471926      
141         -333051.81428966403      
139         -327510.26710504375      
142         -334182.79305132688      
142         -335957.70752458717      
146         -352563.62390016898      
141         -330269.6363903209       
146         -352516.1942586911       
150         -371291.60371644155      
150         -373286.69834048511      
146         -353754.92397201795      
148         -362106.34193263773      
148         -362898.60922099464      
146         -353167.66541125957      
147         -361480.71826722624      
148         -363566.83977319492      
145         -351820.77179261507      
152         -380614.53364727361      
150         -370886.11943348718      
149         -364359.65435808542      
150         -369625.65693148866      
150         -370202.88314157701      
151         -375803.29480262968      
148         -357574.60713735269      
148         -362608.62400164525      
149         -366558.95766011096      
148         -363004.9966947299       
146         -356077.82893114822      
145         -352280.5198139514       
149         -362530.51097574137      
148         -358113.33739307185      
141         -333286.84074168         
145         -348346.496261255        
149         -365835.04319801118      
150         -368610.30475374678      
147         -356489.95292948477      
145         -351028.97849859926      
