450 1 -3880 35 35 35
145         -339765.53801281995      
143         -327465.54953108524      
142         -323344.97776147374      
145         -338344.10724328452      
147         -349879.93090571783      
140         -320166.80383817322      
138         -311076.70766100835      
141         -322890.67172583466      
142         -328048.36735774728      
142         -331557.15964004921      
144         -341112.41709548782      
147         -350468.74631415284      
145         -342555.05813674827      
142         -333560.6105623258       
144         -335722.28129362967      
146         -345560.76835284865      
148         -351811.95047511201      
144         -337263.67928611254      
145         -337810.86140044802      
142         -328159.82177493011      
139         -320446.10093877948      
143         -338704.64109859534      
147         -351924.89046295418      
148         -353313.8632475129       
145         -344354.75873755454      
144         -340991.67024761392      
146         -351433.7247045071       
147         -355045.49183234631      
149         -364294.04545421625      
144         -341578.60414146807      
146         -350697.76325151254      
142         -332636.28416885564      
137         -314667.50614359765      
138         -316435.07714786381      
141         -327537.4693447731       
136         -309558.99689628585      
139         -319868.77166586556      
140         -325115.93885254831      
141         -326482.47233873146      
142         -328804.72151564166      
144         -338568.58868875273      
140         -323089.52602859651      
144         -338209.67003066547      
139         -317876.67323988164      
138         -314132.60553856648      
140         -323364.63515770558      
135         -301593.17834771762      
136         -303874.83991941559      
140         -316533.18218930485      
142         -325244.90178368276      
137         -301043.64909665613      
140         -314370.32480539585      
144         -334277.19355964323      
145         -342841.84651082533      
142         -323389.19603369746      
143         -330564.01581563358      
141         -320868.88262787752      
140         -315281.27147657698      
141         -317655.87018753611      
140         -318867.08119100699      
138         -308076.18262082536      
141         -321558.88867927389      
136         -299500.20875780599      
134         -289296.57751098287      
134         -287698.16884948075      
134         -291763.20213259896      
134         -297375.10751034378      
133         -292312.77476705785      
130         -279153.60389195738      
128         -271179.69696949801      
122         -258732.39906000852      
125         -264940.58201678802      
131         -289470.05549885693      
134         -298826.6051070455       
144         -340566.09023264563      
144         -342655.3391239245       
141         -327982.3636716929       
144         -343251.11963910866      
140         -330075.54072091763      
141         -332240.63686244248      
143         -338289.09018067102      
142         -331554.10347249999      
140         -326763.89958327072      
139         -319263.20139398356      
139         -326570.20683216798      
142         -339032.91516926803      
143         -340352.47530805157      
142         -338737.20751741412      
141         -336936.43525052752      
140         -331724.28042540903      
141         -335262.61931403715      
144         -349215.41226159135      
148         -368485.62525291066      
149         -367490.4571358668       
149         -369106.56760458747      
149         -372688.35500039678      
149         -368406.00729012204      
145         -351490.15710107383      
145         -349710.19892439339      
149         -367404.0978073437       
151         -373082.01461064012      
