450 1 -3880 35 35 35
157         -146968.44050598377      
157         -145857.940585264        
157         -146034.25298466923      
157         -147172.94583049195      
159         -150693.29672741899      
158         -148695.45702464163      
157         -147200.13143477991      
160         -151549.99394816885      
160         -151609.20092766074      
159         -150291.18589969538      
155         -143300.93124552618      
159         -149968.4969169455       
160         -153195.43299667459      
160         -154020.19561468504      
160         -155530.54184997076      
163         -159851.22517958243      
161         -155556.41560425062      
159         -152755.88106849356      
163         -157837.68224945394      
160         -151601.66093912549      
160         -151926.60767804028      
160         -152315.97825057272      
161         -153108.77379282296      
163         -157108.37964146753      
164         -158437.87851282253      
165         -160758.80822454888      
163         -159064.42714100244      
162         -155887.3703119253       
168         -166738.57687627402      
165         -160530.12445811467      
163         -158192.1712408161       
162         -157424.63070375036      
162         -158180.33443910294      
162         -159011.27207153349      
161         -155938.49244644982      
159         -152283.60414809061      
160         -152711.82241705369      
159         -151668.72501195376      
159         -152009.18285980265      
158         -150370.72106212194      
157         -148681.18020582368      
156         -146473.40522466888      
160         -150906.33503391032      
159         -149884.91828654188      
158         -149244.52936028747      
157         -146526.4094915599       
157         -147244.57774502097      
158         -149309.34481939609      
156         -145535.04861703553      
157         -146109.54448848299      
154         -141533.43680339985      
155         -140803.81637018028      
156         -141291.23384315227      
155         -138983.35561726635      
155         -140270.30864310203      
153         -136749.62129093838      
155         -142507.40445081287      
154         -140001.9172217912       
151         -136144.18540641633      
152         -137954.96183146571      
154         -140430.76065931402      
155         -142099.46324458288      
159         -149372.57916562431      
156         -145409.26881800231      
157         -149042.02309911634      
161         -155550.36880799441      
159         -153616.29137928571      
162         -158588.66868736615      
160         -153571.63812460014      
164         -159544.6816740967       
161         -152767.37070505379      
158         -150062.23822880775      
157         -149409.24977430701      
160         -153906.11719874319      
160         -152593.75161570878      
160         -152548.39063893465      
162         -154427.83620048163      
161         -151191.34133350424      
161         -151311.62055624131      
164         -158522.0992171728       
161         -151860.66507557192      
162         -153446.06357264306      
163         -156606.73605531373      
161         -151736.90108817699      
160         -149993.97246348474      
157         -144633.43187763565      
156         -143794.36016779486      
155         -141519.76630938801      
157         -145595.06684612564      
157         -147860.85912642739      
158         -148847.85260418762      
157         -145197.1856566362       
156         -144037.5707140411       
155         -142416.84284519946      
156         -140973.95994397817      
159         -145646.93180751524      
156         -143576.71143604975      
156         -141218.73890657877      
154         -139822.83012097946      
156         -143021.07462786121      
159         -147052.09769574206      
