450 1 -3880 35 35 35
155         -62378.759520367756      
154         -62029.81826571768       
154         -62512.060055094524      
155         -61359.088579378076      
154         -61064.335396264927      
153         -59077.59092622139       
152         -58871.38798763205       
154         -61177.008892191297      
154         -61222.46201063566       
155         -64013.836550476226      
155         -64923.321054462183      
155         -65976.196848700565      
154         -64321.529626452219      
156         -65418.905653648551      
157         -64598.759502656649      
153         -63365.069275519869      
154         -64478.391429180818      
155         -60994.916706480195      
157         -62368.597870978927      
152         -61125.154023237003      
151         -59946.161945365093      
152         -59261.536394483708      
156         -63332.332733554169      
149         -57801.171648970412      
150         -58928.462922039951      
150         -62078.484259646953      
150         -59680.449708669083      
151         -62238.842034301444      
152         -63617.519231076323      
154         -65586.411861358807      
156         -68646.936460140685      
156         -68780.589730070424      
156         -65908.700217229765      
158         -68607.594938255555      
152         -65196.144579412219      
150         -61207.771817813074      
150         -59529.078789136431      
150         -59473.660615640547      
150         -61213.469608251369      
152         -63347.265341016922      
150         -60544.145894790403      
151         -63629.598366628328      
151         -63107.136557013044      
150         -58548.692176021723      
151         -59245.166501197091      
145         -55212.599667659124      
148         -59711.265527233336      
147         -58360.442439823302      
147         -56919.398184234604      
145         -55370.808789479939      
142         -53084.754509810889      
142         -52331.414605376471      
146         -55880.172665776598      
144         -55378.980280626056      
145         -56096.308052419452      
148         -56970.044307795346      
152         -59556.852044646308      
149         -56732.583816637212      
146         -55859.748198355868      
147         -56329.065725470042      
152         -59224.073977222324      
151         -60410.829579168319      
151         -60607.542859793786      
148         -59337.856957242162      
145         -59147.700927762889      
144         -58056.548607682023      
142         -55926.671554319691      
143         -56020.481735333808      
143         -55269.32930984733       
141         -53233.060623785736      
142         -53166.972262196483      
144         -52344.264132186188      
140         -49580.898912840232      
142         -53598.748165892401      
145         -56017.873024891436      
142         -54389.75754583496       
142         -53527.228180693586      
138         -51551.414774729346      
145         -56322.695682758407      
145         -55507.622542877885      
147         -55325.089252657977      
147         -53702.665285712566      
145         -53767.036128862375      
141         -50872.508021211703      
144         -53252.618929670891      
148         -53836.737793618253      
149         -54374.959545353733      
149         -57604.437029034198      
149         -55022.130008009561      
147         -53557.081377945149      
142         -49865.821543096019      
140         -49541.614196443465      
148         -54593.873360409161      
144         -52104.651033125469      
148         -54560.654404679321      
147         -56438.441322802355      
148         -55002.390006556525      
147         -51630.168473831895      
143         -52789.12276412599       
145         -50269.926218888417      
143         -54875.089349767921      
