450 1 -3880 35 35 35
145         -355525.95917394303      
145         -352433.46665873844      
148         -365809.41958327079      
145         -353403.26971774618      
147         -362068.57601738872      
153         -388056.66799852002      
151         -381157.61412290478      
149         -375937.05659789877      
153         -392415.02311928873      
154         -395733.25905868108      
151         -379575.87734170177      
152         -383413.84819951374      
149         -368030.55691930564      
148         -361803.11897927255      
149         -366774.91531448637      
149         -367737.84147183876      
143         -342013.86500991753      
142         -333034.95437202835      
144         -338279.33378290129      
144         -340763.93764160876      
142         -334050.11585937452      
138         -323312.66463133408      
134         -313137.52228188451      
142         -337650.62148822518      
139         -326909.64960521442      
137         -315813.88652893313      
136         -308947.92600400775      
141         -332366.49002604384      
140         -328586.12250138691      
135         -313103.99873655458      
138         -324232.34102713811      
143         -343517.90588310739      
145         -351286.24239855731      
148         -356946.25271561404      
152         -376041.88161824952      
153         -385329.75682200782      
155         -390733.25021967455      
152         -377237.31212530116      
151         -370871.3001037357       
152         -375244.75191720901      
152         -376250.44542214659      
151         -372698.44533336163      
154         -390254.36987912626      
148         -364374.61477957293      
144         -347137.01941503247      
142         -340155.07399528974      
142         -341764.98239416222      
144         -348212.631114805        
143         -342535.53859618888      
148         -363781.1211693529       
148         -359265.63913712802      
147         -356738.2532248405       
145         -349024.20087030623      
145         -345830.242607411        
142         -335357.22711370239      
145         -346610.2540779236       
146         -349761.09982031357      
150         -370171.57226608571      
144         -349680.28542713379      
148         -367883.01829015685      
152         -385441.41274330742      
149         -367261.74032760243      
149         -363978.75797072193      
148         -361310.52379433811      
150         -373166.98339971696      
149         -373170.58209340897      
143         -343287.23702116747      
148         -366977.03494684026      
151         -376911.62303339847      
154         -390505.30609144544      
148         -364599.30341261544      
147         -358545.11071177619      
148         -363475.63009837305      
147         -358529.71417463431      
147         -356148.69665006781      
148         -363589.43371341715      
149         -373272.04877711163      
150         -375294.71205632429      
151         -377828.81272030104      
153         -389668.34888383583      
154         -399141.47654178488      
159         -421267.28058421414      
159         -419628.99447936274      
157         -409928.01223516936      
154         -399074.05827049963      
153         -396001.27584688616      
153         -394794.32344908058      
154         -398193.47431534703      
155         -406145.47631285177      
158         -419384.13630771544      
158         -420220.74209776695      
154         -399414.81597968441      
152         -393154.72770821652      
155         -406702.38790377299      
154         -402800.82921463781      
156         -410233.91528302676      
155         -404582.23778174457      
154         -397000.31269320234      
154         -396085.20983841631      
153         -397851.07509983319      
155         -408350.68923129927      
