450 1 -3880 35 35 35
142         -120701.48480831167      
146         -127401.47581461516      
144         -124839.25115085907      
143         -123948.05629382408      
142         -122673.63306677101      
141         -121401.86449476366      
141         -121710.96556480815      
145         -122284.15037177267      
146         -124218.7466494479       
146         -125658.54525840796      
144         -122694.07750567594      
145         -125468.77811020284      
143         -123223.25638807027      
141         -118834.68450460632      
142         -121282.75891735005      
147         -129587.683120127        
150         -132456.24659324909      
149         -128336.31572367201      
151         -129951.46425931979      
150         -128746.18532602585      
145         -122377.84014650999      
149         -128965.69140689436      
150         -129226.89653756915      
147         -125251.80158239926      
147         -124717.87736209766      
148         -123536.6141416414       
150         -127208.4396996648       
152         -129990.01342997928      
150         -128632.74475673256      
153         -131873.46844398265      
156         -139321.64053457367      
153         -132897.13514722302      
153         -134959.94543808413      
147         -127854.57000038533      
148         -129697.35712926163      
145         -122069.28261306761      
148         -128401.59236901317      
150         -133359.7778604718       
149         -130837.21890067399      
151         -132697.28398338493      
149         -131365.43323629975      
151         -133028.94059513471      
151         -131662.82379285918      
152         -131784.78074199552      
150         -129528.17710629167      
147         -126962.61335540625      
151         -133505.22034839229      
143         -121190.18010868831      
148         -128516.86611366023      
146         -124425.61134865069      
144         -122310.03005777475      
142         -122263.34563343583      
143         -121999.47023780701      
141         -120306.87946065475      
141         -119050.59875598512      
138         -114167.03688995988      
147         -126041.76834375995      
142         -118895.0252326101       
136         -109582.97073673627      
141         -114395.30155919917      
142         -117079.24445085945      
142         -115545.40490899743      
145         -122501.27558586009      
147         -127716.92172139688      
150         -132388.54289943259      
148         -129348.66741531015      
144         -122914.87554459531      
143         -121525.81824163634      
144         -122046.34185003531      
144         -122120.55878304238      
141         -117686.45912809519      
141         -117201.53419995369      
144         -122724.03545305929      
145         -125855.72461386265      
148         -130753.87811662487      
148         -129743.8531012296       
147         -128303.65056667595      
149         -132373.16984925579      
147         -130839.96925500316      
147         -130589.75102579732      
150         -134195.54015203469      
151         -138254.47153921958      
149         -132120.35716364364      
151         -134615.46045617867      
152         -138352.82901066577      
151         -135751.02319378633      
151         -135480.77827904499      
154         -141638.59522256584      
150         -135239.58353040967      
147         -129160.82755288445      
152         -135831.38842699418      
153         -136506.86490964016      
152         -134311.81129336052      
153         -135951.67994773726      
155         -138427.88611702633      
154         -138585.5647441473       
152         -136839.14279525244      
150         -134102.14067915059      
147         -129629.69860660369      
142         -124406.20384109717      
141         -123533.03481696906      
