450 1 -3880 35 35 35
149         -127667.52292171135      
150         -129403.14741536218      
150         -131907.39773832611      
152         -133635.57058386307      
153         -135868.28913464147      
150         -129499.39607773477      
151         -132070.38336329517      
151         -132724.20341706375      
147         -123170.18056389641      
147         -123219.85946978473      
146         -122194.23196243297      
146         -124123.25566872951      
149         -127146.6577902401       
144         -114640.09418369707      
145         -117438.87286986594      
146         -121020.07167506004      
144         -120158.45791265684      
145         -121222.42258824107      
146         -123098.32313196683      
142         -117718.00100435043      
142         -120243.7348963018       
142         -120779.35487352825      
144         -122078.99322429181      
145         -122288.52867232582      
146         -124894.29638775087      
147         -124237.8808947089       
141         -114760.83708748032      
142         -114459.60097819533      
144         -115674.66480523562      
146         -121087.8269632953       
144         -117313.47262086779      
146         -120293.90965030053      
143         -116734.62347419999      
138         -111098.84910338937      
143         -120207.40944094978      
142         -120165.85497061112      
145         -125058.03258364204      
146         -126730.70463558332      
149         -130678.08675389696      
146         -125184.29038689849      
150         -129642.03146759683      
150         -129412.25921675735      
152         -135968.65530999508      
153         -137454.80293427064      
158         -142578.8665828197       
156         -140455.9393116186       
154         -138855.45766242905      
154         -137793.48617575204      
150         -128931.55478045694      
145         -121269.9545952646       
140         -114299.54521518985      
144         -121512.10458045594      
147         -125931.14276516241      
150         -131963.44549333394      
148         -127053.36642997924      
149         -130063.44794814891      
151         -134213.43265707823      
153         -136402.09367579423      
153         -137400.19464671233      
154         -138440.47401303798      
151         -132427.52886700802      
150         -129553.09686394976      
150         -131410.28206894585      
147         -126255.00675015525      
146         -121815.54179852315      
149         -129045.49832386489      
149         -130184.76050580083      
150         -130288.75655863654      
151         -131956.08852539377      
150         -130060.71247698503      
150         -129902.62147132191      
149         -127947.11066314182      
149         -127294.62908198556      
149         -129989.47947325849      
149         -131846.25986020948      
149         -129740.23729553178      
147         -126792.22823300182      
145         -123757.9265907324       
142         -117742.22957582508      
145         -121998.58381227373      
147         -124689.54946183263      
149         -127703.73752817194      
149         -128913.14730383933      
145         -125504.60892211671      
146         -125554.75536270575      
145         -124066.5675601776       
143         -121927.71145515237      
144         -123140.61900017124      
141         -122695.53210923992      
145         -128443.10863525381      
146         -128462.69382196468      
144         -125465.47194782585      
144         -126532.79216127658      
145         -129166.70535890444      
149         -133918.06902811059      
151         -133352.91040572085      
152         -137124.64359042642      
144         -127715.15617677807      
144         -126810.20484521768      
144         -127150.77360286094      
150         -134254.51753757117      
