450 1 -3880 35 35 35
142         -336390.49188958725      
140         -331704.18977668474      
140         -338609.62909212697      
145         -356067.19695540692      
145         -355993.69397113472      
147         -360643.38838288677      
147         -358750.52528748044      
147         -357607.53906093026      
142         -332853.09745641379      
141         -331697.40800436563      
152         -379875.08145855053      
148         -358400.12741296424      
148         -356205.5211442674       
150         -365282.93976575549      
148         -355030.08278980886      
144         -339110.20548089239      
148         -355264.41158156784      
148         -360681.26028475282      
148         -356483.10797538213      
145         -343676.84312215226      
148         -353450.2554179799       
147         -349222.3899483704       
147         -345355.43830081401      
145         -335754.00898230833      
145         -340547.13496925996      
144         -338182.99134124437      
147         -354795.58968342585      
148         -357705.75542922993      
150         -364884.08852653462      
153         -381784.17167687742      
154         -385071.71497095044      
155         -390761.25619658933      
157         -402544.66103961103      
152         -379221.97786655981      
152         -381757.28902232583      
153         -387431.00526059611      
153         -387068.09464957792      
154         -392836.4870016998       
158         -405190.72757472662      
157         -401797.80859586637      
151         -372607.67289294658      
155         -388983.89459614782      
153         -377095.12478444795      
151         -368649.37233537756      
151         -367747.06512236554      
148         -356782.51226516301      
152         -372832.9277897806       
151         -368210.20298161125      
156         -392943.31907925545      
156         -395814.04263695935      
155         -391027.47086586663      
154         -388289.37778452679      
153         -380424.06756295438      
150         -369988.0933882494       
154         -386255.29460799595      
154         -384634.06981610396      
154         -385335.88162531267      
153         -379045.80887409078      
147         -353698.1916721249       
149         -367113.09974762797      
149         -364213.13357929036      
146         -353929.1643820203       
148         -358960.39700154227      
145         -345652.71417077794      
148         -357440.47623953491      
145         -345348.62323484238      
150         -367906.43719743827      
148         -362319.45417175279      
147         -354671.68172173505      
149         -359486.49496070575      
148         -358646.65184558171      
147         -351219.90553923766      
146         -348778.92770785093      
147         -356629.54730908759      
152         -380813.7886141967       
154         -390106.40917130077      
152         -382766.43515033246      
154         -392414.9925914848       
150         -369979.61119209556      
150         -370549.58341389318      
147         -360934.51940318919      
148         -364211.84245021106      
149         -368025.13285716623      
147         -360215.79062516079      
150         -370993.16305143631      
148         -368448.38975146518      
145         -352667.0794453689       
146         -353157.38475398539      
146         -354444.5177025036       
151         -376067.82195425476      
147         -356750.2649124203       
146         -357182.21284845495      
148         -363765.52879527642      
151         -373118.08721037622      
152         -378073.78314582427      
150         -368014.66666963708      
150         -367018.42335877585      
148         -357141.65125834418      
147         -354773.33273861953      
150         -368220.07558347157      
150         -363831.20811072853      
