450 1 -3880 35 35 35
155         -144613.58059663186      
154         -144954.40599656352      
155         -143157.68071566775      
156         -143995.90299688597      
152         -139442.86805198601      
154         -141566.16934134887      
153         -140928.19215758215      
154         -140714.57962904824      
154         -141648.3572383289       
157         -146936.32199563808      
157         -146929.12371169298      
159         -149975.98116621361      
155         -142645.53971487097      
155         -141024.88028669491      
154         -138907.39831738846      
154         -138756.97571780242      
150         -133685.41783410942      
150         -133403.53853348433      
148         -130690.00308569983      
145         -124857.18691692268      
151         -133085.50998244766      
148         -129242.04452487107      
148         -128460.13483515728      
151         -132991.22176250187      
151         -130726.94628834563      
150         -128642.88509978761      
154         -135773.66014003917      
155         -138337.37564596065      
158         -144796.82895524954      
156         -140818.63240670154      
155         -136049.33097788793      
151         -128217.83660181335      
146         -120511.51588805784      
145         -119238.14454285784      
149         -125044.50594310381      
145         -121067.4370372002       
150         -128624.76597817734      
151         -129427.05722070766      
147         -124058.57468901019      
151         -128043.60146939645      
147         -121185.64619020445      
149         -125301.05257140029      
147         -122017.39046825271      
145         -119348.59201537975      
146         -118244.71251472467      
146         -119414.29259978213      
144         -117457.30832164019      
146         -120617.02077011825      
150         -128134.06976955946      
150         -129864.21888097445      
150         -129471.23802017709      
150         -129879.43722932288      
152         -131393.14130432878      
148         -123785.05099251331      
148         -124109.4920859766       
144         -114923.01953526933      
147         -119590.58929530936      
143         -116897.41643655374      
141         -114260.90248033634      
142         -114722.73163298305      
143         -115751.75888560856      
144         -117476.08337144827      
144         -118088.36387788133      
144         -118425.67695959887      
147         -124108.8518427863       
143         -119203.55818930782      
141         -117339.64519725651      
140         -116775.77678809459      
143         -120527.2899402188       
142         -117296.52290906743      
143         -118579.89380808726      
144         -119704.6442162868       
144         -123066.07551781324      
145         -125177.11760532824      
149         -131081.35398312542      
147         -128602.65146903867      
148         -129399.79852275482      
148         -129989.75647779983      
149         -130446.08508933485      
151         -131857.17762270337      
148         -128112.88351449996      
149         -129639.27083135171      
147         -125704.2498617775       
148         -127926.09435983206      
150         -132613.91139379845      
151         -134719.99139646001      
151         -133261.83472258571      
152         -133353.34257096332      
149         -127911.67595555731      
151         -129296.00042366177      
152         -131220.46225466256      
152         -129003.38684459396      
146         -122256.50600295697      
148         -127207.93472514224      
146         -123827.36652980014      
149         -128248.95572211481      
152         -134726.90828235244      
150         -133427.9447721935       
152         -138013.05415261292      
153         -140592.13736584535      
152         -139697.63265095445      
