450 1 -3880 35 35 35
155         -391059.67168845976      
151         -370808.77212684811      
155         -389369.97843170509      
154         -387999.82800071407      
151         -375452.61477798992      
150         -374436.42066477682      
146         -366358.49295529589      
151         -381046.85513304354      
149         -368179.00648306945      
154         -385395.76880207629      
152         -377060.47996581887      
154         -384573.27627859911      
150         -369397.12594424543      
146         -354164.71938103647      
148         -365459.27028266469      
152         -378748.34040011209      
146         -351678.37376417679      
149         -366159.42759188131      
149         -367013.33220945741      
150         -370625.36057211936      
147         -357624.24533063942      
151         -377928.53656599059      
153         -385917.37711107935      
152         -384039.21487648663      
153         -387359.57149474579      
148         -367047.09295967116      
149         -367052.34951520339      
153         -388444.88773967582      
153         -387898.67479351815      
153         -388398.71462884068      
153         -385462.05501596315      
154         -392088.7511984639       
151         -381273.98781001248      
154         -395932.59655850142      
153         -389040.93220902118      
151         -381273.17459575442      
150         -376151.7754095851       
151         -381055.10830250598      
147         -365266.70206281729      
147         -359331.17025827372      
145         -351435.9010444684       
149         -368295.91020877368      
149         -367926.91379595094      
153         -384838.30208427319      
152         -382636.29286108637      
147         -358387.2788307505       
145         -348295.15317053924      
151         -370050.42239657074      
151         -367967.92212272488      
146         -349889.96891908313      
147         -354317.02658544353      
144         -346732.81846565031      
143         -339900.70960270346      
141         -333932.80065646512      
142         -331369.14866078575      
141         -328488.14995546255      
139         -323124.22733049263      
140         -327386.26506816118      
141         -331045.11439900973      
146         -352019.4342339196       
146         -348484.08084453101      
149         -361291.48954515014      
147         -350648.34098124295      
145         -342309.32375434117      
141         -322095.88256866811      
142         -325525.57176730974      
142         -325896.10228517058      
143         -334878.50578631531      
142         -333263.04709621699      
146         -352100.43107290985      
150         -365403.28459586407      
148         -359035.11209735379      
148         -361936.60822737182      
149         -367420.44471031404      
151         -372920.79671777511      
149         -360160.72966501222      
147         -353530.50805548253      
144         -340097.33593734197      
138         -309808.07567801373      
139         -310677.70293262281      
135         -297873.14394300367      
135         -301758.28702126705      
138         -313076.8835222756       
141         -321171.79192340677      
144         -338916.37375721114      
144         -342880.75360905059      
144         -342445.94402520813      
144         -342901.11871218652      
139         -325744.31303572026      
141         -330235.33274007251      
142         -330932.27686050232      
137         -312628.55348495994      
138         -317355.27516755881      
142         -330346.34122608975      
138         -315227.97535966354      
139         -322689.39115032286      
137         -314170.19304694911      
136         -304141.26361043839      
141         -320183.90124651755      
141         -324908.78054211556      
144         -332680.33145314769      
