450 1 -3880 35 35 35
146         -129355.01830273763      
145         -127755.5836428887       
148         -131525.92132493577      
151         -137367.64526119124      
151         -136443.26981612659      
153         -139249.13203168032      
151         -136654.95043698105      
148         -131031.46420971125      
149         -129418.33835239851      
147         -129134.91243499513      
146         -127628.5216925993       
145         -124542.78475181109      
144         -124682.09908845386      
146         -128954.38536154888      
145         -126667.86887109694      
141         -120809.52028219038      
141         -119243.646687888        
142         -121971.6874525225       
142         -120237.44141336148      
143         -121646.89545666627      
144         -123439.15091240859      
139         -119846.43601782071      
145         -126916.2534228435       
143         -122495.9414847288       
143         -125282.06595302402      
147         -130177.02978713268      
150         -136389.07706765487      
148         -134351.41243278084      
147         -132591.02169731646      
146         -130310.69647681752      
146         -130789.20650498553      
147         -131956.39740812249      
145         -130831.77686631896      
141         -124705.28531782101      
143         -126468.30399110123      
148         -132445.32323877548      
142         -122584.28661200577      
146         -128984.73307877187      
144         -126567.4430514913       
147         -127623.73474021618      
148         -130007.79794697298      
148         -130921.54533874561      
151         -134780.08692802046      
150         -135489.07967356246      
149         -137486.11669579064      
149         -135635.37158689109      
148         -133922.5029610857       
151         -137812.48933390478      
148         -133170.20784317254      
145         -127120.59253178128      
148         -132249.03140625113      
149         -132866.95898818321      
149         -132800.07352006165      
148         -133599.66704876604      
148         -131267.34338711674      
152         -136309.91270074385      
150         -132877.39935255624      
149         -130884.48232655576      
149         -130454.3702061502       
150         -132533.67447395856      
149         -128596.6219732131       
150         -130655.47588823817      
152         -134432.43375222009      
148         -127004.07545315933      
147         -130156.5773409668       
144         -127456.19256531559      
144         -127275.8703111178       
143         -123820.31401440466      
144         -121481.90359972765      
147         -127105.18860814012      
146         -126064.00531551125      
143         -121049.14308774381      
145         -122381.09972917197      
147         -127197.15133916745      
142         -120599.41803217542      
140         -119737.51227936304      
137         -115202.72076308051      
137         -112386.24216115083      
138         -116156.58952421491      
145         -126260.85921597168      
143         -125699.02626345938      
145         -124842.87630461308      
145         -127578.94526373681      
147         -131225.88648512796      
149         -133621.76246062797      
152         -140318.25598348616      
152         -140811.73952195022      
152         -140695.89573978403      
153         -142282.67765584812      
150         -138031.65698825935      
149         -135932.91416686759      
151         -139579.69864768293      
153         -143452.15185532533      
151         -138324.15304872161      
151         -138585.91305188206      
151         -138671.30692189682      
150         -134555.07407423199      
152         -135281.94207015904      
153         -138044.01063140848      
150         -133885.5218419352       
152         -137334.13976548793      
