450 1 -3880 35 35 35
140         -318700.58095786534      
143         -326927.60435662267      
144         -334615.87646849413      
143         -329856.51269802282      
141         -319596.82182350021      
141         -324797.69884841854      
141         -324002.89727781713      
144         -335429.42827305698      
142         -328052.07428430836      
145         -344700.89277579996      
146         -351942.38773567294      
147         -353012.45248267683      
147         -351832.81668451685      
147         -353535.15552115277      
144         -345263.01689536741      
146         -354672.69871210604      
148         -361418.18578374118      
145         -348694.44809163903      
145         -348568.69779799599      
142         -334444.74915193679      
145         -344146.22636523639      
146         -351638.58951198927      
150         -368135.08843961242      
148         -360346.12201878848      
149         -366202.60626211134      
148         -359084.94074728875      
150         -368093.48497739993      
148         -360244.91224129254      
150         -368436.46076417505      
151         -368969.50088868447      
154         -378983.82797980221      
150         -360955.54529684543      
148         -354187.61571344489      
149         -361065.55610926927      
149         -363433.75098656013      
148         -360256.54294088215      
146         -356166.34301000921      
148         -361193.08541551814      
151         -374521.51065522421      
150         -371045.3156954397       
152         -378705.1802551666       
153         -383493.18741383654      
152         -377930.42899442924      
148         -366216.18928546098      
151         -374697.06432753935      
147         -358601.82705800177      
150         -373839.82806116913      
150         -368284.4337066242       
149         -362779.54883624014      
147         -354954.0870673341       
147         -359106.76973250892      
151         -375404.18491003657      
151         -374397.31564899936      
151         -372244.32994778751      
154         -387912.37311126076      
149         -370297.45975765726      
148         -365559.04321543721      
148         -370814.11751189025      
149         -375693.95793777856      
149         -373826.23755710758      
153         -392054.32522234845      
156         -405767.87163798523      
156         -406793.77823991003      
155         -399614.80191304185      
153         -392183.98755960073      
155         -398809.1838188587       
153         -388281.78293508396      
153         -384045.34636648605      
154         -388200.9651145477       
152         -379974.69613124256      
151         -377990.467165015        
149         -368818.37454771355      
152         -382352.84221065225      
149         -374839.33707052696      
152         -384822.45870411285      
152         -383732.7684757628       
153         -387958.09737216891      
151         -380955.99089683156      
150         -377833.34677828383      
145         -353705.46513340925      
150         -370081.81918328983      
151         -375632.86596214678      
149         -365016.64498700504      
144         -346778.46729460673      
151         -375047.81386270735      
151         -376134.43633403914      
151         -376650.4293250328       
152         -382790.33212929429      
150         -372070.65968716913      
152         -378891.84989207244      
148         -366931.12108307367      
151         -375103.00562679867      
151         -375024.85441250313      
152         -381984.53106762731      
152         -379940.62053715385      
151         -378298.25927300076      
152         -381434.0337271071       
149         -368998.4869138822       
148         -363505.48121064669      
147         -358612.1447848361       
147         -363761.52390731708      
