450 1 -3880 35 35 35
135         -106009.8849454841       
137         -107867.21016865422      
141         -114046.57825240742      
139         -111529.13511230625      
142         -117532.22986308142      
142         -117040.18719061185      
138         -111783.53625582001      
138         -112848.17728030396      
138         -114474.71583939006      
142         -118737.32750130905      
142         -117916.44623033138      
144         -120061.52465688325      
147         -124194.04143784256      
149         -128543.4322404253       
148         -129538.26306810672      
143         -121662.94815630092      
136         -110531.07081121297      
146         -126253.94219801476      
143         -121503.2469400758       
143         -120955.54192158797      
136         -111801.58038859806      
145         -121025.48999259254      
151         -133527.68740027081      
148         -129142.635129367        
152         -135491.11089499205      
150         -131703.49504301787      
149         -130369.85794324047      
152         -134950.59312006293      
151         -131666.27017458068      
153         -134326.53840857767      
155         -137070.09462901411      
158         -140763.91092313957      
159         -141275.5594407694       
160         -144260.46664037075      
159         -144112.49125779863      
158         -141948.83676869379      
159         -144580.64481905819      
153         -135986.93887022411      
151         -134000.82559151374      
154         -141646.16880199849      
155         -142514.45296195504      
155         -142921.24895982721      
156         -143046.20014348696      
157         -144626.13458627113      
154         -139665.39439288265      
154         -138323.81161482204      
155         -139267.43221307712      
153         -136390.34212248685      
152         -134975.54907120738      
153         -135891.08036033303      
148         -128358.05635529163      
149         -129046.36099216601      
145         -124313.2407730016       
148         -128145.11125215955      
145         -124446.00677473871      
147         -127244.36241595904      
148         -129653.27142574439      
150         -133173.10793550572      
147         -127929.90505214583      
145         -125217.89735533837      
146         -127098.48487539651      
147         -128859.56374382607      
147         -127061.07348498603      
144         -124976.64024899591      
142         -121557.88089572091      
144         -123759.93855191878      
144         -125312.3835311485       
146         -127981.51982892262      
145         -124731.82599128032      
147         -127305.69762370072      
151         -133248.7631021266       
150         -130795.34921597989      
151         -132954.32598473044      
149         -129493.63176217793      
146         -123179.41535072494      
146         -123970.53813882417      
147         -124017.40019789175      
151         -129100.22691679567      
152         -133215.33037524746      
150         -130983.02231606923      
153         -136966.85520422948      
152         -136140.53195609181      
147         -128943.81360976541      
147         -127664.06129718792      
147         -126679.19543742848      
144         -122392.24606573069      
144         -120532.20827793695      
141         -114838.31395015835      
140         -112608.03189511564      
139         -111830.64586902814      
135         -106308.53928450217      
137         -109316.31357368513      
139         -110258.39593742372      
144         -118086.43099063486      
144         -117078.22391456642      
147         -123096.27924062437      
141         -116425.16496881304      
140         -113213.27185441194      
141         -113308.58335687596      
143         -114185.89108927958      
136         -104773.56158332567      
