450 1 -3880 35 35 35
151         -373082.01461064018      
146         -357994.36098938488      
146         -357439.94465622533      
149         -374521.62831847003      
150         -381483.95745182107      
152         -388164.57410189084      
151         -384640.70748336095      
151         -385003.25720202259      
148         -372471.52830634429      
150         -379312.32216918934      
151         -384214.37127041543      
152         -388212.61196696485      
151         -388487.57820656273      
152         -390323.71624027425      
154         -399381.6359259974       
154         -398765.43856119679      
157         -413392.01552041015      
157         -414824.04996717459      
160         -425973.70859819377      
159         -420116.52505653794      
161         -429971.42436094687      
160         -425317.10641591047      
160         -424935.70757992321      
163         -437948.68309038045      
162         -434201.60829366144      
160         -424485.01429694745      
161         -427185.05353995715      
161         -430362.62854327087      
161         -430730.10447638202      
160         -426801.39285129402      
161         -425705.82973407366      
158         -416002.0812490877       
160         -424379.86487760366      
160         -422387.15457595245      
157         -405736.22491971566      
155         -398938.33531104459      
151         -386677.21675795614      
152         -390820.35863458755      
151         -384491.44719034323      
155         -397717.38387024152      
153         -386659.81691236293      
151         -377602.22735446732      
147         -358568.74097806599      
144         -348735.85292197979      
139         -327592.81363747834      
143         -345216.40010785213      
148         -365101.69750459184      
145         -352154.61959826795      
149         -369272.40099780296      
147         -358527.80884585547      
146         -355037.07942996267      
147         -355539.89610315033      
147         -358518.82576063846      
149         -364963.93730737251      
151         -377195.3948977894       
151         -377144.65765758516      
151         -374507.81742837519      
147         -355096.75162109995      
150         -368516.88826373976      
147         -359295.13267928141      
148         -364174.74382507533      
148         -363119.27352664433      
149         -369684.46197008895      
150         -371628.1691042576       
149         -368184.9588062957       
148         -365312.14717737958      
148         -363121.47567933786      
148         -361616.73012730363      
150         -371224.47718123067      
150         -367532.03352459433      
150         -368292.24919620145      
151         -380379.41617131041      
153         -390486.89351572213      
154         -393787.07176243095      
154         -394425.16140992218      
156         -405080.43828355696      
156         -400905.35085426376      
154         -394471.26939423499      
154         -394499.44082282018      
157         -408340.67332996428      
157         -407489.90272620885      
158         -413990.63481718476      
155         -399014.26653464255      
154         -396833.09167763533      
158         -412284.54842398223      
160         -416043.64723866683      
160         -415235.76714545634      
157         -402780.27488754637      
157         -407563.69655851781      
156         -405267.98591895838      
154         -392538.09750947298      
148         -367895.53288187052      
147         -362732.38149893045      
151         -381805.30428714497      
151         -382050.73832417879      
152         -386024.71764115669      
153         -391541.14763768343      
152         -392132.63027395686      
153         -400133.15232576057      
156         -411937.98512721865      
157         -415740.8268139321       
