450 1 -3880 35 35 35
146         -342864.55571678677      
147         -348645.8615677167       
151         -364952.37768268521      
150         -359677.38999173109      
149         -356305.19283353392      
147         -349003.75722653785      
151         -369619.26840522065      
151         -368443.09611659113      
152         -370309.18811206875      
146         -347246.10543656553      
147         -350931.16545620188      
146         -350077.79228572093      
146         -346924.12279252644      
146         -344756.35407425067      
143         -337750.27549389843      
141         -326231.09158411494      
141         -327277.64028581302      
146         -345198.79781130486      
146         -349456.29114054289      
149         -364887.62887082685      
151         -373821.94621576287      
150         -367832.11134270468      
148         -360110.64538493869      
141         -328501.17912742018      
143         -340718.84229414846      
144         -349198.02529886417      
143         -340690.35447342193      
145         -343238.01794512908      
148         -358767.95753709786      
146         -351043.39147464791      
146         -352515.69787889213      
146         -353984.28105883143      
146         -352627.69498733571      
144         -347426.52998712868      
145         -345418.19400547992      
148         -357199.88237450266      
146         -351213.79652814643      
140         -328158.57296806888      
143         -335542.06480822794      
149         -360248.58120855119      
146         -349851.50367145863      
149         -358022.42867551843      
148         -357384.09797352419      
148         -360188.51093752054      
149         -365939.94668720727      
149         -370042.90371846163      
146         -358261.14790108457      
148         -363312.96678872115      
149         -371300.92955287552      
150         -376725.07505908865      
144         -356265.97621714207      
149         -376234.90647696098      
148         -369735.90437173424      
145         -355547.72686687333      
146         -356344.74412542634      
145         -355199.42284597352      
146         -360782.02055278426      
145         -352714.37264846812      
147         -362049.05731378123      
151         -379053.61920261028      
150         -376398.18484685128      
151         -383853.17747622862      
155         -404126.1654894019       
153         -392659.58816932829      
152         -384500.30730798416      
151         -378270.36695783847      
152         -384282.7347041177       
152         -382953.7635397155       
151         -376193.05793128163      
152         -381205.30708232318      
151         -375499.17061084142      
148         -360982.24907466304      
148         -362700.94462462078      
151         -373119.00605639367      
149         -361179.64406988875      
149         -364250.54041406303      
148         -361210.12513247703      
146         -350494.916291225        
149         -366267.13112058019      
149         -368860.12001072761      
147         -357395.17737325304      
149         -361406.64867567649      
149         -361466.98899667297      
150         -368008.11997814727      
149         -362153.29637885437      
146         -354375.90106626629      
147         -359658.81905131717      
150         -370454.16327732772      
151         -374812.17181371938      
152         -379171.58488092956      
151         -376427.4593498357       
148         -362729.64873388887      
145         -350579.80573963845      
145         -350897.88916981826      
148         -364246.36096724856      
147         -361378.97870198922      
148         -361666.14174994617      
153         -382976.72683699219      
149         -365943.56795520167      
152         -377676.70623071335      
149         -364528.85050363833      
