450 1 -3880 35 35 35
155         -65042.999147221359      
154         -63290.216711603134      
152         -62178.150357783437      
154         -63650.90916431119       
153         -64397.666437881286      
149         -61385.548480475205      
147         -55965.143970810801      
148         -56422.878168250019      
144         -55823.625469685314      
145         -57487.465339083035      
147         -59199.544634585814      
150         -61924.037710412609      
150         -60927.458324675405      
149         -60369.074534182291      
145         -57989.708037738936      
143         -56019.660650221143      
146         -59198.125844097063      
145         -56741.790942467254      
144         -55121.027435347976      
150         -59295.76251518834       
151         -59837.106662794962      
152         -61877.285604364108      
151         -60814.421604751667      
151         -61589.391669404577      
153         -63313.57931092997       
154         -63621.30396734539       
150         -61093.376442968656      
149         -62414.350301362108      
152         -64250.278204910588      
151         -63702.207968105635      
152         -64592.547977175425      
153         -62855.418158165543      
157         -65903.189538134713      
156         -67282.560428119381      
155         -65128.456103903874      
155         -66032.008991964802      
154         -65926.083341419697      
157         -68062.632264525979      
157         -69223.607006213759      
158         -68560.116542533142      
159         -69438.921194631344      
156         -66976.247056720924      
157         -67390.270973798601      
158         -68634.957832320084      
155         -65104.126081254632      
155         -66937.973952706525      
153         -65385.824820800408      
154         -66134.092039986746      
160         -69116.000099968398      
159         -69588.13001562297       
161         -70341.013816435632      
159         -69762.481194376596      
155         -68038.546270251361      
159         -71596.089192362575      
159         -71685.124220490106      
156         -69787.179282963116      
153         -68604.469941056363      
151         -64537.473982196883      
153         -64176.513085246319      
158         -68123.620356972606      
160         -70761.653356333627      
161         -69727.437439845409      
159         -68373.342536229786      
158         -67110.267164688543      
154         -64286.941764269432      
154         -64176.222608024444      
156         -64706.566815491198      
155         -65972.556977515516      
154         -64988.862549316822      
156         -68659.413506044177      
154         -66304.672431716899      
151         -62955.97300093346       
152         -63297.857124651404      
154         -65043.21252418439       
152         -64571.712578014791      
150         -62898.798261730401      
150         -63642.72083137797       
152         -65224.22827981833       
148         -61777.64647259919       
146         -60832.821567840736      
151         -62891.401490112999      
146         -59741.230114593382      
150         -61842.592999787448      
150         -60375.789849222965      
149         -59512.636195196996      
148         -58004.1473542268        
146         -56074.136903082552      
147         -58871.335336496595      
153         -62692.437547563924      
150         -62335.496607817717      
151         -64550.202881514939      
148         -61702.491784680555      
147         -61022.287899500356      
146         -59917.789695672887      
147         -60088.328315408849      
148         -60822.436404233646      
151         -63602.718921340784      
153         -63566.416839285084      
156         -65368.803752727523      
155         -62828.369889421127      
157         -65362.224350003198      
