450 1 -3880 35 35 35
158         -410580.15632536454      
159         -416804.60233709845      
157         -411124.36377967725      
157         -409513.3438778969       
154         -395784.30866929621      
154         -396541.72942025092      
154         -396942.8863436486       
157         -408350.79038442922      
155         -400295.74847365962      
155         -402591.59659485595      
153         -393982.87884497154      
156         -407798.72982799518      
154         -398114.2594205818       
152         -390206.91163998522      
152         -385699.70939730236      
151         -379109.88242830947      
153         -387309.57521028689      
154         -395876.62404081417      
156         -403181.67541208025      
157         -407485.10438009031      
157         -408451.70547921536      
154         -397047.15662036225      
150         -378546.0610605476       
148         -368108.1269412986       
146         -359624.02079555817      
148         -368471.18837148615      
146         -358331.99311192619      
147         -363591.98884449829      
149         -373965.19035283633      
155         -392698.92677424371      
157         -403886.83581340662      
152         -377142.32808928518      
152         -374334.44299290219      
148         -359898.46329351666      
145         -345281.15765389509      
144         -350695.62805489264      
148         -369814.5620400568       
150         -379208.9849022181       
151         -381983.0062583278       
150         -371025.31269246642      
147         -354460.739606463        
149         -363109.75068737514      
147         -352580.91261889762      
148         -354419.61793397553      
145         -346205.09952228458      
146         -349546.60639361752      
145         -349794.43428833527      
148         -363404.65660979389      
146         -357380.73888473533      
151         -377052.15170304693      
151         -377702.92974558327      
149         -372656.74214786751      
151         -383388.31919105473      
153         -392847.86702404718      
155         -403177.67481390439      
151         -381133.1723705139       
153         -388488.78114601341      
154         -395682.08140745573      
155         -400966.85412052012      
156         -399259.87755865045      
153         -388102.83761897392      
150         -379096.89468414121      
152         -389784.59337408026      
155         -402176.44646925363      
152         -387896.71936879226      
152         -389800.51404434827      
152         -388345.73998910806      
153         -394394.34471766185      
152         -391345.20615188917      
152         -391877.45255794091      
152         -390482.16471837577      
154         -396930.96792869252      
148         -367696.94728697231      
146         -360802.67273232649      
147         -361316.75140404468      
146         -360008.70362201385      
145         -353997.48439265613      
149         -371422.64721648477      
154         -392414.24302014057      
152         -381220.87151019671      
151         -373873.96901337017      
152         -381175.00458077469      
154         -388203.49371819926      
157         -402634.35995122272      
159         -413028.78859479754      
159         -412198.60826540098      
159         -412959.08769263589      
160         -418054.25029548642      
155         -397855.62763981038      
158         -404638.58072151797      
158         -411209.65854592231      
157         -410639.68650894065      
157         -413234.94143873773      
157         -411303.05058381596      
155         -400089.40378938353      
153         -393156.29017463152      
153         -391088.91700661578      
152         -382780.42694366211      
153         -386950.36703314749      
151         -376751.53369904886      
150         -373665.24580477166      
