450 1 -3880 35 35 35
143         -342626.41602862818      
143         -339062.12661310489      
142         -339477.51005291881      
140         -328990.74040424568      
144         -344909.37654205936      
143         -343467.73552877968      
143         -347486.45321975561      
144         -348500.42624704388      
143         -343879.75632895046      
143         -343911.86257265875      
150         -370772.78359773115      
147         -357084.45601998421      
149         -368743.4683316538       
147         -357343.68730629282      
146         -348178.2547390429       
146         -352742.11957029399      
145         -345283.0524946886       
141         -331342.15000819741      
143         -337053.67964482348      
142         -337078.52452873939      
146         -351167.76663934585      
144         -343013.14268056175      
148         -362296.04456471873      
150         -372843.51462751738      
154         -391147.01937719592      
153         -383896.62645460491      
151         -374351.05939391901      
153         -381085.07813951408      
145         -349322.83751878084      
150         -373899.70743022917      
151         -377320.23967043479      
154         -387905.33204462565      
153         -384813.45356195047      
151         -378247.71243895154      
151         -377512.48226618476      
150         -375367.29725589487      
152         -383229.12184067006      
156         -401186.34856638254      
154         -396490.51411873905      
157         -408598.59704876173      
154         -398642.60823636939      
154         -394800.91821167746      
154         -394484.19430596044      
154         -395821.0842701933       
161         -428187.12495436141      
159         -418558.09863495064      
163         -437183.99451339839      
162         -433148.42528064683      
161         -427418.78681035776      
156         -402147.76277288049      
153         -382808.95098936744      
153         -386464.30004145525      
151         -377444.11167113879      
151         -372770.55777290132      
145         -351196.53462883271      
146         -350396.04154883482      
146         -355276.92618056963      
139         -327951.12661564734      
141         -332496.14411780727      
147         -356759.09376153396      
151         -377125.03940316761      
152         -381659.10911419417      
154         -393724.37826040684      
154         -400277.42445156263      
156         -405277.2078287038       
157         -411374.03425344103      
158         -415100.65296211641      
160         -422036.62771331915      
159         -418349.30379634612      
161         -426677.11350748851      
160         -424573.87646400242      
164         -445407.00976456533      
164         -445744.44708423811      
164         -445219.29348114546      
164         -446615.29540453933      
162         -438814.15528904513      
157         -409485.73146796681      
153         -397987.01000696572      
154         -397919.84706732753      
155         -399671.58762729354      
152         -392541.03092696425      
152         -389873.54728688288      
152         -391605.70053051302      
153         -388954.7305343292       
153         -388040.69429680717      
150         -374376.44489222154      
147         -359988.10559409263      
148         -367086.61526114692      
147         -363418.94974083523      
147         -363515.02842820832      
146         -358852.50551715068      
146         -358821.45856909058      
149         -367036.26906424481      
149         -365490.82710743631      
148         -363125.44201272505      
149         -365309.26895976748      
149         -365753.57138183672      
148         -361234.17662901833      
150         -371409.1473474619       
146         -356076.60026436031      
142         -337581.57150734367      
