450 1 -3880 35 35 35
150         -60063.454910332723      
148         -59186.826099076767      
155         -62118.334101438428      
149         -58618.784388870044      
149         -60198.832331485224      
151         -61655.390600892519      
153         -61331.64796837834       
151         -60269.325969876612      
151         -60614.344313864618      
153         -62473.461893956861      
151         -61281.520854581329      
150         -59876.869899223275      
152         -60718.851967731724      
151         -60740.100602599072      
151         -61112.801164331409      
145         -58040.656798790718      
152         -62418.099645699891      
149         -60773.598423038718      
152         -61402.615599596109      
150         -59746.679135234874      
151         -61619.490479867753      
155         -65529.512824842626      
156         -66766.817547012586      
155         -64577.220927824128      
157         -66871.493744810548      
153         -63962.921576388922      
152         -65676.082038180568      
151         -63653.623916327844      
152         -62240.070496564134      
153         -63672.244798895379      
149         -60910.414026298931      
150         -61879.704515669298      
148         -60715.440807102983      
149         -60518.805192738255      
147         -61698.237954096126      
141         -58147.009562580897      
144         -58834.8556026839        
143         -55885.480661179419      
146         -58763.084453835501      
149         -62274.951252977793      
150         -62535.119257744234      
146         -57991.415897462488      
151         -59000.870659184984      
147         -61245.912937250549      
153         -63251.388758065106      
153         -61384.237217739486      
152         -62016.741809754254      
155         -63800.689857056605      
151         -61670.123898782047      
151         -59638.867059981858      
150         -61205.614951731775      
151         -60825.752867794734      
150         -59743.259663146186      
150         -60493.529732271469      
151         -61392.978194300194      
155         -64800.412711023244      
152         -63168.934930372976      
149         -61029.575502325089      
151         -63248.798569905011      
149         -60467.248646081782      
150         -62547.261753189545      
150         -63529.439692643624      
153         -61640.220991643626      
155         -66934.832869813414      
149         -63642.253116636573      
148         -61073.752319050465      
151         -62246.955745517604      
154         -65953.032469556449      
152         -64619.124993701189      
150         -63556.130156198858      
152         -65033.438443256789      
153         -66127.625903738255      
158         -67251.42649261262       
157         -68446.12495973894       
154         -64916.67758315726       
155         -64361.764447878864      
158         -65203.19395769282       
157         -61749.13906619489       
156         -62875.794679240273      
154         -64028.753421260117      
155         -64743.209960658642      
151         -61054.864268015044      
150         -61800.230716985468      
151         -62333.093775985712      
152         -62469.11115472643       
151         -59412.592405073039      
153         -63019.994830128955      
154         -62260.006879314584      
154         -62332.570304968969      
155         -64347.168885720246      
149         -61043.711756810539      
148         -58246.475437232104      
150         -57552.336538825199      
153         -59076.704269057998      
153         -58765.910852764704      
154         -60460.177548900989      
149         -56654.068491416481      
153         -60775.821480062383      
151         -59837.417696916709      
150         -56265.42580809864       
145         -54594.661272899793      
