450 1 -3880 35 35 35
157         -149061.83337844515      
157         -147835.2915493621       
157         -148157.83752510976      
157         -149381.13403325883      
159         -152949.9225789546       
158         -150903.09951779866      
157         -149398.20948507643      
160         -153632.28395912226      
160         -153742.66423944692      
159         -152485.8599563867       
155         -145473.35443916725      
159         -152189.35244492654      
160         -155576.48873529179      
160         -156545.67279684427      
160         -158097.62324055881      
163         -162362.01216229491      
161         -158014.19279017343      
159         -155170.43496769268      
163         -160072.54067605152      
160         -153576.2143479946       
160         -153839.06400323036      
160         -154158.22047791118      
161         -154835.8468507083       
163         -159010.44587319499      
164         -160203.29011250599      
165         -162633.95285035516      
163         -161166.06440686068      
162         -157768.3485066875       
168         -168774.08565430742      
165         -162543.40741797123      
163         -160232.33234245738      
162         -159546.06620849244      
162         -160289.93103775318      
162         -161234.98859763806      
161         -158043.9707206563       
159         -154245.20028565775      
160         -154506.23375324137      
159         -153545.4828658436       
159         -153904.62023831837      
158         -152180.92175846532      
157         -150578.31990612837      
156         -148375.413394704        
160         -152732.71258257446      
159         -151823.18678042621      
158         -151211.4250962589       
157         -148297.93728448256      
157         -148969.44389245668      
158         -151178.43942222075      
156         -147309.02669387381      
157         -147785.26641698016      
154         -143282.93877162179      
155         -142380.22655533825      
156         -142720.05726886293      
155         -140374.84571860824      
155         -141924.86131099283      
153         -138358.48968353216      
155         -144258.24543974132      
154         -141690.92518537931      
151         -137793.95321119556      
152         -139743.46622737715      
154         -142319.27559762553      
155         -144008.33913943553      
159         -151312.20267758999      
156         -147452.0889844824       
157         -151321.84213605541      
161         -157933.34361721727      
159         -156109.46938877532      
162         -161112.38947368611      
160         -155728.15821600743      
164         -161698.46000254611      
161         -154551.27117011321      
158         -152233.06858574669      
157         -151604.20937273404      
160         -156224.303805473        
160         -154781.86995464962      
160         -154685.05501734314      
162         -156492.23482545291      
161         -153113.34178125087      
161         -153377.51116126578      
164         -160768.6132740629       
161         -153853.53358777924      
162         -155239.82550646862      
163         -158531.99866854155      
161         -153680.65792737453      
160         -151937.85194729289      
157         -146514.60736511866      
156         -145737.14836380497      
155         -143006.0645526491       
157         -147259.77092629616      
157         -149666.33135318887      
158         -150659.74578283489      
157         -146822.66447807066      
156         -145640.74111981946      
155         -144092.12156295325      
156         -142397.86612433221      
159         -147108.46814869522      
156         -145437.79739297766      
156         -142933.65756871775      
154         -141641.98833879977      
156         -144803.93466484747      
159         -148866.50350010084      
