450 1 -3880 35 35 35
155         -406625.4034634144       
156         -412254.13633639313      
154         -399820.82451887918      
156         -409518.2773677347       
158         -420239.78367885272      
159         -422743.54007830407      
157         -413020.71500198153      
159         -425006.40948819986      
155         -408335.90666705626      
158         -420197.48054652545      
160         -428020.28383528622      
155         -404312.62453102344      
158         -417786.98816160916      
159         -421000.93987671711      
159         -421823.69590326713      
159         -419847.40784391813      
161         -430696.60774233204      
161         -430125.82216625509      
158         -414570.41848294332      
162         -432002.78001123067      
162         -432021.47955341352      
160         -423654.86444953561      
159         -419886.12900161016      
160         -418751.51440326759      
160         -421315.18963467301      
160         -422877.14412842441      
159         -415650.59608611843      
159         -415268.59790144447      
158         -413261.48637796834      
159         -419889.49004059384      
160         -424033.10268459312      
156         -404672.07288382051      
157         -408033.85896530887      
154         -393541.34964963642      
156         -404219.02395743935      
155         -395021.62328543561      
153         -386148.03030184552      
153         -386544.76978272444      
149         -370193.59617066034      
150         -374813.07931360166      
154         -389733.39194251178      
151         -377650.32655517926      
149         -368675.25213049084      
149         -369677.5354144689       
151         -380231.09120891627      
153         -389300.14577715658      
153         -390600.12329870265      
152         -386109.5374588414       
154         -393874.41468034638      
148         -364489.71609182598      
145         -352878.01162452862      
147         -357845.34418007825      
145         -344671.89989103639      
143         -336503.81531235983      
145         -343319.79065781378      
143         -335748.06216643169      
143         -337684.65338778147      
138         -309054.6495226858       
133         -290213.29114688898      
132         -291214.76647722314      
138         -310129.21744913619      
142         -327303.49823783315      
148         -354928.19143054937      
149         -358032.85961087927      
150         -362722.56986656779      
148         -353178.12182527856      
146         -343681.1777686688       
143         -332506.642345484        
141         -324157.74295502389      
144         -338408.69163909287      
140         -320335.68746015086      
144         -338745.4537966444       
145         -344642.41931376897      
138         -319863.90542092558      
138         -320575.99744877795      
136         -313417.35480758327      
143         -331320.61930402974      
142         -331946.58017456287      
144         -340744.07830868638      
144         -344971.25943778141      
147         -355170.30627743131      
146         -352437.79150640097      
146         -351020.75679946208      
147         -353297.15535693592      
150         -370527.42216949537      
149         -363290.72799619223      
145         -346661.68282197602      
147         -355280.52751084993      
145         -342718.52693380276      
146         -346806.8906826328       
148         -357432.90541692695      
147         -352050.64943251386      
145         -342671.85149071692      
146         -348879.76688927814      
149         -360974.04825356131      
144         -344434.41607565124      
144         -347663.97518580384      
146         -353506.42620867683      
146         -353346.46548674564      
147         -357142.47256323625      
143         -341092.49459147057      
