450 1 -3880 35 35 35
149         -54969.053561593086      
148         -54478.594381053023      
148         -54820.37225070611       
147         -54839.268858515679      
148         -56029.426902785657      
148         -55105.214307607923      
150         -55251.320692518122      
148         -56406.546382460205      
150         -56409.117724214819      
146         -56348.132272363895      
146         -55391.100670587643      
144         -54577.100117681061      
147         -54537.192070924684      
149         -57237.214961331651      
146         -55929.366014066261      
149         -57002.298982629385      
150         -60767.58506162167       
149         -58492.772079970026      
148         -59710.925412026489      
145         -57092.269590378928      
143         -56074.171183284692      
147         -59642.80895660213       
144         -58164.044059819971      
145         -58071.745979259198      
151         -59476.777261606439      
149         -57992.970155656418      
144         -55619.289797218305      
144         -56204.767218300585      
142         -57661.43771388859       
143         -57210.339817020184      
141         -55602.838570423657      
141         -54416.768471486583      
142         -53280.90739905696       
146         -54512.84888315454       
147         -55113.950405405216      
149         -56433.810891278692      
146         -54879.605799916812      
143         -51818.135107403417      
145         -53741.014261393531      
144         -55363.882834758413      
141         -52474.080996461213      
140         -53011.890032932031      
145         -57472.947229115285      
142         -56058.493922912749      
143         -55085.780167474091      
148         -57660.709043551884      
144         -56308.610480051349      
150         -61559.950741449305      
141         -52132.71719454816       
140         -50206.750763048592      
133         -47842.967104920135      
139         -51388.567555689806      
136         -52283.357643977564      
138         -51717.172934072492      
137         -51776.904867271121      
136         -50602.961217305936      
133         -48470.259532551689      
139         -51937.222033632606      
133         -48577.306503726875      
141         -54585.941761271657      
143         -56162.025734340772      
142         -54928.022198802617      
142         -56160.80104303253       
142         -56193.452004888466      
143         -58144.150280805436      
142         -58006.381370474483      
146         -58508.613833558236      
146         -59611.209935551582      
145         -57335.394383534978      
144         -55135.471396636356      
143         -52922.008303740658      
144         -52977.312167168471      
145         -56991.150505816404      
147         -58493.156944807248      
148         -58627.380384856748      
148         -60696.39824633953       
146         -59784.04908141739       
150         -60626.296380579435      
142         -52771.853824383361      
149         -56209.814306145585      
146         -58337.133365861417      
148         -58962.815685670859      
147         -58090.131192634326      
150         -61694.723498481559      
152         -63203.249707229726      
149         -62977.57203719188       
148         -61520.468034246922      
150         -60737.344127774188      
146         -58755.576594705955      
147         -58254.385534739726      
146         -56585.881187308085      
144         -58084.709481342012      
146         -59460.55856940068       
143         -57874.962798876484      
147         -58686.88486288015       
146         -58279.641119770262      
144         -57901.041856861477      
148         -57998.777433263072      
142         -55060.743145442568      
143         -54376.62436578561       
143         -55379.543766866715      
