450 1 -3880 35 35 35
157         -412311.1861108655       
157         -412543.09437947039      
157         -411987.91476436186      
157         -414471.69692981383      
159         -423158.99007227132      
158         -418918.72103174654      
157         -412065.82458302326      
160         -427273.64394335635      
160         -426943.86655390065      
159         -424657.3016354061       
155         -404666.60899187095      
159         -422767.46124658571      
160         -429431.13287352282      
160         -429927.43848523707      
160         -433209.92029327038      
163         -445372.96970014251      
161         -436270.4194757329       
159         -429323.87768638844      
163         -444913.82100074296      
160         -428548.91350695625      
160         -430859.56440337212      
160         -431041.66564246733      
161         -436561.23442783067      
163         -444655.4073100689       
164         -449889.03150487517      
165         -454370.28303783649      
163         -444838.49918066099      
162         -438247.13815298601      
168         -468051.15641316999      
165         -452106.88710003137      
163         -444176.61822013994      
162         -440876.84268385061      
162         -442950.5054896478       
162         -445300.668324603        
161         -437692.54377495468      
159         -426577.22092454252      
160         -428798.3266821939       
159         -422357.35055066855      
159         -421144.45770068199      
158         -418514.89940747665      
157         -409405.88659510436      
156         -404566.40444860677      
160         -421596.66014258063      
159         -417951.1774025911       
158         -413802.79237756162      
157         -410228.82178704068      
157         -411863.79275525222      
158         -417421.57151732908      
156         -406836.76989526581      
157         -415150.3215594503       
154         -400438.90705581725      
155         -399055.68012478453      
156         -400201.32812074479      
155         -394947.05961361108      
155         -396463.70508598606      
153         -386299.44607836439      
155         -398806.83493376203      
154         -393636.04584011051      
151         -384549.52188703016      
152         -389617.4766556375       
154         -398690.09085799387      
155         -402494.7475591338       
159         -424972.75632727088      
156         -413073.28688158409      
157         -414127.1391285868       
161         -429595.46654113225      
159         -427398.21832896478      
162         -441454.67461392464      
160         -430388.70984746848      
164         -448202.90137677325      
161         -432973.06371028197      
158         -420249.0741931377       
157         -418108.27025231358      
160         -426394.93506042479      
160         -427055.76020165044      
160         -425790.73273085291      
162         -430535.15458470467      
161         -426724.8528007649       
161         -428005.03560312488      
164         -441891.40276911389      
161         -422009.66769250773      
162         -430062.54432103696      
163         -431815.88881127664      
161         -419704.2446300374       
160         -417457.5247699403       
157         -403761.46141186159      
156         -400994.4686405746       
155         -396465.42396051867      
157         -410659.57856336248      
157         -412616.25050959963      
158         -412272.34384969092      
157         -406838.48433428549      
156         -403340.40929137997      
155         -400312.24194075842      
156         -397080.14951979939      
159         -409923.33205923252      
156         -401846.33936349617      
156         -401497.33932708227      
154         -397100.97291748546      
156         -404550.85221837705      
159         -417300.59503451071      
