450 1 -3880 35 35 35
160         -428633.48956824892      
160         -431443.6570957714       
161         -433657.88400442852      
162         -436559.50614655775      
161         -429750.19257353467      
161         -429399.05263865367      
163         -437629.81821191474      
163         -436858.24469975388      
166         -451049.05150802917      
165         -448671.82683161029      
161         -430730.44841363933      
159         -420200.07670828979      
155         -402504.70353116462      
152         -391338.31128277566      
154         -401752.45857117634      
156         -409531.62804694101      
154         -400549.19021325168      
153         -395646.16472772841      
156         -408487.40606190229      
160         -429046.5276881149       
158         -418661.55577841564      
156         -410986.37189464795      
153         -393644.29752849997      
152         -388544.49737841223      
150         -378908.47660224268      
150         -377186.96715854458      
152         -385508.02505708096      
152         -380005.61590870074      
151         -376997.88557657372      
154         -388736.04868559155      
155         -391084.52857279498      
152         -381379.5393759408       
152         -377323.99781374715      
154         -384470.43938771979      
153         -379837.01526636857      
154         -388935.23377500748      
156         -398629.43343545718      
156         -398934.12481210288      
153         -387024.41285859159      
155         -397449.7266784524       
154         -390260.76907932194      
154         -389005.76939463202      
152         -376882.44681855367      
153         -385737.6341699746       
153         -390602.44058242813      
155         -396861.79489048175      
154         -388391.05717716058      
153         -382288.83953247895      
151         -373917.31751865108      
156         -395489.45089005295      
153         -381644.83716516354      
148         -362400.29533508385      
145         -350568.11868841999      
144         -344968.33948744554      
151         -369261.4782374404       
149         -367631.46801340114      
149         -367911.36044986767      
152         -380259.68731665105      
153         -384416.9145773194       
152         -378973.60028943612      
153         -389513.2714048574       
153         -387511.07147781563      
153         -388054.82679372909      
154         -389073.34424550307      
155         -396477.01074588374      
156         -398486.55208384816      
158         -408098.32019484875      
156         -399245.62503207673      
156         -399894.26807437348      
158         -408195.24579726689      
156         -401123.948812132        
155         -398597.70175408717      
155         -398723.51752520981      
154         -392751.816257192        
153         -386236.20471204224      
153         -383514.36909913097      
153         -385149.68028624373      
150         -373480.50145894033      
154         -392662.44157966075      
153         -386492.24879663286      
152         -380729.91714882484      
155         -393611.78176716994      
153         -383134.29390911991      
152         -377172.39317424205      
149         -370817.12682762562      
150         -371377.19390988722      
150         -376374.65215105063      
148         -364254.18626202771      
147         -357988.63663134421      
145         -346656.2689635412       
148         -361603.07513954549      
149         -370461.16183816246      
149         -371889.98406349868      
149         -369242.11836511805      
154         -390634.55431453587      
154         -391790.32575745572      
152         -384409.17351937119      
152         -385457.92863065196      
152         -383938.73377216805      
154         -392972.28586253466      
155         -397679.07873746729      
