450 1 -3880 35 35 35
155         -400009.90289219806      
154         -395557.2475163982       
152         -389434.93954040093      
154         -395651.81007156544      
153         -391950.60707703757      
149         -378002.96261843567      
147         -364996.13956765656      
148         -366722.75935952371      
144         -347767.70870056469      
145         -352505.76274076907      
147         -361544.82456940628      
150         -372776.60696917237      
150         -368660.63626529428      
149         -363351.58281136304      
145         -346628.25599927455      
143         -335244.49355551437      
146         -346506.80150340026      
145         -343770.30187519937      
144         -344360.39149509359      
150         -372407.58156470716      
151         -377516.76836683945      
152         -384205.94182382833      
151         -380335.26351096621      
151         -382253.6231440783       
153         -388210.20121661155      
154         -389390.61953250365      
150         -375893.12334976642      
149         -375295.61322380521      
152         -386432.01613367634      
151         -381806.36493229383      
152         -386450.09459061682      
153         -391116.3643872831       
157         -411122.34693653689      
156         -406095.51661028573      
155         -400963.86388965813      
155         -400953.7917637052       
154         -400249.9259085668       
157         -411463.42650428059      
157         -414290.02567310876      
158         -416037.20762562356      
159         -423332.00344172388      
156         -406996.4711151761       
157         -415097.29680565314      
158         -421834.66531558218      
155         -407750.69735753664      
155         -410162.83598357195      
153         -396751.67300329776      
154         -403217.13526451611      
160         -428795.61000872892      
159         -425335.53706663154      
161         -435366.1840721342       
159         -426822.04352627893      
155         -411243.63277162809      
159         -428005.15510198515      
159         -424883.95218345447      
156         -414188.51649221033      
153         -401828.63361541042      
151         -391437.81742123369      
153         -396862.88148997363      
158         -420272.39609892236      
160         -428521.1522975479       
161         -428727.02723680285      
159         -416863.12401123223      
158         -410697.47156682482      
154         -391704.20059968147      
154         -392536.07591482683      
156         -396854.51518036763      
155         -394714.81754391524      
154         -392043.18779681355      
156         -401523.06594407593      
154         -388345.83611253928      
151         -380393.47698480421      
152         -381272.73992443818      
154         -392555.26596405136      
152         -383728.32851885672      
150         -373345.74258905032      
150         -373565.17642923852      
152         -383021.8889768864       
148         -365734.74786618334      
146         -361546.10987235454      
151         -375886.13875140419      
146         -359986.12168992328      
150         -371966.63927916798      
150         -373253.05273537524      
149         -367927.56865368044      
148         -363139.25123163033      
146         -350891.70711861085      
147         -361398.26567976864      
153         -389531.07106353855      
150         -377438.46808550635      
151         -380407.89639554272      
148         -367744.56916937511      
147         -364689.85530672199      
146         -359139.2895224099       
147         -361584.12783294229      
148         -366576.48683690757      
151         -381789.09196458949      
153         -390591.41200791381      
156         -406120.57115520228      
155         -395959.01537733118      
157         -408050.25807295617      
