450 1 -3880 35 35 35
143         -335576.35107034101      
146         -347942.55280401878      
147         -348376.80570970033      
148         -356354.65485285979      
145         -344562.62646660418      
141         -326721.12860603479      
146         -348801.65701838455      
149         -367124.34732458531      
150         -374481.85039009852      
148         -360821.70123003318      
149         -364420.40780271351      
148         -364078.09672494594      
146         -354130.75065939745      
148         -363371.68761760707      
147         -361768.08877492789      
147         -360934.11321638385      
141         -340780.33895330934      
148         -367910.44735110388      
152         -385148.77143643709      
155         -399949.35182573763      
153         -389657.06313386722      
154         -393807.87979115819      
156         -405529.9424143252       
155         -402169.2469397909       
154         -395538.09814344952      
153         -390010.22209010785      
150         -373520.23194416042      
152         -382936.37650798034      
151         -377099.93594206002      
148         -364807.58242762671      
150         -370642.32706752565      
151         -376803.72802070406      
153         -388198.8435359234       
152         -386879.53980886616      
155         -399048.32547547662      
157         -403901.43177855836      
154         -391196.82348496612      
155         -394452.9201590037       
154         -392427.99317442917      
153         -390411.35925951478      
154         -390964.51552612334      
155         -395976.59317528782      
158         -410222.92962133192      
158         -410388.16444972245      
158         -411603.54884946189      
156         -399644.76921146363      
157         -399976.80307809985      
156         -399817.74925725115      
157         -404675.2635674206       
156         -400851.61510727741      
153         -387120.39378623909      
154         -394101.8649837749       
154         -392219.18402693671      
151         -380942.24642966728      
148         -369803.40125027765      
147         -363791.23322295293      
146         -358737.36193381716      
144         -355149.69587458833      
149         -376960.69881262875      
151         -382179.37302972708      
154         -393857.84569463227      
156         -405286.84891287028      
155         -403209.17430064495      
158         -418469.441700658        
159         -424256.00089642487      
160         -429094.73029692238      
160         -426712.8307004174       
159         -423914.01582219393      
160         -433209.27862901479      
155         -408287.28949071246      
155         -405882.03420963918      
157         -411502.89294519491      
160         -423636.17176159786      
159         -417964.08893002581      
157         -408006.42674450896      
155         -398175.54464814358      
153         -390164.97629738599      
153         -391142.22042474104      
151         -382615.41252047318      
151         -379086.59528265795      
148         -368408.2627890805       
151         -378431.46545413067      
151         -384503.56788167829      
153         -392957.71752828173      
147         -363033.92822212644      
148         -373636.01369879046      
151         -383301.89206799463      
148         -369277.89755669737      
150         -376341.73691701679      
150         -373296.21978113975      
151         -375350.27793237212      
149         -368892.37429861515      
149         -362889.82444369124      
147         -356289.344903733        
148         -355885.75641000597      
151         -368903.14477634546      
147         -353637.80264486151      
149         -360902.07259022875      
145         -345315.27976638131      
146         -344390.90594996343      
142         -329797.63436507864      
