450 1 -3880 35 35 35
157         -64958.27310956594       
157         -66399.981084232102      
157         -65003.039854698931      
157         -67673.513167500438      
159         -67538.633261399242      
158         -67576.47795504333       
157         -67362.63797457164       
160         -70659.539716210027      
160         -69231.099874847787      
159         -70774.876010068299      
155         -66678.689687447113      
159         -69753.218511311512      
160         -72086.981945006599      
160         -71209.23273414321       
160         -71611.734265369611      
163         -72991.03211995383       
161         -72783.704430625934      
159         -70883.974968719165      
163         -72559.044553203858      
160         -70058.310781106789      
160         -71794.977485636555      
160         -71751.526994276865      
161         -74034.225465586191      
163         -74958.583791901852      
164         -76588.551807718017      
165         -74725.097599314235      
163         -71940.062857344135      
162         -70338.73379497409       
168         -75107.201583360744      
165         -72153.466580507637      
163         -72674.098635389761      
162         -72506.167974068841      
162         -72335.20789706806       
162         -73488.296154273034      
161         -73038.368103023633      
159         -68841.650122433479      
160         -70082.436412752984      
159         -69934.767609991904      
159         -68196.169334851322      
158         -67881.91425380783       
157         -63541.117987133548      
156         -61618.734624226927      
160         -66696.352024281034      
159         -65901.518376105727      
158         -65096.616668127128      
157         -67199.277482695019      
157         -68358.672488378943      
158         -66810.70662928703       
156         -63907.364218285351      
157         -67277.524617786898      
154         -63609.109223686566      
155         -64579.989675391604      
156         -65115.024406359749      
155         -64924.827206306596      
155         -63506.858973946313      
153         -62043.835591017341      
155         -60573.77506588048       
154         -60709.184650641         
151         -60944.086842995363      
152         -62611.747311463812      
154         -65734.043266936264      
155         -66505.42751896377       
159         -69743.387077926833      
156         -67645.829877302123      
157         -63468.980886037418      
161         -63476.556553380833      
159         -65080.867871902839      
162         -68120.329165340707      
160         -66357.327388021004      
164         -69947.383937751394      
161         -67789.58981217214       
158         -63959.057176811941      
157         -63034.438822670912      
160         -64647.566005682813      
160         -64903.026421193885      
160         -64329.352179430927      
162         -64210.527671458789      
161         -65478.229486805853      
161         -64028.743540987365      
164         -64745.413118239783      
161         -60919.859127041695      
162         -64851.1932852307        
163         -65856.904261296266      
161         -64237.294690547831      
160         -64355.084225758292      
157         -64100.030340197685      
156         -62493.646821871866      
155         -59368.605025279227      
157         -64669.950577655742      
157         -64902.553297372273      
158         -65768.596374847388      
157         -67429.611431489393      
156         -65286.372625946678      
155         -63440.900068330338      
156         -62192.913524257783      
159         -63520.475810415293      
156         -64064.764067774362      
156         -64155.61036729216       
154         -64588.220860801244      
156         -66232.143322827978      
159         -67520.804660322377      
