450 1 -3880 35 35 35
143         -124402.25586271127      
143         -124404.53505323264      
140         -119411.96922068163      
139         -118036.63756100282      
142         -121384.18732563143      
142         -121939.49376534054      
145         -126822.43461771413      
145         -126230.9364527593       
151         -135598.12209141065      
147         -128618.61533455642      
145         -123911.41318606095      
145         -121386.65800807216      
142         -118035.61244011564      
146         -126455.39619200687      
149         -130747.28397660147      
148         -128190.58770691945      
149         -131642.82311679531      
146         -126474.24506117993      
145         -124103.8500434763       
147         -126668.46922651547      
147         -128625.53288524585      
145         -125394.45188941428      
144         -125035.20935564856      
142         -118503.53140573201      
141         -119011.60374649963      
139         -115518.89427225081      
137         -110116.51448987627      
138         -111984.18217066413      
133         -106058.81062558001      
142         -117855.32168940133      
144         -121883.6238140379       
146         -126137.43454615651      
144         -122068.31856846904      
146         -122727.52068305493      
140         -114825.6817049872       
139         -115738.83179330158      
146         -127297.94754431321      
147         -129557.55140046803      
154         -138705.77483048811      
154         -139083.78867484818      
152         -136962.19480940528      
157         -141661.30087009835      
156         -140682.82709846468      
157         -142971.75597232752      
156         -142586.34091446764      
154         -141768.43050372542      
153         -138335.79751675655      
153         -138413.66284115391      
153         -138069.59275000176      
155         -141123.0649464874       
156         -141902.81942605093      
157         -146324.43463321039      
155         -142089.58450978604      
153         -139823.68324567055      
154         -142047.76037294243      
152         -138716.74917202035      
152         -138509.15960450468      
154         -137482.89231469642      
155         -138159.02757355152      
153         -132867.11295319351      
151         -133996.2035905454       
154         -138203.01098900457      
154         -140413.23573937448      
156         -145211.180120131        
159         -149391.93790483565      
162         -156081.63946786206      
162         -160140.80681944644      
163         -160781.7702667556       
162         -159868.30072253279      
163         -160418.110179034        
164         -161759.91829989411      
162         -158299.85730505627      
162         -157540.65783553995      
161         -156384.14596635514      
161         -154514.76882711917      
161         -157124.44054345271      
158         -151494.49710676924      
159         -152752.39967012938      
159         -152693.17438302186      
161         -155014.51138137979      
160         -154499.60962598247      
156         -149721.14067589687      
157         -150558.35742431361      
160         -157296.31359337724      
159         -155108.78308378413      
162         -160630.21914279211      
164         -162787.46532786824      
163         -160555.79059225839      
160         -156286.34383852614      
159         -151601.75353686817      
160         -154707.50053264177      
159         -151522.27627533537      
158         -152918.68356384287      
159         -152938.99916094117      
164         -159578.22209681652      
162         -153397.04799599046      
160         -150266.83674840577      
158         -147942.44165276861      
159         -151245.69198987834      
157         -147754.0224840951       
157         -149061.83337844544      
