450 1 -3880 35 35 35
150         -373640.70789011178      
149         -370823.061008744        
148         -362407.07788169559      
132         -301631.46663814934      
137         -313300.87853787938      
139         -315643.41361875297      
141         -325067.26164603233      
145         -336647.47065922938      
142         -330958.521437563        
143         -338015.62735590956      
147         -351553.30529467377      
146         -350574.61365513591      
147         -352352.51993336889      
140         -328852.84472978837      
142         -332417.50824280735      
144         -338464.4681726523       
148         -359870.939540316        
148         -361038.44911540468      
148         -356856.03311276319      
147         -349668.8723988533       
147         -345078.14564148523      
146         -345830.53654468927      
144         -339197.08305566671      
146         -348307.63241645944      
149         -359052.43126205198      
143         -339418.81144220883      
142         -333983.43172824301      
141         -324962.97601951816      
140         -316874.61953096517      
134         -295322.12625895429      
136         -302794.96248297399      
137         -306529.14461013197      
136         -302365.12034535944      
139         -315470.06071498524      
141         -320241.97122204688      
142         -325918.89703779272      
141         -320182.79041318432      
144         -332236.58204299619      
145         -339689.71123226819      
148         -349701.46932841925      
146         -342036.98817748827      
147         -351695.65910433349      
146         -349031.74155499478      
148         -356911.61340136593      
149         -362823.23790444992      
150         -365601.21250589722      
150         -365507.00341878575      
146         -349948.84254866885      
146         -346634.11927349598      
146         -343348.30988618953      
146         -344626.85056934203      
144         -335050.53672836174      
146         -342451.96017025359      
146         -343171.51046408474      
143         -333095.04461594543      
147         -343651.24347119965      
144         -331502.31607005151      
143         -328031.23410201224      
141         -317229.60183235613      
137         -300031.98837830592      
136         -297929.26597573201      
140         -315914.08591058064      
138         -303702.19039419177      
143         -325083.97150401497      
142         -326713.48442321143      
136         -305286.11697160889      
134         -296111.96710491792      
136         -304343.67667961982      
145         -339809.53557629132      
141         -320162.53339623183      
142         -325252.73075215344      
144         -335880.39140924439      
144         -337231.74127326696      
144         -338985.1286783347       
143         -335531.89150963887      
143         -338608.32947801391      
146         -345555.09647197457      
147         -354898.53278518602      
146         -351475.1198527409       
148         -357189.80653165787      
150         -369141.3227149967       
145         -350433.09886065358      
145         -349087.04697929096      
145         -351194.58288871765      
147         -361363.77760291123      
147         -356041.85364887706      
149         -364787.82442530134      
141         -332091.42708583956      
141         -328413.64496585756      
139         -319836.76362889953      
144         -341217.23709159222      
144         -341060.58677170705      
143         -334550.20931838179      
146         -345487.75982905267      
144         -335907.1783036713       
150         -364284.38772274193      
151         -369376.52640487073      
146         -347310.62021298247      
143         -337760.84009605611      
140         -327479.86043669115      
140         -329417.47860578127      
