450 1 -3880 35 35 35
149         -124204.56288334586      
150         -130069.97124097997      
150         -129687.44275389763      
147         -122180.10690826832      
144         -119466.74505907402      
149         -124893.63444121376      
150         -128554.87519667018      
152         -129338.63826874505      
150         -124994.46923312089      
147         -121687.61786641546      
149         -125177.04487327194      
149         -126990.47614824724      
150         -128155.25429882598      
155         -137382.85808824829      
156         -136365.28307556809      
158         -139136.15185927582      
157         -141965.2626369996       
154         -137347.33562948802      
155         -139844.91067422112      
151         -132723.44666654157      
150         -131377.81880056093      
152         -134569.44717364685      
152         -134617.63052883305      
153         -137694.56508003635      
150         -133114.61111043094      
147         -129014.02019095368      
148         -128769.29222808953      
147         -127875.3599642168       
149         -130860.88462537511      
149         -129971.27414099286      
150         -130528.46017546469      
150         -129404.07133930319      
149         -126544.24207472084      
152         -130576.70605199193      
153         -131717.31315152464      
150         -126973.89263288997      
149         -126405.4552573237       
147         -124218.65868799275      
151         -127928.42676153469      
151         -128342.22349181843      
152         -132555.46642286284      
151         -132674.15669088086      
149         -127619.98584660616      
149         -128813.7684376067       
153         -136415.31968603758      
152         -135817.29907670445      
152         -135284.12463646859      
146         -125790.07809725357      
150         -131907.60320691214      
150         -130651.23751560127      
153         -136831.24485364801      
152         -138510.01965269353      
155         -142443.15194668924      
156         -140892.15900513489      
158         -144484.37744288062      
156         -141265.55411304731      
151         -132457.77838881174      
153         -134947.19092756126      
156         -137487.96238402856      
159         -140763.96132799992      
157         -138995.86221257673      
156         -138299.77095462996      
155         -138866.96840588111      
155         -138369.43362466557      
153         -135908.4595108034       
153         -133602.2253876061       
153         -135430.39185830261      
148         -126165.57623437149      
147         -125260.3297425591       
145         -125058.1569630231       
147         -127846.51039705268      
148         -128900.87988657848      
148         -126652.29264323473      
150         -128356.30117583793      
146         -124093.63604261013      
147         -125790.68318776559      
147         -124729.01933025446      
150         -130358.20221862233      
147         -127146.03958819421      
150         -130966.69993640197      
147         -125578.97192536715      
147         -125305.24398027202      
148         -129807.55360167124      
147         -131090.45223453303      
150         -135153.58931928716      
149         -135383.41503245561      
152         -140318.39975857406      
152         -138787.13365331007      
153         -141191.14721287691      
151         -137709.92889374724      
151         -134456.72319346701      
150         -133866.04210536237      
153         -137290.82244183423      
152         -135132.19959276111      
153         -136667.76767292409      
151         -131951.66595970123      
148         -127510.1595171307       
147         -127177.05151430305      
146         -123439.11583588274      
147         -124844.29184871381      
152         -131733.25727836884      
