450 1 -3880 35 35 35
153         -65028.873395356248      
151         -61365.46391214215       
152         -63582.892067046341      
154         -64150.720626953247      
147         -60095.281239804695      
146         -59149.135964117253      
148         -60414.142009805488      
150         -60599.632592094153      
151         -60732.3717141546        
151         -61272.094534015137      
150         -60648.957658370389      
151         -62935.446055414068      
154         -64196.065886641052      
155         -65183.78817524499       
150         -62217.352356144809      
152         -61080.84997437011       
152         -62878.224325203541      
155         -64466.186105476852      
152         -64402.139988783449      
153         -64902.06893377137       
154         -64650.055198149828      
149         -63376.09989015176       
148         -63506.493956112761      
149         -65284.785133042722      
149         -64619.505206915179      
150         -63716.506617229046      
155         -65749.061817382651      
152         -65740.75210107505       
153         -66262.471095922272      
154         -66252.641202194878      
155         -67064.29729187784       
154         -62808.323025734106      
154         -65009.325816568045      
154         -64964.500148645966      
159         -70051.226420273772      
159         -69515.446280134725      
160         -71666.18407120138       
157         -68103.804337603491      
157         -69265.509857832745      
158         -69377.934437022443      
157         -67749.983503331736      
157         -68102.30532168514       
155         -62666.74471893275       
150         -61670.277644031186      
152         -61456.815012699561      
153         -65290.203601225847      
155         -67348.24200381845       
153         -65404.833134360946      
154         -67177.374284824706      
159         -68326.890298536513      
157         -67227.692801179786      
159         -68320.918244484259      
155         -65323.616578928981      
160         -65922.716046969086      
155         -64178.471062445722      
155         -66833.359391606922      
156         -66055.502400474288      
152         -63359.923733689124      
151         -61645.278655723218      
153         -63102.297645614279      
156         -65423.451857473308      
156         -64798.752068031965      
154         -64649.385109537048      
154         -63923.707127239715      
159         -68329.734280442339      
156         -65511.339702617755      
156         -66395.654311015896      
153         -63844.110895894904      
154         -64342.765239960951      
155         -64425.934670405317      
156         -65626.241025348238      
157         -65352.435660628449      
156         -65418.349583500472      
156         -67745.946197646175      
157         -66620.095427128617      
160         -65594.972221022195      
157         -64440.657395782364      
156         -63297.279847995036      
155         -64108.504141184632      
156         -67130.638431119689      
155         -65683.426190347935      
151         -63076.123840122324      
150         -61844.689579156504      
151         -61752.116262154828      
152         -61101.011098480973      
152         -60658.695750573235      
152         -62669.581190268349      
155         -65070.225189072291      
152         -64072.137660160952      
152         -62591.639471121875      
153         -62847.158828260428      
151         -61425.903516947437      
147         -59757.506961656429      
146         -58338.727025805092      
148         -60401.652990699753      
150         -62109.477091353547      
151         -60963.575924174715      
151         -63296.352465253593      
154         -62341.43182891795       
156         -63442.553230645091      
150         -62105.164227274996      
