450 1 -3880 35 35 35
149         -359261.07035874965      
147         -354093.01320064219      
147         -356435.45239262143      
150         -371258.46995652537      
150         -369820.29011111637      
147         -353895.59798508021      
145         -345897.06421581429      
146         -348202.17771632387      
144         -342737.86235073255      
141         -333918.13057013665      
144         -347188.04650191125      
143         -342576.74428056931      
141         -333603.98829493462      
147         -359150.45422730455      
149         -366877.11296720529      
149         -362338.65708271594      
151         -370145.59623559617      
153         -384018.39519664436      
151         -378415.93356820638      
154         -389243.69264797313      
146         -352740.45248403336      
147         -357703.63337678666      
149         -365820.86317731714      
151         -378110.34240971913      
148         -363664.6858089912       
146         -352926.18325253425      
148         -363031.79774619924      
153         -384754.57003765437      
150         -371270.80544039013      
148         -364599.36326172855      
150         -380017.87183694623      
151         -383572.75060482923      
152         -389013.62613622699      
151         -384912.44567462133      
145         -353487.47474845563      
145         -351489.16230081767      
142         -336061.00439297606      
146         -350387.68688664626      
143         -336185.40740475635      
143         -337493.68810616701      
144         -344344.45169016591      
144         -345565.17236448068      
143         -342229.57379331789      
143         -339544.80001363921      
141         -332371.94549774472      
137         -316878.67205776944      
141         -333027.6269006189       
144         -346994.74539229507      
144         -343611.27956885146      
149         -366803.58437950915      
147         -359209.52741206484      
150         -372193.92927999632      
154         -385538.63333354105      
153         -379631.98783525627      
150         -364974.88888989674      
151         -369132.32110524032      
152         -375388.5814529963       
152         -377234.25346632494      
151         -373036.16588791314      
149         -365167.20876398782      
147         -358364.26318148058      
150         -374024.9001053797       
152         -383019.22757331084      
150         -374319.33597914269      
149         -368810.98975519423      
152         -381982.98995280487      
152         -381032.67366577231      
154         -386783.86288234853      
154         -391977.08789321623      
155         -395398.33161570318      
153         -388670.75936785992      
148         -360659.76291248715      
151         -371601.24434060085      
152         -375837.29753680434      
149         -370600.87682621652      
149         -369817.9130320602       
150         -368870.07638624503      
149         -364340.40496737126      
153         -383135.82798079809      
149         -369071.38376945199      
150         -369254.54017350258      
148         -362599.48200924648      
149         -366908.21449153108      
150         -366003.4050995718       
152         -375013.51442255522      
152         -377443.46431584971      
157         -400415.76640941849      
156         -396499.35829670553      
151         -374577.26397254306      
148         -360144.23217950406      
151         -373719.71100351406      
154         -388154.87720602122      
152         -385127.40620837617      
152         -386296.21338247822      
156         -403502.25616609596      
155         -401468.75719060493      
150         -373601.98168464494      
152         -379376.31514169183      
152         -381820.13548819971      
151         -377978.19651442743      
147         -360069.02687336993      
