450 1 -3880 35 35 35
149         -58776.75567926294       
148         -56974.449388589128      
154         -60908.992971398817      
150         -59231.074429871507      
150         -58575.100044410145      
150         -59101.639113310724      
147         -59209.397211973468      
150         -59939.234906630336      
152         -61915.035524481194      
151         -62774.69683984029       
151         -60332.290624568057      
151         -57892.933948280181      
148         -57613.849923309528      
150         -60210.239339760265      
146         -60699.656296367553      
143         -55610.816563062181      
144         -55240.167809606181      
150         -58962.135901138761      
147         -57070.662311094122      
146         -55890.623254071397      
140         -50507.447778252586      
142         -49932.731669508888      
139         -48288.461202248924      
140         -51948.458969034553      
142         -53119.490717208741      
140         -50621.420731747974      
142         -51635.484306131097      
144         -53670.348224631845      
148         -52967.782710945445      
152         -57330.474102025742      
150         -57093.032635119453      
148         -57431.141317041998      
147         -56110.334224717684      
148         -55972.173346981697      
144         -53547.024630570661      
144         -56443.74837106371       
138         -52171.008687856985      
137         -50242.625880104213      
139         -52089.169661190324      
136         -49654.870708712049      
138         -51103.101243480633      
140         -51596.209852796965      
140         -52002.9241392564        
139         -51462.771433228416      
144         -54762.857984269613      
142         -52165.257088658327      
141         -50827.59817674716       
146         -55762.978793701106      
142         -52209.760995315388      
140         -50569.925054442101      
143         -53382.66425041508       
145         -55927.567056983207      
147         -56069.702434701532      
148         -56737.532588788359      
148         -55499.046297737717      
148         -55446.47132119201       
142         -49999.307693434224      
142         -52706.44370854726       
142         -53291.138104818761      
144         -54901.529231454268      
145         -56219.753029914937      
143         -53486.156261535172      
145         -54180.942093417485      
147         -58838.004922509986      
145         -57928.695620547267      
151         -62781.820224593794      
153         -61567.393648719895      
150         -59693.226293092441      
153         -62574.996325615604      
148         -58284.813756535106      
150         -58188.894478212598      
153         -58751.060428330529      
152         -58591.374103413051      
151         -58813.015915025651      
152         -60940.216233124782      
155         -64644.356944078565      
152         -61449.488293450617      
152         -59778.301757073074      
149         -56449.634723434669      
153         -62593.707958188199      
153         -61349.251105777636      
154         -60499.060665161262      
154         -60845.254994649527      
152         -59016.558050210777      
150         -59207.037478553662      
152         -59864.949792339408      
149         -57987.65210347667       
147         -55049.087173254382      
145         -53053.07828303249       
143         -54340.107458150436      
148         -58041.668442439848      
148         -57593.540941402294      
148         -56477.190290692692      
148         -54628.928091166068      
145         -54333.688023027193      
145         -55427.538681318416      
148         -57385.620493174814      
146         -54920.502510212078      
144         -54631.77506870959       
146         -58078.548275389912      
143         -55656.572905154899      
