450 1 -3880 35 35 35
149         -131405.59573307799      
148         -130701.75578489607      
154         -138698.93311367009      
150         -132100.84532529392      
150         -130962.61236460545      
150         -131194.029080904        
147         -128960.52178580128      
150         -134882.78788551045      
152         -137826.56144482939      
151         -134241.91677271362      
151         -132224.3485463706       
151         -131036.89692878492      
148         -126000.80989008129      
150         -131294.4861902874       
146         -123726.16150906048      
143         -118684.23530930109      
144         -120611.44066747645      
150         -127140.69857051961      
147         -121470.22329738247      
146         -121228.39479939634      
140         -113219.84768856464      
142         -114783.10730861501      
139         -110663.39382487535      
140         -111809.09796575725      
142         -116319.74968836777      
140         -115105.53145144774      
142         -117767.26589636118      
144         -120475.38892224703      
148         -129261.83614756918      
152         -136808.67795999625      
150         -131487.91324910187      
148         -129311.09560302699      
147         -129908.38222219629      
148         -129320.9241862824       
144         -123916.7287704896       
144         -121179.19960196794      
138         -113747.2065116101       
137         -110327.53520447998      
139         -113968.77196803932      
136         -109852.08024249462      
138         -110335.38094041595      
140         -113440.40993468581      
140         -115718.25428682209      
139         -110832.67976619015      
144         -115060.51985062996      
142         -113742.79081609694      
141         -113014.9810236444       
146         -121288.75081704761      
142         -116340.75792432966      
140         -112948.22603718236      
143         -116264.75768209984      
145         -116399.6022805604       
147         -122088.60400507142      
148         -124152.07893795382      
148         -126177.55653656292      
148         -126723.54890680629      
142         -116521.86295811515      
142         -115737.69254514013      
142         -115908.22736843879      
144         -120364.17344063733      
145         -123263.1575162002       
143         -118330.61150842121      
145         -122992.520454201        
147         -125069.55534758579      
145         -121272.94543296006      
151         -130373.09248179608      
153         -135113.19294242017      
150         -129088.49515527106      
153         -134146.17954641479      
148         -124010.48417183038      
150         -128031.2179241314       
153         -134242.23336905055      
152         -132554.88681313358      
151         -131984.26772178194      
152         -134278.74996567224      
155         -138915.0447054457       
152         -133839.80856203634      
152         -134020.08452996903      
149         -130679.66191263079      
153         -135973.03734506172      
153         -134633.17465013926      
154         -135514.95852452618      
154         -137335.86001278213      
152         -135008.6999748431       
150         -130871.48388200672      
152         -134130.46992919952      
149         -130030.29692358176      
147         -127364.51231195114      
145         -125260.02629416861      
143         -123643.08656100887      
148         -130394.63394569085      
148         -126910.43402215595      
148         -128473.14366090563      
148         -128943.56593075434      
145         -125039.28345451396      
145         -125191.47402488519      
148         -129654.52201117296      
146         -127910.46192830852      
144         -124149.61978553713      
146         -128068.86535860645      
143         -122810.7164886573       
