450 1 -3880 35 35 35
135         -306090.21384877124      
133         -299312.74556595046      
133         -301465.81646727346      
139         -323240.73744710902      
138         -321394.93637915695      
144         -340007.2860042511       
140         -327685.07382145035      
146         -349687.41476771701      
144         -341582.16579937155      
147         -352805.41543649766      
146         -350489.23024857818      
150         -369976.58090108784      
151         -374026.63341084437      
149         -368790.79880472721      
149         -370813.24136267113      
150         -370941.42401743983      
149         -366219.01790038665      
147         -356779.95097627409      
150         -368394.54486674303      
153         -381928.01662979601      
146         -356175.00117146672      
149         -369803.72685919801      
149         -368089.52812243829      
151         -372437.7264604278       
150         -364309.02828861517      
151         -371088.24815213279      
148         -363421.69161165028      
150         -369862.65312409645      
151         -376322.45743956044      
150         -375736.67239373887      
150         -374541.80918676016      
148         -363060.10926265456      
148         -362156.39380037517      
148         -362283.4176037393       
151         -379282.40358172829      
152         -382759.23665948823      
150         -374134.75236996613      
147         -356929.85409691359      
149         -371446.29721837526      
147         -358793.04470797698      
150         -373532.27397374099      
152         -381637.17684255372      
151         -380031.61270237743      
154         -390270.61855654477      
152         -384781.51310089207      
154         -392364.4429601382       
153         -386249.19577758713      
152         -381514.61752652266      
154         -389446.00550223753      
158         -405764.69716920453      
155         -398626.40997101483      
155         -392950.21854483575      
154         -385742.71238750295      
156         -396121.68712399458      
153         -381352.30111951916      
151         -373916.05382587865      
152         -380610.13160260738      
147         -357720.90857515286      
150         -372504.02866114577      
151         -374558.80723215366      
149         -362120.78253738722      
149         -365656.63708511239      
144         -349196.47809158661      
146         -352375.93041950185      
144         -341410.50668714067      
143         -337575.92486755335      
148         -358468.81019678945      
146         -351208.15689736709      
147         -351718.04588820506      
146         -346740.45953277638      
146         -346058.22639318113      
144         -344232.61477017531      
147         -353216.10486384481      
145         -347492.57411517645      
147         -359569.20368934795      
148         -362272.19401333097      
143         -342409.73155249335      
144         -346776.14797404245      
141         -330874.67118317692      
144         -345472.02265996032      
147         -355658.38249844499      
147         -355177.03537245071      
145         -342984.28747421526      
140         -324168.86910822464      
139         -323547.14538407762      
146         -355755.68458513432      
149         -368405.49834889197      
147         -362490.94096784142      
146         -356132.96675626159      
148         -363765.42532629042      
148         -363622.857606943        
149         -366941.39494000294      
148         -360900.8722948865       
148         -360697.7443404342       
147         -358188.78295269643      
146         -352753.33562348655      
146         -350630.020517456        
145         -345381.65747651819      
145         -346625.13870805909      
145         -347585.64228962839      
142         -337528.91924464219      
