450 1 -3880 35 35 35
149         -367420.06851446629      
150         -371622.14406624821      
149         -370280.65771665954      
152         -385590.20790306944      
154         -395181.59632286953      
151         -382695.71708601067      
151         -384547.52751339081      
153         -394950.87935070886      
152         -389867.9866797307       
153         -394801.46660015016      
153         -396306.04411723366      
158         -418887.74621805607      
155         -408801.21153289103      
156         -412105.59209207655      
155         -410230.51891007484      
155         -412959.03014043614      
153         -404675.61889646505      
155         -413052.31702307181      
155         -411127.41072895785      
158         -424646.33483715175      
157         -420732.95401028619      
159         -424124.62217618234      
158         -418434.70345699275      
157         -419187.27741021756      
157         -414714.48664811847      
156         -411345.91815017653      
159         -422398.25938503735      
155         -404445.66035038023      
157         -413092.74246269529      
156         -411789.01801574603      
157         -411661.3433290213       
158         -411899.01736550848      
160         -421654.48974699236      
152         -381587.15230095782      
148         -364139.28951304487      
151         -372887.91611464496      
148         -363776.78405169048      
148         -366561.8322117558       
148         -365594.504702506        
148         -365900.37501835905      
150         -366846.02979902306      
153         -377403.88706724357      
148         -359264.05115813663      
150         -366679.74874930596      
150         -366288.20199562691      
148         -361214.12690749043      
144         -345252.40453793632      
147         -357510.00270506908      
143         -343341.63356245175      
144         -342939.2106055395       
145         -346063.21733455418      
147         -358301.11673133739      
145         -350834.83337877144      
148         -361342.59846766514      
148         -362337.76511998504      
145         -354162.07942382805      
146         -355706.9722603407       
148         -360156.16193693224      
142         -337618.62098747643      
141         -331054.32187588699      
143         -337115.70561346383      
139         -317925.27459262137      
140         -320145.57541678211      
139         -313494.98832062073      
137         -309563.44717302365      
133         -292355.92599552375      
137         -302058.99628197914      
136         -298195.78673023562      
136         -300841.25829706673      
134         -288542.93879007897      
137         -301362.09571526473      
141         -317906.69935677375      
144         -329866.01566899952      
142         -322851.56318525178      
140         -319645.37950610113      
139         -313237.00789493445      
140         -314663.22000599676      
139         -312670.57934976328      
139         -316057.32618172624      
137         -308099.90061399451      
138         -309493.61432603962      
133         -288661.66113827471      
136         -303134.801638328        
142         -324640.22956692119      
145         -338467.51648077636      
142         -328202.86645573011      
142         -326580.58955757041      
142         -326834.02049649262      
143         -328276.30501798086      
142         -324377.24473855644      
137         -304495.66504561302      
145         -339992.35406371299      
146         -341834.03751967067      
144         -332208.61546601413      
145         -341010.02384032146      
140         -319110.14155603957      
136         -306055.47247382457      
140         -321881.49269172456      
140         -324321.57169216999      
138         -313160.57730359602      
135         -304713.21041804075      
