450 1 -3880 35 35 35
154         -142413.8429984203       
153         -141114.17325878979      
155         -141320.71624011718      
156         -141032.39818856635      
151         -130782.99437022433      
147         -124996.78499548524      
142         -118257.77483094609      
147         -125968.57684610468      
146         -124907.43863680701      
148         -127449.16817121135      
148         -128548.40750659657      
140         -118309.5685085884       
145         -124324.41019614835      
147         -128588.80014251973      
146         -126416.22076452911      
142         -119470.35732656514      
142         -119318.08684245043      
144         -119828.71394772892      
144         -123517.49741579749      
146         -126823.02182276513      
146         -124561.36702662194      
148         -128107.92036857344      
150         -131058.21489455306      
148         -127125.72655963353      
148         -128934.26573042633      
141         -120300.75288233736      
145         -124228.53584808952      
143         -122066.21659676654      
148         -131275.18510048132      
151         -133463.53186890588      
148         -127919.89673670917      
153         -133724.82195299922      
154         -135899.03125163156      
154         -135695.48176703014      
151         -131655.03444569034      
150         -130677.67398462762      
153         -134402.81903818672      
151         -131273.32907973119      
151         -132520.60963261788      
150         -132067.9694999028       
148         -130065.28717606212      
151         -135562.14986717131      
150         -133267.23475902205      
151         -135217.11175980972      
152         -135864.33578538554      
150         -132333.12821108199      
151         -132384.30685129526      
150         -132057.91747070744      
149         -129230.75326587267      
153         -137094.20787850817      
154         -139452.75249464405      
154         -135767.69028513975      
153         -134323.41325577398      
151         -131641.29020434097      
148         -126628.43025224903      
147         -124650.36432690083      
148         -127881.00609782092      
152         -131887.54343113687      
152         -131163.80164965024      
153         -134863.02957659442      
149         -132029.99834438603      
151         -134334.94033526751      
149         -131046.08522865751      
152         -134301.53344632598      
153         -136032.82759089913      
152         -134250.66869651986      
146         -126715.33376533356      
151         -133195.94876007893      
148         -127820.93926430674      
148         -126441.94591312949      
151         -129625.96091063069      
151         -129189.68441910137      
154         -134240.0249768284       
150         -125172.68240312091      
151         -128375.96134775596      
147         -125060.78193275949      
144         -121297.98144602333      
145         -122165.84714100504      
143         -119400.94718844366      
141         -116624.76036401377      
139         -113462.68446482287      
142         -117858.66767721954      
145         -121498.00883882536      
140         -113647.6128139684       
142         -116023.85885820488      
143         -117471.7038054517       
144         -119322.07740359564      
148         -122136.02648743871      
149         -122952.89821576294      
147         -118873.98199199222      
147         -120150.2326716486       
144         -115086.44013725119      
145         -116798.33609134975      
146         -116806.20462782566      
143         -113866.53942197845      
147         -119425.80327424154      
144         -114483.56026763965      
140         -109285.05172201239      
143         -112742.85899086761      
143         -115108.21343449842      
142         -115520.86024015331      
