450 1 -3880 35 35 35
144         -122769.05249340787      
145         -125067.94428354675      
146         -125355.78748052508      
149         -128108.79105307115      
147         -125036.68339593506      
145         -121707.79388240063      
148         -127463.20889953173      
149         -130721.70499180703      
149         -129464.20579871393      
151         -132719.3598320543       
144         -124543.28993863617      
145         -123956.18671019418      
143         -118684.43094468236      
143         -118979.36271902212      
144         -120959.70244631679      
144         -119604.10447582557      
144         -119261.1621676931       
143         -119299.97811964661      
145         -121770.27166841131      
143         -119716.68839066551      
143         -119711.20019462523      
142         -119390.11477508837      
140         -116064.91131733287      
145         -122091.3890922063       
145         -122598.44706700735      
147         -127357.67780601626      
148         -127405.52231262252      
148         -126704.31571179435      
147         -127683.26040460456      
148         -130562.66271400826      
145         -123218.24090778719      
142         -118826.50058980343      
141         -119568.46919815254      
143         -121122.83019149772      
145         -126325.36559293813      
146         -125221.92635283318      
147         -128739.36400591371      
149         -130103.20867157844      
149         -128379.23893976345      
148         -128049.96101476143      
144         -120849.40671441387      
145         -123482.97414657655      
145         -125416.65018555614      
143         -120171.47884310764      
143         -121614.07977279226      
143         -123294.1258393201       
141         -121249.94442939645      
142         -122265.35004270168      
148         -131295.51001904294      
145         -127372.53863465239      
148         -130364.90817330073      
148         -130842.84815810299      
149         -130954.12849599251      
149         -131319.99523261673      
147         -130182.38806768176      
146         -128553.827894185        
144         -126145.50434230942      
148         -132556.46928299568      
151         -138886.1104286515       
149         -137109.62247131023      
149         -135426.26593657091      
152         -138767.62863176517      
151         -135335.97017858841      
147         -129376.70161219554      
144         -127260.99061102323      
146         -127916.52175164166      
149         -133879.2387120318       
148         -131663.42718372372      
148         -130352.84914076921      
148         -129907.43288120335      
151         -134748.93834688328      
151         -133728.46370302149      
149         -131105.63087854782      
144         -122861.40425213957      
144         -123924.14199638677      
141         -116134.10216014885      
141         -116052.91811633129      
140         -115400.51322576618      
137         -111233.86835224544      
134         -105895.32911084942      
140         -114628.46759005361      
143         -120053.1212525958       
141         -118245.55163469177      
145         -123108.65427386285      
144         -123066.80894810811      
141         -118354.44472707687      
143         -120797.07638057867      
144         -123808.28220767713      
144         -123930.55737821975      
141         -116976.75539515396      
139         -113207.09267933747      
143         -118445.43679005616      
137         -110627.11923707444      
140         -114090.71137330741      
139         -111221.62428424096      
138         -108497.23598761363      
140         -111286.79597763524      
141         -111910.48092322865      
137         -106281.6489043699       
138         -108074.52664946172      
137         -104511.05622138332      
