450 1 -3880 35 35 35
148         -353512.35449371848      
152         -373124.04558189673      
151         -369071.46944381291      
151         -371171.20502387063      
151         -373161.00694045465      
149         -364109.47802882537      
149         -363675.98166986741      
151         -373415.25697954366      
150         -368501.08550354734      
151         -374543.33001029986      
149         -364566.94500337471      
148         -359745.94101753994      
146         -352892.3840352621       
145         -343454.9764152852       
147         -352634.84795406368      
146         -347068.02387623838      
146         -348274.46549979807      
150         -364293.2018113056       
148         -355190.68624169985      
149         -360595.26277699182      
148         -362695.93282292609      
154         -384848.72860953666      
153         -383158.30468010087      
151         -370162.75927594223      
153         -376529.8895928702       
152         -374260.57797092764      
151         -371615.82404665771      
149         -362993.63589438726      
149         -361574.18576373556      
148         -359926.67381492688      
147         -353112.18100243784      
149         -360799.05973959411      
149         -363973.23165621544      
143         -339446.50878385699      
143         -338307.6797896396       
145         -346655.3277339678       
144         -344365.98438187258      
145         -350597.83481654467      
149         -363109.22516781284      
150         -367153.02775127871      
151         -374753.37118385523      
154         -391778.19130378269      
151         -378366.950159589        
157         -403439.36419062858      
155         -393494.04355274863      
154         -389713.06328198937      
151         -375164.32512456895      
150         -371244.08250108577      
150         -365259.37109304511      
149         -354136.95176261908      
146         -346527.99107786658      
149         -357220.98137698462      
144         -335576.19395690016      
145         -338214.4663215602       
142         -331001.65951559856      
150         -367331.59516954754      
148         -362649.40666534135      
148         -360238.59989899443      
149         -363679.82918655896      
150         -369924.16252032877      
149         -367217.57857831463      
152         -377961.35170115036      
151         -377043.18985430669      
152         -377182.47666606255      
150         -366595.52001278778      
148         -357922.48520763637      
148         -357464.36892168142      
149         -362632.00488940615      
151         -373151.19470221794      
147         -354809.91470271465      
149         -359465.16885176441      
148         -356966.2534659534       
147         -355170.90073447092      
149         -363198.57487363444      
151         -375295.5360912836       
149         -365965.88568352425      
145         -346233.60239550448      
144         -336437.22052334098      
140         -323317.7469683392       
144         -334736.09342181892      
144         -338499.76000816212      
144         -336781.33215680334      
143         -334918.83923307643      
144         -340036.44807326049      
144         -338937.33912328532      
145         -346009.38891819795      
150         -366406.65558050229      
148         -360469.2965169478       
146         -355800.00319146353      
146         -350187.79937593569      
152         -379042.08511298802      
151         -376676.50893026037      
153         -387206.14788134489      
150         -373637.50324376463      
150         -377079.39489260979      
150         -373541.32451173034      
144         -347651.22859325621      
146         -354306.50566790439      
146         -353959.25030768284      
148         -360841.66459865717      
148         -363178.5361916984       
