450 1 -3880 35 35 35
149         -372936.27700708964      
148         -370519.8829340802       
154         -388078.96670530463      
150         -371807.58183958114      
150         -373983.73289560823      
150         -375908.31846660934      
147         -363224.06978369597      
150         -377444.34081527509      
152         -387054.88549535844      
151         -380145.45160763891      
151         -373783.47983669845      
151         -368003.46734818752      
148         -358541.59358451108      
150         -366404.38157552917      
146         -353567.71676144406      
143         -338132.8344636382       
144         -344775.8940213985       
150         -365440.7032364367       
147         -348358.56851606374      
146         -346639.61209460744      
140         -322725.05754038063      
142         -329134.27680387336      
139         -315610.89200210065      
140         -321573.02936110599      
142         -331130.23042924877      
140         -324287.77647608123      
142         -334061.60689227947      
144         -340914.44203099632      
148         -357976.69838526717      
152         -373498.75994925661      
150         -366831.31068210409      
148         -358627.15626017784      
147         -359694.01717263623      
148         -359359.46701542835      
144         -343831.0130142105       
144         -345914.36027230928      
138         -318639.1160590105       
137         -308164.75063192402      
139         -315267.8993215317       
136         -302991.38329486811      
138         -307502.66254563472      
140         -317781.85143137514      
140         -319868.81170383911      
139         -316251.67144933192      
144         -334958.82974822074      
142         -327992.35018439568      
141         -321280.58847549942      
146         -343807.47429950809      
142         -324875.5174110888       
140         -318340.56402186304      
143         -331750.52729984809      
145         -334153.47389631462      
147         -344285.64556809538      
148         -350466.06852689816      
148         -351085.2008472716       
148         -349868.39924406039      
142         -321496.58433078724      
142         -325984.80850007484      
142         -326704.27252650564      
144         -334818.82303430612      
145         -345730.59115761402      
143         -336874.05926593026      
145         -344296.65135488566      
147         -353941.3525461657       
145         -343990.78574857814      
151         -368407.42905713548      
153         -379351.3091231595       
150         -368502.14486359654      
153         -381003.22446191276      
148         -356051.02022815589      
150         -362769.3132828339       
153         -376726.17628381972      
152         -375923.56973902084      
151         -372602.85485847696      
152         -379452.70687357895      
155         -387168.78766580322      
152         -374510.80939655099      
152         -370647.79106379725      
149         -359764.06852271047      
153         -378462.29473993438      
153         -375983.30209606222      
154         -377474.46932300495      
154         -381531.02584946773      
152         -370865.99876389158      
150         -365128.1211579222       
152         -375041.01338515891      
149         -362141.38225325808      
147         -354363.9228394141       
145         -350099.61830277625      
143         -346908.80459084135      
148         -369343.37398730707      
148         -365116.84362308669      
148         -364061.80091126543      
148         -361519.50464242289      
145         -352606.40872293292      
145         -349865.08576297213      
148         -358833.63611763634      
146         -350895.78223571775      
144         -343705.2715131506       
146         -350729.68835795496      
143         -339046.68578296114      
