450 1 -3880 35 35 35
149         -55469.514317240864      
148         -55095.118053051898      
148         -55408.22058087738       
147         -55380.882893108886      
148         -56512.217188952491      
148         -55638.137617399123      
150         -55918.174305693392      
148         -56798.944567489634      
150         -56941.08979004671       
146         -56574.569613511376      
146         -55772.976615045969      
144         -54849.490339873111      
147         -54974.250201429961      
149         -57480.545549909701      
146         -56137.322641633808      
149         -57375.689201657005      
150         -60795.001362014635      
149         -58712.912939982307      
148         -59749.68720359209       
145         -57114.474934803126      
143         -56048.927951311845      
147         -59500.969192584838      
144         -58037.580238279923      
145         -58031.310682305644      
151         -59680.753255937459      
149         -58215.984082336334      
144         -55673.19596022011       
144         -56189.952411259939      
142         -57366.361986688011      
143         -57043.402575525331      
141         -55378.863062727643      
141         -54253.59852511654       
142         -53354.904414712488      
146         -54882.917285253847      
147         -55432.341777940506      
149         -56782.523280769878      
146         -55177.761180455425      
143         -52185.799373417118      
145         -53984.293100080991      
144         -55416.876419423264      
141         -52644.08863130588       
140         -52990.747777712226      
145         -57387.789762122149      
142         -55951.400569127516      
143         -55064.842264964704      
148         -57723.500133473739      
144         -56282.553126664498      
150         -61431.329131730105      
141         -52287.003295073533      
140         -50389.025543445372      
133         -47867.571421890905      
139         -51358.990503012094      
136         -52017.045215644765      
138         -51659.602833564037      
137         -51644.98729921443       
136         -50594.972656635589      
133         -48507.385898572611      
139         -51846.664109961181      
133         -48472.105730062169      
141         -54365.257196362472      
143         -55875.0556241183        
142         -54696.677584062527      
142         -55789.440619714027      
142         -55761.678814048682      
143         -57599.085188357079      
142         -57443.042486997139      
146         -58174.034095656818      
146         -59085.328289086945      
145         -57121.146183909761      
144         -55027.076144084989      
143         -53051.488584301645      
144         -53169.689962655844      
145         -56813.38471532127       
147         -58340.449401385013      
148         -58464.700227174377      
148         -60367.672753854647      
146         -59362.708851284049      
150         -60354.035046797952      
142         -52716.58486068721       
149         -56298.977970467924      
146         -57929.661828579199      
148         -58643.164320311429      
147         -57762.401224256348      
150         -61321.565120390835      
152         -62876.156642541711      
149         -62437.094367494428      
148         -61039.702634919966      
150         -60495.023978157689      
146         -58425.315176478493      
147         -58009.875474720255      
146         -56493.594133503408      
144         -57721.559932439348      
146         -59169.40691654868       
143         -57460.619505696603      
147         -58543.642832457859      
146         -58080.13119854805       
144         -57530.322805954318      
148         -57913.490227097973      
142         -54923.310456946543      
143         -54358.351963884888      
143         -55292.407111273722      
