450 1 -3880 35 35 35
149         -356988.81842756632      
147         -351625.20314836421      
147         -353920.12378764071      
150         -368568.78059903934      
150         -367337.87863332732      
147         -351631.35565733572      
145         -343751.64112675836      
146         -346608.13720019476      
144         -340633.98404048255      
141         -331698.46760946163      
144         -344860.12488172634      
143         -339919.79254926817      
141         -330820.95323022001      
147         -356408.55590847612      
149         -364656.63773133239      
149         -360672.25699445582      
151         -368087.45212542749      
153         -381445.41585221759      
151         -375500.20953927102      
154         -386503.62987392         
146         -350091.85008399631      
147         -355002.02953585004      
149         -363351.61483669357      
151         -375108.35928110051      
148         -360848.73368763819      
146         -350395.9405305718       
148         -360342.90893708786      
153         -382115.11985676503      
150         -368421.9840755699       
148         -361631.48983334436      
150         -376514.32499745622      
151         -379781.5744309107       
152         -384935.4903508721       
151         -380657.33029869403      
145         -349904.5139183756       
145         -347655.78687231475      
142         -332551.98552559875      
146         -347187.1798830257       
143         -333032.1773295101       
143         -334331.08198170102      
144         -341009.62204268732      
144         -342201.76068684243      
143         -338823.75540122821      
143         -336467.7552122777       
141         -328884.79616902641      
137         -313817.63814830396      
141         -329728.14649763866      
144         -343783.19923379278      
144         -340258.24470416794      
149         -363591.19449206418      
147         -356258.15248833911      
150         -368995.85118350619      
154         -383132.3735393706       
153         -377225.47787983133      
150         -362419.82307624491      
151         -366926.57370462111      
152         -372802.38339864655      
152         -374499.80524449155      
151         -370038.95885264903      
149         -361967.50457457406      
147         -355101.69702977419      
150         -370562.63028283301      
152         -379751.33787229488      
150         -371307.96507267561      
149         -365399.86411586951      
152         -378304.82146217144      
152         -377720.65229815186      
154         -383572.41574316873      
154         -388522.70589972328      
155         -392215.32931174547      
153         -385290.91994679021      
148         -357785.48444345954      
151         -368882.99367211561      
152         -373175.33784329722      
149         -367298.37569922791      
149         -366615.0105626366       
150         -366448.20461494772      
149         -361875.85826952069      
153         -380173.27713985275      
149         -365764.46577666426      
150         -366321.99023480859      
148         -359232.12888469046      
149         -363780.41446262639      
150         -363128.55719587824      
152         -372195.9530943869       
152         -374446.58912910573      
157         -397485.45958946832      
156         -393431.1551768221       
151         -371791.02951922378      
148         -357273.1986063621       
151         -370950.29897179565      
154         -385410.50441879785      
152         -381752.44198139547      
152         -382801.44578402909      
156         -399932.48015757301      
155         -397812.5762170027       
150         -370225.67546084116      
152         -375938.5297209635       
152         -378365.01933225855      
151         -374323.33803824376      
147         -356378.10868398147      
