450 1 -3880 35 35 35
153         -387784.77640665008      
150         -371366.1794889064       
150         -373105.03548823984      
149         -364889.1217091101       
149         -366174.90696285531      
145         -348761.99483692489      
144         -348973.02767274831      
145         -350220.28506214835      
143         -333175.39942302241      
139         -320948.50171145122      
140         -320437.11954714655      
140         -326984.94042684487      
140         -324591.52715046005      
143         -326868.43045628507      
139         -311988.0504541751       
137         -309357.62640881736      
137         -310470.71816778637      
139         -319650.80319641897      
145         -339133.27357957955      
145         -341926.99406414502      
143         -339032.14920054132      
141         -333069.50699790707      
143         -340524.17666144203      
139         -325839.85170880338      
147         -352325.85669305327      
146         -347989.7607675661       
151         -375065.37743001379      
153         -383696.51251896075      
155         -389333.7443219042       
156         -393484.68047399621      
156         -395249.90051169298      
154         -388166.4856037671       
153         -384473.33948301105      
150         -371038.94190224796      
146         -352033.04265687283      
143         -342332.87268198171      
142         -337998.13781406078      
144         -344887.80272405944      
144         -346757.88890929433      
147         -356603.11345416284      
147         -357313.19566228561      
150         -374601.19243188796      
150         -375583.88233635621      
152         -384231.8458488555       
150         -375828.1432365462       
149         -370231.75424568594      
153         -389362.37464723061      
153         -391956.71373502165      
153         -390111.15758957993      
153         -390707.12919974769      
151         -382968.53081588348      
148         -368162.91723826114      
142         -341080.8232829232       
146         -360012.61659935181      
142         -339677.84504848439      
142         -343543.61156993615      
141         -336109.02420019137      
144         -348730.30453326553      
152         -379562.26988189289      
150         -370457.95825243939      
149         -361726.61182329163      
144         -340681.10054549319      
147         -360983.15749600099      
149         -368460.13617865741      
148         -364007.60150352097      
150         -372374.63255089615      
147         -359218.40498899238      
148         -360617.63224061369      
148         -362062.54747460276      
148         -359543.20013331447      
148         -359364.65630725725      
149         -365888.58438010368      
148         -366477.46058662818      
150         -373785.18139732862      
147         -357643.24176171888      
150         -366934.65969473089      
145         -346223.94589442248      
149         -364140.06641889393      
148         -360015.42209095554      
145         -348293.46197768865      
143         -344567.24010007316      
144         -345385.65253872541      
143         -338750.63869663584      
143         -340294.89489349956      
141         -328476.13032848987      
141         -321876.15771066141      
142         -329462.50803699659      
144         -337199.72252039518      
144         -337345.43363520794      
144         -338460.47566392989      
145         -341411.4588595439       
145         -345626.48457583849      
150         -363013.54115392687      
147         -353168.06609793036      
149         -369013.84179323789      
148         -364978.66951654397      
149         -368058.74916657963      
151         -374623.75596166769      
153         -379105.5080324267       
154         -386196.6536205532       
155         -389208.59710852825      
