450 1 -3880 35 35 35
154         -64753.721814424134      
153         -62833.337801478163      
155         -63493.116700128929      
156         -62604.658484343316      
151         -63444.967964632953      
147         -59922.683879177341      
142         -55348.095409108922      
147         -57515.815410782488      
146         -57814.2635805924        
148         -58328.924367891384      
148         -59593.521631234216      
140         -54290.312598799705      
145         -56999.384977889116      
147         -58995.111050488566      
146         -60785.853695321886      
142         -58484.044542279444      
142         -55507.592863609942      
144         -56651.280535309364      
144         -56150.9401842718        
146         -57319.930875624748      
146         -57197.869974425717      
148         -61830.869881974526      
150         -64245.36951192798       
148         -62776.538632775089      
148         -65199.682300877183      
141         -61118.795469524499      
145         -62152.6589584998        
143         -58991.807755576912      
148         -61176.901692757609      
151         -61694.743571258317      
148         -59934.972003566822      
153         -62578.476419587088      
154         -64399.909186660625      
154         -64776.483110518428      
151         -64952.699272302787      
150         -64191.930272494319      
153         -66666.631756635004      
151         -65525.826255360233      
151         -64484.337093585498      
150         -63066.480113110905      
148         -61011.587986939187      
151         -63496.137538177449      
150         -64788.006826974917      
151         -64341.004919869243      
152         -67070.443109615837      
150         -66095.855147285663      
151         -66178.392826281575      
150         -64746.429657374683      
149         -63874.621249246855      
153         -65514.194023904594      
154         -65146.024743298971      
154         -64887.583168087818      
153         -62625.773888089236      
151         -61077.543048718442      
148         -58049.336898190893      
147         -57939.809706593478      
148         -58152.256177528485      
152         -61675.557216267916      
152         -61295.781118955056      
153         -58195.287100234222      
149         -55461.770570314147      
151         -56213.038200944669      
149         -58623.424903297062      
152         -62089.825525637258      
153         -63857.592417543594      
152         -64846.382907678351      
146         -60591.016264176476      
151         -63767.090836077747      
148         -59850.041941890267      
148         -61610.448084924174      
151         -64024.007849802991      
151         -62383.516027963786      
154         -62599.327681193579      
150         -62505.028405310972      
151         -61057.240633362228      
147         -59730.861567453932      
144         -59952.223585907566      
145         -60788.267957330645      
143         -58303.260900872221      
141         -57024.097291774298      
139         -54215.789417355445      
142         -54547.431237245008      
145         -56506.399080269708      
140         -51866.218693535804      
142         -55915.277128732378      
143         -55850.423559894305      
144         -56917.172557379505      
148         -61466.851552423024      
149         -60468.325089377766      
147         -59461.2169160868        
147         -60897.283165767592      
144         -57676.904674116558      
145         -56158.62494998191       
146         -56301.368667801551      
143         -55415.35861663548       
147         -57392.274367070109      
144         -55422.857484645065      
140         -52620.90261399102       
143         -54603.653825862406      
143         -53343.442153624303      
142         -52159.150389059956      
