450 1 -3880 35 35 35
147         -360015.77252182248      
151         -378653.6076040343       
151         -383366.84470309532      
153         -388907.04516616592      
151         -380509.44836491777      
153         -390046.20235025033      
154         -396591.13011343568      
155         -398932.56383719551      
157         -409414.21228452906      
155         -401743.44044103788      
155         -401751.66528631566      
155         -402371.09557686554      
156         -404052.28433474328      
156         -406555.06090803468      
158         -414810.34500350058      
161         -426055.16002209834      
159         -417041.51366418245      
158         -409262.16129690921      
158         -409769.44977860991      
157         -407630.26476754562      
159         -414641.22410137922      
156         -398736.68489574525      
155         -398597.76271620719      
154         -397663.20024472638      
153         -393197.1649746995       
153         -391527.51319924556      
147         -365289.3712541149       
145         -348719.17559825472      
146         -348952.90837285522      
146         -358585.17009349825      
148         -363461.75235249795      
149         -368926.08717331389      
151         -381254.63355660735      
154         -393878.56153298856      
151         -379384.89087131229      
149         -370469.51542120764      
150         -380588.73699843977      
149         -372050.55716950184      
150         -374801.98027599033      
151         -378851.13455603964      
148         -364193.3409312343       
145         -352473.04864333465      
145         -350425.85690039565      
146         -349707.68182321393      
139         -319221.19345884759      
143         -331158.03033755935      
141         -316380.59075602947      
142         -323812.36051206966      
138         -309229.95297498495      
135         -297570.76701209083      
135         -292728.24544530676      
141         -317093.3694426181       
137         -307584.75801712991      
145         -337691.97469337727      
137         -309125.61827808525      
134         -289123.26860505872      
138         -311419.58736287768      
136         -305675.1529719258       
138         -316824.2536111977       
144         -342775.83281044185      
146         -345491.69715947745      
146         -348781.08054261951      
142         -335051.42657817306      
141         -328917.28100434877      
139         -322773.84657311847      
142         -334289.40817882074      
138         -318743.41774371744      
140         -323917.09559499804      
142         -330331.1828399403       
148         -356656.5549551039       
151         -371124.2968453592       
154         -383843.02390364581      
151         -372186.18127929396      
153         -377138.20817908924      
155         -388179.01452868758      
156         -389582.98168389965      
160         -408040.49775854574      
156         -389572.08228220424      
155         -386727.40129368188      
153         -377901.38310782937      
154         -382441.62968941452      
152         -376425.20026536827      
151         -372762.03569534974      
151         -373490.4070334612       
155         -389587.43347793096      
152         -377454.73961008486      
150         -367851.55693063536      
151         -372952.10231579904      
152         -377704.97438097984      
154         -388894.76938504854      
153         -381702.08887795836      
151         -381411.1432129122       
151         -379969.79015165957      
150         -377056.41258621751      
149         -369353.91019471415      
155         -393196.66553130653      
153         -384714.82812113035      
149         -368667.48111343867      
148         -361434.78355693049      
150         -369914.58137317939      
150         -371143.26719742181      
