450 1 -3880 35 35 35
148         -365768.11762389186      
149         -370571.24869486009      
153         -386259.80580548878      
152         -377360.31042860728      
148         -362818.44364231906      
146         -348974.61618910573      
142         -337566.50150667952      
148         -357870.0613069114       
147         -352829.23038665566      
149         -361670.71613171132      
151         -375528.4165710606       
155         -392028.83575367229      
153         -384874.25017891784      
150         -367335.95369788812      
151         -374570.7629521343       
151         -374510.39975091087      
149         -364434.02177392604      
147         -357699.76783432555      
148         -360372.82399782597      
147         -356920.97620842187      
145         -351340.52653893147      
151         -376708.33876313613      
152         -380490.45275348163      
148         -364705.37874725566      
144         -348168.89397192758      
141         -338917.39500573964      
147         -356195.67548550514      
150         -370987.56193182769      
146         -355183.45857928746      
144         -344281.59128344979      
143         -340847.82239831897      
142         -331776.01386273536      
141         -325682.2613578795       
140         -327379.05397578597      
146         -348997.30894490686      
144         -340628.1905072073       
146         -353812.33033531933      
140         -334203.64663526451      
141         -335931.90848595963      
141         -335461.54026978958      
144         -346668.03883502772      
143         -340890.46514407161      
142         -335125.84816395736      
138         -325317.73520688718      
140         -331193.3058577074       
147         -363854.96013927262      
142         -346440.12983507605      
147         -365558.379951554        
142         -346927.38841136382      
146         -362275.57660325011      
150         -377521.5960052922       
148         -364186.67452388105      
146         -354600.67097028153      
151         -374408.54694538849      
149         -368181.48666390526      
148         -362540.30600685423      
146         -354465.96255291539      
144         -348893.81245739281      
143         -334502.02609692531      
142         -337098.39761636604      
140         -330534.72914713563      
138         -317520.26529275312      
139         -323757.13482037309      
144         -344861.42033205891      
140         -329077.31391846651      
140         -324352.80653641646      
143         -340971.55898063508      
147         -357937.4971718234       
146         -353436.21285672404      
149         -365643.43101654149      
148         -367130.49948082428      
142         -336015.476571501        
140         -322571.27739246597      
144         -341342.24714596767      
147         -354286.51324940263      
149         -363609.37631233461      
149         -362933.19116776058      
145         -340227.02905851474      
144         -337898.0088549871       
144         -339870.06420558156      
143         -332504.01864938479      
142         -329456.25267683854      
141         -332421.22724401514      
144         -344862.05528947175      
145         -351717.47240039264      
138         -324884.86453402933      
139         -323741.1756200146       
142         -337441.86537115846      
147         -354123.93758756429      
148         -362736.74562405341      
150         -369097.42648807884      
144         -346390.77181007655      
148         -361604.68053776259      
149         -365380.2272550278       
145         -341722.96112507425      
146         -342848.90724797692      
145         -340095.3853893436       
142         -329032.12208394811      
139         -322932.39250531996      
147         -356950.64864241134      
147         -355660.34216510481      
