450 1 -3880 35 35 35
157         -145882.59290314879      
157         -146015.03817064047      
157         -146552.75763836806      
158         -146183.47390569255      
158         -145732.16582687112      
158         -145802.45321079122      
154         -140604.54472080621      
155         -140333.82190428872      
157         -144173.91742099513      
158         -144145.90316969773      
157         -140497.00685211993      
155         -139012.38742725784      
154         -136459.36694899874      
155         -134994.08583204082      
149         -129084.92445648969      
147         -127758.48715769709      
148         -127931.57914757043      
151         -133560.75945168361      
147         -126631.49926631997      
149         -129230.39318010815      
151         -131393.14077955403      
153         -136438.42587334095      
152         -135476.69806197038      
153         -135953.30979043915      
150         -132124.12096074471      
149         -129118.41718722247      
150         -129130.04187065293      
147         -125425.65516606966      
148         -126164.36612252802      
149         -126380.67987148563      
147         -124714.89331031289      
147         -122485.00929835104      
149         -124785.97330980186      
152         -128896.40930429478      
151         -127239.30757084217      
153         -128729.93043491864      
153         -127634.29147146133      
149         -125760.12789252881      
148         -125843.51452979687      
151         -128323.32639701152      
150         -127484.01659159356      
144         -118855.88761300192      
146         -123134.77635133197      
144         -118860.83775599947      
143         -117146.0528023087       
147         -123939.19278975844      
150         -128655.57575709387      
149         -128316.14323153948      
151         -131040.64370827859      
151         -131777.64592587124      
151         -134286.33544707886      
150         -134002.04806409223      
147         -125914.83283779093      
144         -119341.32685918838      
144         -120150.96706919113      
146         -118919.88472636412      
146         -122040.51799439878      
148         -123058.73348602719      
148         -123294.24999332728      
151         -126711.53238104202      
150         -122593.63792064111      
143         -111475.91517888747      
145         -116923.50313973676      
143         -115208.8459209579       
141         -113333.25082156301      
140         -110394.24704271929      
141         -110678.19742836819      
143         -114167.24570013086      
144         -117449.79451914941      
145         -119609.52938282501      
146         -119122.87178549125      
142         -115127.56259180942      
142         -112857.73325716681      
143         -116071.66187328052      
140         -115147.95656505524      
144         -116634.56283093884      
145         -119458.35447248362      
143         -117270.35018743879      
149         -127179.60606064076      
146         -122541.39315151694      
145         -121908.27724720869      
145         -120559.05828893359      
144         -120505.97411570666      
143         -119324.83808958366      
146         -125546.95642547228      
149         -130716.82533563839      
147         -125578.89795829872      
147         -124803.15944727589      
153         -134400.84612343964      
153         -135166.4716880238       
153         -134578.57765322956      
150         -130717.33882147678      
150         -131454.55060674885      
152         -133995.96103235884      
151         -132304.6611920147       
149         -127028.82605786026      
148         -129315.00259594906      
146         -125856.17976247639      
146         -126090.74192997893      
145         -125152.61523990426      
149         -131405.59573307825      
