450 1 -3880 35 35 35
142         -332519.54009196389      
147         -351781.05068005447      
145         -338455.69958582299      
146         -345505.18323082424      
142         -330598.67090745806      
145         -346498.77239765762      
143         -341371.57909232745      
144         -351626.4830829266       
149         -373742.03778901731      
151         -382733.18611835205      
158         -418947.73223139008      
156         -406044.12156603916      
156         -404317.29345838912      
159         -416359.50405182142      
154         -395466.38738258998      
154         -393971.2793530036       
153         -392552.03798912419      
159         -416963.59186849289      
158         -411515.58260946255      
155         -398614.09415667201      
158         -413487.28711399005      
157         -413106.15157085756      
154         -399851.92718659656      
154         -401905.53657424328      
156         -407943.88279768184      
155         -402766.5384521716       
152         -388060.5822156308       
151         -385306.77734060358      
153         -395601.62970524136      
156         -408085.98857188667      
154         -399808.80430556304      
152         -386677.50950819487      
152         -376322.19165216479      
151         -372728.24897460954      
149         -365759.19528554671      
149         -367326.06214203482      
150         -371479.35519753885      
154         -385920.60491668095      
158         -402941.61364818644      
154         -390312.63157179143      
155         -396933.01532341028      
155         -399088.29581541271      
154         -394791.18782741128      
154         -398938.25690736488      
160         -417600.90958712739      
159         -413551.97167112184      
158         -410878.44877299457      
158         -414139.02303720603      
160         -422105.06078049995      
160         -423088.71393903421      
162         -437261.88439727994      
159         -427954.69373483397      
160         -430920.35871390085      
159         -422496.09797353565      
159         -419255.04430993611      
155         -402290.2620486482       
154         -399155.0962712905       
156         -409249.38300960569      
154         -400701.5353089557       
156         -409462.09044690279      
156         -405375.17106979911      
157         -409239.48088056926      
157         -410994.46596387523      
156         -408766.29646321759      
154         -401140.97504007333      
154         -402430.46110482613      
153         -395701.19616312761      
152         -389019.71071735257      
150         -383056.59956415073      
152         -389199.06244994455      
153         -391430.9339525922       
154         -394543.56095169636      
154         -396123.3408330956       
156         -406551.76380629255      
159         -411264.02218647825      
153         -383585.62945504417      
154         -386191.69081760134      
155         -393541.56001521321      
151         -377163.39210531599      
154         -391123.30572373944      
155         -393421.85585846362      
153         -387834.22511541023      
151         -376562.70522193878      
147         -357576.20648838009      
147         -358129.03504528076      
145         -346967.53087757458      
146         -353627.05623024638      
142         -340427.26618303981      
145         -348756.55708046566      
148         -362107.06490497256      
148         -360108.46898498939      
148         -363664.79217602382      
149         -368588.37217293197      
146         -356782.80660609965      
145         -347562.89250211511      
145         -347446.74556811765      
147         -351502.01750539092      
149         -368716.53638380382      
149         -366798.05101110903      
150         -372960.3679131401       
153         -385725.93167968746      
