450 1 -3880 35 35 35
140         -314711.45514764183      
142         -326521.45057066937      
139         -321043.6935594767       
137         -307922.66075322696      
140         -320412.65574765974      
141         -323850.34359039273      
142         -328591.3942432733       
143         -332051.22357608814      
147         -349540.98575510178      
145         -341951.27503989422      
144         -340012.38704219484      
147         -349685.52556689386      
147         -353145.72403940721      
142         -331309.78522982961      
146         -347906.7730474954       
145         -345230.80308290722      
146         -352350.07604265289      
143         -339111.92955841246      
145         -347370.44895967742      
145         -341545.66555635812      
144         -336968.64367467596      
140         -321312.71654616203      
139         -319598.31494201743      
144         -336976.07428905263      
139         -311125.24794334016      
140         -314653.50215311756      
139         -314674.44729206589      
136         -300434.49630201707      
141         -320086.08186433162      
136         -307640.17415683781      
138         -307462.45469179604      
140         -317760.15885311959      
145         -339088.64221189095      
146         -346127.3387645951       
149         -366005.23110965721      
145         -354621.13934216578      
147         -364570.60831824678      
150         -368630.85492631909      
153         -377919.61375541403      
153         -377162.85952076851      
150         -367673.91727270745      
147         -359947.48257288756      
152         -375178.49164441967      
151         -369812.06738071714      
151         -370699.96519618662      
154         -384433.65605416708      
150         -370307.83251365134      
158         -403308.68500840821      
152         -379417.67476426758      
152         -377354.71387004264      
150         -366977.37155973993      
150         -364295.74426712259      
147         -350687.25840457471      
147         -351780.93076196034      
146         -349165.35127470817      
146         -346366.09447765606      
147         -354598.68695425137      
145         -351269.84135604335      
146         -351022.69009381463      
148         -361028.97445188893      
147         -359140.1782791937       
148         -362169.29062228638      
142         -343162.30137925461      
147         -359092.38079257426      
145         -355142.62684818142      
150         -373752.27917580691      
152         -381314.83332478808      
153         -387558.05089988565      
154         -391590.74499805394      
154         -390212.23950149975      
151         -377844.0272255665       
148         -366913.68285645056      
151         -373276.33392441989      
151         -375219.64774161979      
155         -397463.50047242595      
156         -396944.25029848143      
158         -404352.20898933226      
156         -393958.29837945336      
158         -403998.35256043012      
154         -386312.1795497908       
154         -387076.94439595315      
155         -390645.42484524136      
156         -397441.0597457051       
157         -400974.19905943383      
154         -393094.61163723498      
150         -373708.48475053301      
151         -382373.95770042069      
148         -367551.98569983931      
147         -360054.18871570099      
148         -364946.89554176445      
144         -353477.42047278874      
148         -370356.93193142163      
145         -356245.58306998922      
149         -370196.07455897098      
149         -371403.32299304422      
152         -388081.08314972027      
155         -400745.80431033461      
156         -402440.76071675727      
155         -396977.97684952198      
152         -384306.75776789297      
152         -385347.62100776524      
