450 1 -3880 35 35 35
146         -345638.92418909463      
150         -367405.7852896754       
148         -359147.18164548639      
146         -350361.47197941318      
148         -357103.21437210566      
149         -362800.82090747973      
151         -373468.15287458198      
149         -361616.24538893305      
150         -365288.10202537023      
150         -365660.18851533422      
150         -370107.18377671926      
150         -370230.80299324467      
150         -367258.50873134489      
152         -370610.98885780288      
151         -363095.6255469126       
147         -344937.57043701911      
149         -358048.9473201806       
148         -352449.2595927947       
150         -361954.53478628863      
151         -369952.32860410644      
148         -358966.01417892962      
146         -349792.86493241607      
146         -350891.33904050267      
148         -360176.40648395428      
150         -372625.23645816365      
148         -359231.06749992189      
147         -355354.06935667119      
147         -352353.75288995192      
145         -350148.32283665042      
147         -357515.76062803983      
149         -367916.5468132192       
147         -355109.5589751309       
147         -355182.72514363006      
148         -356392.78897609061      
147         -353423.84923209844      
147         -355259.70870676043      
151         -370483.97700073995      
150         -366188.58536120201      
150         -367053.14214845607      
146         -350444.27499063144      
148         -353977.17562343727      
143         -334403.27036212344      
142         -333997.95934017794      
145         -343795.93799035368      
144         -337635.94977580896      
144         -336408.73857462005      
140         -317431.02143384039      
141         -319657.33298045513      
147         -350218.09110472968      
149         -353053.73899819364      
145         -337987.78607430012      
145         -333549.11753258761      
143         -328094.92548131716      
142         -321456.50156218291      
139         -311366.71701927704      
140         -318292.63327280397      
143         -334252.29017673893      
142         -330815.74630888586      
139         -320765.0031641323       
141         -325670.67602363415      
149         -361835.37783826515      
145         -345957.8472730692       
142         -328905.69915675366      
141         -322404.38304834464      
138         -314224.54000326019      
140         -323135.50979066023      
141         -324188.84021676506      
135         -307212.85811768629      
139         -317573.42279082217      
137         -308786.78288804332      
142         -328778.24233981699      
144         -337967.10335862706      
141         -326286.8278385523       
145         -343215.07150390104      
145         -342029.2829507984       
143         -333048.01041013439      
143         -334664.27433511877      
147         -351603.47511941253      
149         -362719.41814245039      
149         -361730.46864136274      
150         -361257.04218905733      
147         -346533.32191079843      
147         -344716.82723635761      
146         -341339.14988650894      
147         -348874.6449901025       
146         -343802.70338288537      
146         -345971.54550440505      
142         -334432.61941391567      
144         -343917.01319090382      
144         -342478.78135097306      
146         -344944.93370256748      
146         -346367.3955389412       
141         -326702.84215631592      
143         -337016.17255934427      
148         -357328.94528969168      
146         -348356.73327776376      
142         -332287.43567123613      
146         -343517.07113897009      
143         -330045.98928064451      
145         -345120.55972567661      
146         -353529.09928434377      
