450 1 -3880 35 35 35
155         -64191.518158448518      
151         -63083.055970301291      
154         -64843.032344451334      
156         -66133.422795921346      
155         -65229.718488850624      
157         -62544.628090122555      
156         -65335.43652513776       
154         -62283.950050478685      
157         -65202.491773845024      
154         -62400.63712074855       
153         -61736.223397587615      
153         -61449.845764883779      
153         -61393.466096296834      
153         -61225.876492996817      
150         -59398.831567928653      
150         -59508.488331537788      
148         -58013.261031311195      
150         -57977.997729550341      
153         -61616.265990443979      
150         -60705.870445702261      
150         -61730.779322432674      
148         -61742.690874597312      
151         -62862.678182801901      
150         -63621.990121598043      
148         -62563.568103819991      
150         -62651.483809780002      
154         -65461.894109182555      
154         -65718.244493060018      
154         -66225.007986142271      
158         -68681.434626266797      
155         -65093.006359285784      
155         -65502.669023336377      
155         -63967.734210488321      
155         -68075.743281799849      
152         -63194.151612323185      
154         -65302.992677955408      
149         -62780.406206266918      
153         -65601.258132375384      
153         -64946.984405744777      
150         -62719.756520490257      
149         -59475.316710604871      
149         -60015.822670884249      
151         -59157.583699957155      
149         -57880.552412659592      
147         -56056.431306636478      
146         -54095.654311010381      
148         -56913.543845492117      
146         -55655.765810041732      
144         -55311.165178679868      
148         -58635.698039697316      
149         -58986.707684160567      
148         -58024.523510288971      
143         -54877.100353104543      
142         -53085.761087062609      
142         -54354.399419939989      
137         -53687.988867384542      
138         -54839.916825865766      
141         -55615.452479996675      
142         -53627.238673749103      
138         -54051.673346949618      
137         -54763.507612606343      
143         -56235.695705783743      
140         -52544.320100316734      
140         -54714.915311369012      
142         -55070.764666796233      
139         -53752.946099714056      
139         -53360.000218796275      
136         -51772.687520808286      
134         -50993.852015447781      
139         -54651.885021217728      
138         -52198.867485772244      
141         -54120.636947786181      
139         -51970.682311441364      
143         -54329.699006342096      
145         -58675.265673689566      
141         -55474.031900759197      
138         -54023.512455943986      
140         -54974.627285858194      
137         -53097.547250942196      
136         -51780.41151333959       
141         -54155.222203655787      
138         -53515.461925112482      
143         -54418.975817715604      
146         -58129.113595473777      
147         -58651.026249600349      
148         -59258.253993415165      
148         -57919.200144714392      
149         -58593.682654344411      
150         -59909.687316005984      
146         -58879.580986794448      
147         -60110.569808780703      
148         -59175.057875218721      
147         -58732.303511182436      
149         -58005.656895859393      
148         -58450.23976809164       
145         -56548.479958720403      
143         -53676.852751144266      
142         -55117.165110202455      
143         -56412.433884217535      
143         -55198.889098310494      
143         -53625.365037822165      
