450 1 -3880 35 35 35
148         -355196.20703849744      
152         -374947.35127914738      
151         -370785.75369958859      
151         -372880.66257211141      
151         -375064.00723254023      
149         -365946.24337150616      
149         -365450.1230569628       
151         -375352.54434465157      
150         -370257.52329926635      
151         -376389.58699744532      
149         -366342.33282389416      
148         -361369.48859625333      
146         -354819.63440664619      
145         -344969.95610930573      
147         -354029.41639406758      
146         -348460.65300625685      
146         -349692.34191138734      
150         -365817.48343970382      
148         -356805.90899582615      
149         -362291.21253289265      
148         -364678.26151019346      
154         -386404.63531772012      
153         -384730.96860764199      
151         -371589.51794123469      
153         -377982.19122471567      
152         -375816.47610201908      
151         -373302.8834556159       
149         -364709.68073357682      
149         -363317.04621209588      
148         -361691.37284127704      
147         -354694.20231852727      
149         -362016.56769120862      
149         -365333.67519685457      
143         -340683.34730304772      
143         -339412.00957096636      
145         -348144.22922370938      
144         -346174.85013739124      
145         -352427.8547141013       
149         -364508.52553399262      
150         -368265.19326324714      
151         -376014.02867438615      
154         -393318.39702907973      
151         -379759.58638719056      
157         -404887.92097520264      
155         -395194.88399891776      
154         -391330.68309131777      
151         -376792.57115119591      
150         -372820.2648606546       
150         -366629.6733058258       
149         -355218.74467626924      
146         -347960.36106816231      
149         -358875.1301840627       
144         -336958.57994417148      
145         -339493.40696624224      
142         -332656.26838951709      
150         -369216.24669036141      
148         -364666.38052929752      
148         -362148.03748899332      
149         -365591.81896536023      
150         -371938.90902964387      
149         -369229.91005896189      
152         -379912.54972571781      
151         -378918.08781331364      
152         -378831.26586000249      
150         -368100.86378043413      
148         -359265.77178179251      
148         -358991.84933073306      
149         -364423.16319971666      
151         -374825.05032054061      
147         -356455.22852397367      
149         -360901.13477667043      
148         -358465.51346270618      
147         -356780.07054528687      
149         -364968.79233765363      
151         -377263.70816942758      
149         -367765.67316656915      
145         -347820.14446555747      
144         -337999.5776680744       
140         -324923.80113867979      
144         -336449.21599230543      
144         -340582.49168415728      
144         -338737.91352398146      
143         -336894.68455145118      
144         -341937.4963024371       
144         -340619.44000042649      
145         -347848.1654504654       
150         -367979.45021456073      
148         -362208.07199522713      
146         -357683.0487508527       
146         -351792.77488761029      
152         -380815.50685686298      
151         -378444.5507738787       
153         -389053.59534210281      
150         -375506.77998835407      
150         -378996.77497781732      
150         -375258.12261778314      
144         -349246.18791297742      
146         -355799.44630218495      
146         -355524.03800165805      
148         -362226.7851121719       
148         -364630.36397361918      
