450 1 -3880 35 35 35
150         -371910.13571617578      
149         -369091.48876878456      
148         -360777.2936741563       
132         -300343.86964155862      
137         -312061.47647352226      
139         -314635.75307360635      
141         -324066.01577142184      
145         -335580.85451589408      
142         -329706.4775447016       
143         -336660.18391751935      
147         -350283.97537404636      
146         -349245.46977007075      
147         -350826.84674915601      
140         -327265.24250757997      
142         -330947.01538672182      
144         -336964.95421119349      
148         -358194.88668363402      
148         -359403.62700438465      
148         -355326.9458932702       
147         -348203.95345691405      
147         -343783.58992081485      
146         -343833.32514854195      
144         -337165.66146764025      
146         -346243.76220815454      
149         -357227.53628961951      
143         -337367.09306448698      
142         -331854.1088413843       
141         -323097.22717777197      
140         -315213.43096628645      
134         -293568.60896146699      
136         -301280.48392516159      
137         -305411.0912769495       
136         -301137.80305791501      
139         -314127.26029979566      
141         -319013.55412239709      
142         -324679.64177680644      
141         -318497.42384851514      
144         -330900.5125076492       
145         -338614.11891266995      
148         -348599.3321913525       
146         -340904.7410591974       
147         -350195.8186248698       
146         -347575.22402388218      
148         -355292.95796409214      
149         -361102.77937480493      
150         -363873.21963347227      
150         -363788.28450794902      
146         -348208.03809824481      
146         -345089.44895388704      
146         -341898.91057928931      
146         -343116.84602055373      
144         -333728.84680560831      
146         -341075.97067662049      
146         -341745.85688204749      
143         -331517.64960905426      
147         -342277.58928719768      
144         -330082.44243601692      
143         -326606.78505057393      
141         -316110.36671253096      
137         -298932.34640929289      
136         -296693.1275777886       
140         -314631.63634400442      
138         -302380.37306512287      
143         -323707.79279152147      
142         -324891.76396365894      
136         -303449.63716655824      
134         -294567.38480183179      
136         -302764.78017870156      
145         -338504.7451064043       
141         -318886.24397170683      
142         -323835.62367286568      
144         -334193.01266281115      
144         -335513.08489872859      
144         -337178.49310028093      
143         -333753.40787587862      
143         -336625.95056900993      
146         -343765.71866714733      
147         -352976.9120445773       
146         -349625.55974490679      
148         -355550.0706527353       
150         -367373.11766187777      
145         -348525.16008448938      
145         -346925.85081193666      
145         -348847.43527009134      
147         -358916.3064157347       
147         -353956.3664956307       
149         -362652.82422030839      
141         -329922.3288814656       
141         -326305.33142265165      
139         -317687.47059492319      
144         -338818.30805738026      
144         -338809.31377194903      
143         -332514.66154124559      
146         -343338.64681530884      
144         -333992.27689463925      
150         -362512.21484215168      
151         -367502.77633150271      
146         -345626.39751414116      
143         -336017.75626496086      
140         -325570.07107944367      
140         -327425.13019473746      
