450 1 -3880 35 35 35
155         -67081.474050774006      
155         -65781.533892726118      
155         -64808.484787435882      
154         -65682.012316668464      
155         -65940.839728054067      
155         -66224.788604427042      
151         -63624.553554250815      
145         -56557.575105794109      
144         -54737.287217125144      
145         -53777.210001177678      
149         -57767.541753624064      
145         -52263.182652841118      
141         -49992.998747856123      
139         -49850.551112991525      
143         -53028.414804656721      
145         -53205.225212562917      
143         -52516.566336717435      
138         -51282.584148367867      
137         -50625.766995889404      
134         -50120.515383298574      
136         -51128.896033012767      
142         -55761.332496919036      
141         -56146.02059512501       
142         -56527.294383293382      
143         -56639.557535113425      
144         -54766.684335836297      
146         -57203.592808544643      
146         -58200.934245661949      
148         -58498.970286218275      
146         -57039.424820699867      
142         -54465.918157851651      
142         -53689.812107188583      
141         -54365.113215703146      
142         -55123.928430881344      
141         -53425.576936238052      
141         -53061.050440265513      
139         -51390.334976277954      
143         -54846.456251943942      
145         -56679.099423586566      
146         -57825.818063904102      
145         -56773.338808431006      
145         -58231.625242226772      
147         -59308.937012931921      
145         -58311.453863543211      
149         -61823.103444053333      
149         -62387.874174817553      
150         -63849.734945974225      
149         -62547.474087001909      
150         -61427.291904220729      
150         -61642.884268400216      
151         -62296.259594568663      
153         -62496.497615152053      
149         -60945.918897558317      
148         -62252.596050065469      
149         -63067.227768593351      
147         -59558.057505469602      
146         -54990.345312539415      
150         -59045.461762272607      
147         -57715.740380272611      
144         -55091.01057596178       
145         -52947.122584934448      
144         -50829.812248561851      
150         -56372.67400274532       
147         -57320.934083197688      
147         -57469.427544242637      
149         -56440.817708092174      
147         -54771.404122951899      
147         -56490.073712341917      
147         -58447.935455086808      
143         -55885.781909017205      
144         -56461.358688342283      
147         -60815.887365385359      
153         -65620.290535727661      
152         -63077.266114442085      
153         -62762.21834759893       
153         -62033.748833779959      
150         -60233.708219225693      
153         -62405.112925570233      
152         -64512.765492732899      
153         -65427.470683422733      
154         -68200.095181476077      
152         -66463.94855030466       
156         -69512.448419071457      
156         -68695.531640412868      
155         -67258.991877987966      
153         -67465.70136472139       
152         -66345.902827527447      
152         -65584.017185882345      
150         -61750.676015942474      
151         -62630.591025564907      
152         -61442.099383696172      
152         -61582.076601473054      
153         -63316.243142243489      
151         -62734.025413407013      
152         -62077.089951798815      
151         -61594.630059824674      
147         -57722.419015321597      
147         -57226.503793015967      
146         -57928.900140194433      
144         -51783.416836577206      
146         -54400.872382352696      
