450 1 -3880 35 35 35
155         -404382.92847604991      
156         -410042.26986661728      
154         -397913.863828364        
156         -407550.54364079353      
158         -418144.3276578965       
159         -420666.34374068689      
157         -410927.25946600514      
159         -422710.71186567855      
155         -406162.39556127391      
158         -418014.96079467965      
160         -425962.39213712746      
155         -402397.10995177098      
158         -415832.6990622867       
159         -419047.13169140019      
159         -419977.09359126294      
159         -418150.22896010138      
161         -428734.021744425        
161         -428198.01463852311      
158         -412866.23321204545      
162         -430191.70077149034      
162         -430211.52174395864      
160         -421745.14732616139      
159         -417984.0125594954       
160         -417153.11866817682      
160         -419685.57361875824      
160         -421231.42512677895      
159         -413992.81563261268      
159         -413640.42849230987      
158         -411466.82393468922      
159         -417908.27446651086      
160         -422096.6082450152       
156         -402787.54386597045      
157         -406170.39937574632      
154         -391727.42246706574      
156         -402418.03503596212      
155         -393245.38303343416      
153         -384417.73964344698      
153         -384644.51831255149      
149         -368059.48033288692      
150         -372765.03317104653      
154         -387947.09406074829      
151         -375843.16786735883      
149         -366815.01475083758      
149         -367638.2503705899       
151         -378123.04731949931      
153         -387267.91956161067      
153         -388717.78489309223      
152         -384339.31179836916      
154         -392069.23145844514      
148         -362688.37650335091      
145         -350867.21389581938      
147         -355963.12586357654      
145         -343164.99012713274      
143         -334741.12512031168      
145         -341712.09160264081      
143         -333966.37440735789      
143         -335877.24295326136      
138         -307396.053074428        
133         -288687.97234616487      
132         -289505.21655187185      
138         -308513.01607488818      
142         -325861.76727126294      
148         -353451.53452321317      
149         -356676.37149125198      
150         -361381.88930457516      
148         -351719.49839738617      
146         -342268.47972695593      
143         -330920.53740747593      
141         -322419.33686027781      
144         -336551.003747385        
140         -318545.90612913377      
144         -337110.88731789793      
145         -342859.61337985349      
138         -318282.84788160498      
138         -318732.91371861205      
136         -311762.14692774398      
143         -329951.93312867545      
142         -330734.24204112915      
144         -339585.95231601794      
144         -343339.76643639163      
147         -353633.73825085326      
146         -350844.17288689577      
146         -349493.0328864461       
147         -351683.22803822428      
150         -368789.41259815963      
149         -361650.26092841185      
145         -345307.9254442344       
147         -353705.03466600517      
145         -341184.15039329208      
146         -345290.77097557927      
148         -355841.30674869369      
147         -350596.21030979976      
145         -341171.64323961362      
146         -347221.08867615357      
149         -359287.61995600152      
144         -342524.51871444529      
144         -345741.1084282049       
146         -351616.85465041397      
146         -351272.74105848197      
147         -355183.30063370953      
143         -339058.54814989847      
