450 1 -3880 35 35 35
143         -340425.11754833756      
143         -343834.94145784376      
145         -350155.99067116558      
148         -361330.2824750765       
148         -363505.29039584543      
145         -347745.11528291577      
149         -370505.88701060141      
154         -388730.00956558296      
154         -390156.901052478        
151         -375346.43539053627      
151         -376601.83398628817      
151         -376225.43250839104      
149         -364652.50110276666      
147         -358820.66829511744      
146         -355023.31792227371      
152         -381171.09189020802      
155         -395269.32140356908      
148         -367342.94882877573      
150         -375147.12878178369      
154         -392274.58074364683      
153         -387311.48364524625      
152         -380112.33567713725      
151         -374911.94307867839      
153         -384529.62682343018      
146         -355015.98446910916      
147         -353141.97533064219      
142         -335512.31875896698      
149         -367559.19896518189      
147         -355940.51597142045      
147         -355941.39802575263      
146         -351784.8962019984       
148         -361407.78083590907      
148         -361534.43388842262      
152         -378988.46047672309      
153         -382036.31716169219      
154         -387023.21373654564      
153         -384018.93085725943      
150         -373036.04343188566      
154         -390134.3331955208       
152         -383330.55200588651      
152         -385954.66772270849      
155         -397753.83102465235      
156         -399421.80108553125      
157         -402985.22953834612      
155         -397737.14434097428      
155         -398964.97177754861      
154         -397243.17310608772      
148         -368348.54876071983      
144         -356849.70397766423      
148         -368089.55792217911      
151         -378643.93545295799      
153         -382232.05275549297      
151         -377758.79723052162      
153         -382622.49090955965      
154         -383110.89561088884      
151         -370640.10897257359      
153         -380430.63709227613      
150         -370783.6543076738       
151         -377676.00234893808      
155         -396402.42168322951      
155         -394776.03544545628      
155         -390703.2602434564       
154         -389071.3429029478       
151         -379639.27580535476      
152         -380787.60144846351      
148         -361382.43113214831      
152         -381070.9577823432       
151         -376226.5334018225       
151         -374270.31077166944      
150         -370614.14776304935      
150         -372065.56821233325      
150         -368419.98384336598      
147         -358977.06699281442      
150         -371656.80258136906      
149         -368346.77762572229      
151         -377005.1307483422       
150         -373706.82581636304      
150         -377181.35570569237      
152         -384349.48540155677      
154         -393657.07081852038      
150         -372951.18291663914      
152         -383505.2645051296       
150         -374641.63040578971      
151         -376867.83635017776      
150         -374168.87320687517      
149         -370091.46542484214      
150         -372608.73976542248      
150         -370237.67943540693      
152         -381919.04454218521      
154         -385003.31537876686      
155         -393719.29871897853      
156         -399745.2357510734       
158         -411016.93683878926      
156         -407110.47271223378      
156         -406837.14072636206      
155         -402735.18873720278      
152         -391919.61871376727      
154         -393340.32034380105      
153         -388992.741171406        
152         -384584.88797843724      
154         -395369.29308529093      
