450 1 -3880 35 35 35
153         -65774.306818630954      
152         -66000.965010724613      
153         -66711.758423888547      
150         -65093.856026852111      
149         -63550.372344217649      
148         -62906.328281859576      
151         -64419.786736522721      
156         -68865.442346260228      
159         -70738.159930125126      
153         -67779.048398495113      
152         -63993.442261883538      
146         -60366.733067019239      
149         -60403.30506093242       
153         -65497.31423984807       
154         -66237.209905539567      
152         -64270.957594460226      
152         -66424.470182292498      
150         -61735.81948060009       
152         -61866.629292319631      
150         -63876.487613306286      
153         -65236.985630177536      
151         -61852.66216564722       
149         -59377.430420804194      
152         -60751.173203589788      
156         -66470.29508868909       
155         -66378.342048088423      
153         -64425.115006433865      
153         -63258.992359833202      
154         -64070.465899047675      
153         -63620.135750418893      
152         -61942.146391757196      
154         -61578.124818872224      
151         -59060.454148683646      
155         -63349.159043610191      
156         -64235.565800825338      
155         -63313.815043843839      
155         -64845.994378995812      
153         -60703.158084315117      
157         -62900.717471371783      
157         -61859.040840328817      
157         -63773.355154669582      
154         -63281.364943107052      
152         -63646.314112551147      
153         -64013.277061635963      
154         -59388.897171519522      
155         -60562.672138282709      
155         -67257.392891202762      
152         -64900.983479585593      
153         -66679.783266656887      
151         -62716.228162787207      
152         -64051.257059449417      
148         -62691.663842002155      
148         -63625.363400805159      
148         -62057.149931099477      
151         -61012.406293711167      
148         -59745.8455863567        
149         -60726.201116869073      
149         -61234.153509631251      
149         -61399.016130935095      
151         -61978.471911195025      
153         -62943.32693719009       
151         -60397.830341007873      
150         -59323.442860047537      
152         -61406.448000868215      
152         -62831.565579442205      
154         -62409.603300857692      
156         -64206.535283779143      
153         -60331.508368634873      
155         -65230.103438855564      
155         -61985.107546081643      
152         -59705.148684271306      
148         -60529.807616561644      
150         -63370.366547467471      
152         -62397.514398649626      
148         -60821.250727883351      
148         -62519.090915119006      
148         -63388.457040633359      
148         -60147.709623916679      
150         -62210.007644446079      
153         -64969.241678951694      
154         -63338.18682254343       
150         -61099.980118165484      
146         -58806.634769690587      
149         -60534.718433235677      
146         -60802.382392396496      
147         -61898.381815007218      
145         -60847.831882155253      
146         -61384.728122135435      
147         -61768.654116269921      
147         -60299.914855821822      
151         -63869.08585022248       
154         -66321.910298430274      
153         -65575.260892294929      
153         -64187.498113525347      
153         -64355.758998002188      
150         -63176.838027435129      
148         -61164.012832517583      
147         -61359.4121641272        
151         -63239.678885997695      
150         -63210.865443972471      
154         -64334.490991926577      
