450 1 -3880 35 35 35
152         -137334.13976548763      
150         -134701.63607565459      
150         -133223.86391125948      
153         -138310.36256773327      
149         -131981.01608604161      
151         -134284.68424333111      
150         -131401.6571962561       
153         -135524.16076018021      
151         -131127.63139912128      
147         -123973.00389973389      
146         -121985.21415005568      
147         -123741.69006726034      
144         -118244.35489656757      
145         -122407.85475307528      
147         -125408.28691191737      
143         -122159.89009224289      
136         -110517.88939992862      
137         -111100.92706582144      
136         -108859.74482360321      
137         -108541.88768409302      
139         -111051.81189676413      
146         -124295.07451230886      
147         -127519.17176924848      
146         -124141.39677576497      
148         -126920.03383149179      
150         -130203.21231543872      
150         -129608.35121178499      
144         -121737.98617934262      
144         -122430.46258531767      
141         -119665.14780714431      
149         -130305.72442143928      
151         -133202.56314827685      
148         -127927.87337199035      
147         -129332.69234766769      
150         -131347.55208438018      
148         -128169.28334688985      
143         -117727.47513889523      
146         -123789.59298951375      
148         -127835.37605314756      
150         -129970.94121094719      
152         -134252.25110793518      
153         -133495.01638184776      
155         -137631.05740790212      
155         -139641.16651392274      
152         -135232.33321708636      
148         -128331.65879495161      
152         -137105.72847376647      
151         -137110.7428553499       
149         -135684.64696760249      
149         -134239.71486859629      
152         -139496.60466962514      
149         -130501.45750204928      
151         -134630.38754205935      
150         -135232.00668613406      
153         -140448.22044672232      
155         -146852.23238385556      
155         -145477.88781834854      
155         -143313.2667739905       
156         -143410.66392024187      
159         -148772.35659365199      
157         -144046.35795818505      
154         -141006.54518563318      
152         -136962.64614216681      
152         -136558.73914282335      
150         -133683.12059395033      
147         -127776.50552854675      
146         -127520.44411590302      
147         -129747.74837292291      
145         -126985.95921590236      
148         -129480.38420866466      
148         -127438.97803124345      
148         -128916.88237433181      
145         -124927.91575332511      
146         -127245.17864307594      
151         -133290.07875787976      
149         -130326.78810541643      
153         -137026.96508996887      
150         -134211.17462778653      
153         -136569.79822001205      
151         -131469.34006797211      
145         -121798.94277061553      
145         -119650.90139293713      
146         -119971.90123225073      
147         -124545.72868024879      
147         -122681.92164948686      
148         -124102.08719555823      
152         -131279.20957976434      
148         -125434.92286328429      
140         -111988.1667085818       
140         -115187.25992173608      
142         -117216.9580379922       
147         -125384.59905027521      
147         -123263.62384566093      
144         -117656.70028299435      
139         -109457.54438794972      
139         -111377.60313104918      
140         -114618.06610043316      
143         -118558.61673133232      
146         -124313.18266360294      
144         -120946.59852710865      
148         -128416.78713670283      
