450 1 -3880 35 35 35
155         -398073.20329845895      
155         -397725.53439466481      
155         -395752.13405620714      
154         -394906.04554646899      
155         -398480.0151824092       
155         -394383.62555180874      
151         -379537.53211303346      
145         -346534.91471906914      
144         -342820.88449645048      
145         -343796.99989436462      
149         -359120.64295671205      
145         -337882.26169933996      
141         -326271.54006958415      
139         -317453.30407285172      
143         -325199.14058700117      
145         -334203.6598462853       
143         -325892.4140250021       
138         -311804.2604645174       
137         -306162.11177254142      
134         -296722.60241616989      
136         -302806.09423214901      
142         -324913.73243552685      
141         -321263.57126036903      
142         -327086.61109887494      
143         -333039.74248541793      
144         -337982.82396876032      
146         -344509.98638697166      
146         -343870.62065229297      
148         -352434.21958165779      
146         -345235.05373194115      
142         -326939.73651179869      
142         -327328.63202124706      
141         -325052.78434202448      
142         -325078.32399394386      
141         -320583.27022018156      
141         -325147.44456729956      
139         -315893.01284553896      
143         -334196.11036018387      
145         -344000.85217923817      
146         -348616.76152550825      
145         -343753.24164074648      
145         -347810.86158146523      
147         -355152.07763322711      
145         -349881.56868442043      
149         -364974.24994455389      
149         -364602.1572986322       
150         -373473.92166414758      
149         -367048.32923540042      
150         -369403.43646123481      
150         -370950.45301835443      
151         -376634.90310765925      
153         -384486.49402179196      
149         -366200.71518216853      
148         -363838.67967470025      
149         -370208.26165187755      
147         -361069.89257214172      
146         -349878.91264820343      
150         -369042.31412061711      
147         -360915.32382207178      
144         -344361.8097919086       
145         -346823.62987109256      
144         -341106.37860833376      
150         -367376.90855060774      
147         -359935.06199131475      
147         -360768.02186152304      
149         -361449.97899028473      
147         -352722.64352167037      
147         -352435.23071258015      
147         -353278.79122050107      
143         -335401.82885933644      
144         -339331.97242249746      
147         -357684.43612934474      
153         -385265.69845988048      
152         -377647.07135353162      
153         -379637.56604353606      
153         -381401.27452236071      
150         -371775.8663889711       
153         -381116.28596646944      
152         -380994.45707444247      
153         -385866.36080125289      
154         -393227.51817245391      
152         -382887.91981911781      
156         -401916.25881298655      
156         -400794.73705432122      
155         -395211.27199697844      
153         -389337.95000286697      
152         -384670.35288347799      
152         -382459.60558224196      
150         -368070.84520704375      
151         -374056.53576484305      
152         -379529.71613935061      
152         -379923.06893209711      
153         -386836.33597480354      
151         -376384.36812251055      
152         -381247.82742275897      
151         -374279.11561155337      
147         -359451.38962488971      
147         -357813.87282256142      
146         -354155.75239116908      
144         -335441.63593003951      
146         -348278.40456928767      
