450 1 -3880 35 35 35
151         -377216.03956301621      
148         -362273.7838572216       
152         -379906.81996629946      
148         -363421.97950393264      
147         -361306.2728094859       
145         -349909.72685004713      
148         -366048.01254136913      
149         -368082.66363694204      
150         -372570.08916906954      
150         -373708.42275907949      
152         -382398.35351650481      
153         -386908.40342480375      
151         -380780.91535949375      
151         -379069.67270039895      
152         -378454.90742850321      
154         -386235.56798733096      
155         -391786.81494907557      
151         -373685.21259992901      
152         -380988.02816861059      
152         -381372.20305906219      
152         -385295.45243829157      
152         -382386.31275661889      
150         -375057.02690036769      
156         -403038.42811840045      
154         -395133.72307052207      
156         -404293.366182336        
152         -382175.62253699533      
154         -392602.0177430812       
152         -386043.22363325127      
156         -406032.40452656365      
159         -420480.54945867666      
157         -415441.509724423        
152         -392038.25061748264      
153         -397500.80949592369      
151         -388702.08344762906      
153         -396397.94625836436      
157         -415835.91209712886      
155         -405985.44813116314      
150         -385408.97659788933      
155         -405381.69267900067      
155         -404004.81411459856      
153         -398363.72909000842      
156         -404690.4630884676       
154         -395787.82321488706      
152         -387256.72617062338      
153         -392175.42926462786      
151         -383908.84647428297      
156         -407272.02184546395      
158         -413979.79540952749      
153         -394008.69974823378      
151         -384351.73563745676      
150         -378911.55465429253      
153         -389714.32931987755      
154         -394885.79403584974      
154         -395042.34462560364      
156         -401555.20299891359      
157         -409462.87936196796      
156         -405419.68010871403      
154         -394551.81281016476      
155         -398636.28254564921      
151         -376802.14738674829      
150         -368721.57046435378      
146         -355350.7726190532       
141         -336434.94908336923      
141         -331453.66717614565      
143         -340279.08072719048      
142         -337673.14986103831      
146         -347634.2017915282       
148         -359734.28587087791      
152         -378321.61436696543      
153         -383231.18746970431      
149         -366797.19893694617      
154         -392718.15439324884      
153         -388781.81881942716      
152         -383414.12251896044      
153         -389597.40346101881      
156         -399533.48532734264      
154         -391527.19090032822      
153         -386391.80558451463      
148         -367101.40662843455      
144         -351077.19097604172      
145         -356072.26776996377      
146         -359059.68076333962      
149         -370558.51011085272      
150         -375847.92495095497      
152         -381160.87229111581      
150         -371363.75355225592      
145         -354268.19368135126      
143         -345855.03432214173      
151         -374713.85916787514      
150         -372414.03566350555      
148         -368098.88763215358      
145         -358427.93633079383      
145         -351917.53149375418      
145         -346434.39898172498      
147         -357018.58495808532      
151         -369648.38857136888      
143         -335202.89091269497      
145         -339969.61416967819      
149         -362399.54574491217      
149         -358234.37938331225      
