450 1 -3880 35 35 35
146         -121862.93799160419      
147         -121818.13576780683      
151         -128826.37195388218      
150         -127446.27177639541      
149         -129056.37669160764      
147         -128451.9501614475       
151         -135844.41357627691      
151         -134774.8316224934       
152         -136165.32551815905      
146         -127076.77528698721      
147         -128275.27876620948      
146         -127629.8336745758       
146         -126452.01710099381      
146         -125995.38425569459      
143         -120801.21061691231      
141         -118305.13434755141      
141         -116796.08854756723      
146         -125739.23259330775      
146         -125913.18263597821      
149         -128361.04282960854      
151         -133048.67157573992      
150         -131876.38186667478      
148         -128477.4471340556       
141         -115656.61992434176      
143         -121335.02096753886      
144         -121894.1690418319       
143         -118366.1021969718       
145         -119503.57459741627      
148         -126501.59226331148      
146         -120576.80901746869      
146         -123659.48161201894      
146         -124387.9034409857       
146         -124321.5018841487       
144         -122193.6217687771       
145         -120902.73048750525      
148         -126512.40635206302      
146         -122100.35458797531      
140         -115701.93631264531      
143         -118332.74943648407      
149         -125674.70425060095      
146         -120986.20079846593      
149         -127178.67044838867      
148         -124831.10633895236      
148         -125133.10874007785      
149         -128098.46753424816      
149         -133139.48766785365      
146         -129649.89092374442      
148         -131539.04350121567      
149         -134397.60794366623      
150         -137604.153328794        
144         -128301.44686692739      
149         -133792.63175129012      
148         -131779.40783369378      
145         -124939.56701436605      
146         -129391.91108203253      
145         -127771.47423228626      
146         -127794.81725521346      
145         -126187.7290275111       
147         -129144.81875666315      
151         -134974.91715505224      
150         -134045.61445015139      
151         -135299.24579839199      
155         -141377.75944686012      
153         -136897.93538424346      
152         -134822.48865204581      
151         -134847.76056624312      
152         -137099.40924837653      
152         -135517.24569197578      
151         -135629.25940149295      
152         -135803.91920261146      
151         -135078.48363904806      
148         -130142.15310439047      
148         -129842.20972380514      
151         -134808.76029200898      
149         -130352.64026921277      
149         -130482.82828092805      
148         -129951.4798182121       
146         -127178.45261159916      
149         -132768.05789152707      
149         -132843.22076268183      
147         -129686.13047937349      
149         -132479.00734501105      
149         -129747.19623593678      
150         -133479.85188234886      
149         -130704.00186678814      
146         -124588.61439327235      
147         -126673.21706091012      
150         -129887.61366423508      
151         -132217.85057727891      
152         -135063.32490627939      
151         -133912.42047682137      
148         -129521.79520721303      
145         -125342.48065368984      
145         -125877.40086616074      
148         -130808.59836469036      
147         -128645.93069877407      
148         -128996.18513764253      
153         -135954.66081904928      
149         -128802.91208092647      
152         -131144.99339888967      
149         -127667.52292171135      
