450 1 -3880 35 35 35
157         -406415.22729664302      
156         -402730.10758036561      
158         -415045.99683573726      
157         -406716.06076781108      
158         -415949.35007740994      
158         -413311.90232147387      
159         -418503.08289470465      
160         -421392.07311285625      
161         -423994.08735143393      
157         -406670.29525137419      
157         -409288.63982760109      
158         -411425.99382782081      
158         -410922.22320897679      
158         -409146.22850533662      
157         -408142.13798681943      
155         -399425.83906342747      
156         -398145.34215999499      
155         -392006.203069087        
155         -396560.54183171375      
153         -389710.33098004083      
151         -381522.20925037446      
152         -384504.51528292883      
154         -393715.77628098574      
154         -389932.99446486408      
155         -396695.36326452391      
157         -401335.05080566177      
156         -395216.92571603425      
154         -387375.02497688401      
150         -369074.02499221801      
152         -377761.23194638145      
146         -353518.13647423685      
148         -363194.57613962959      
152         -376090.7358208056       
150         -368986.14439370198      
147         -354999.14701971947      
143         -331953.57909582899      
143         -332367.62839710299      
146         -344550.61016585317      
138         -316060.64011620951      
141         -331628.23362648929      
145         -348575.9968434897       
148         -361268.81143176777      
147         -360237.18293589295      
151         -375752.60412961658      
150         -372526.58109500178      
155         -393968.1597725664       
156         -396279.65110118745      
157         -400090.37896889966      
158         -408376.47449217556      
160         -422375.99772058177      
159         -417622.49093005224      
158         -413437.38546289777      
156         -406598.13446050964      
157         -405670.13735700143      
156         -401311.19935942593      
158         -410145.29135253007      
158         -411136.94758169272      
158         -413481.47681075707      
159         -416736.68612090801      
158         -410581.20739389065      
158         -412885.67023603903      
160         -422573.13299062755      
161         -427290.64680208912      
158         -416958.49553900078      
155         -397671.0711978944       
151         -381230.15500277496      
150         -378323.80912485754      
151         -380000.78711466421      
149         -371716.06605369831      
150         -372218.06387310242      
149         -365553.61582839         
147         -358147.77742835169      
149         -367652.2039011789       
149         -367398.42850445642      
149         -365052.86994447082      
145         -348309.0320608567       
141         -335326.88486190618      
143         -344504.08122623566      
142         -345895.96327749442      
142         -342393.40016475489      
143         -338635.95159636682      
146         -349909.75744349184      
148         -353827.32196858816      
145         -338713.91730035923      
147         -352255.53731665574      
147         -352283.87980940857      
146         -347259.67914850824      
149         -360504.2527338058       
144         -340108.8469480162       
143         -334256.07933321974      
146         -346877.07309366704      
145         -343941.39447173872      
146         -344093.49986493809      
145         -337586.45915344579      
144         -335509.90551336936      
142         -332474.64300864178      
145         -342897.94898604613      
144         -333442.77351555758      
141         -321442.52695306763      
140         -318231.32869583217      
140         -314711.45514764136      
