450 1 -3880 35 35 35
147         -125052.79609659217      
141         -119364.3739767229       
145         -124450.23952300988      
143         -120796.34794362693      
144         -121934.19566614571      
150         -129866.69441713844      
145         -125538.08098624453      
149         -130809.09378944297      
152         -134383.7866627395       
155         -135860.04540490347      
153         -136392.16276638419      
154         -135996.40401049945      
155         -138776.84736532855      
157         -141919.96833870112      
151         -132810.90604031165      
152         -133606.52868105128      
152         -132889.40312340201      
155         -137650.88736491418      
149         -132179.79001555347      
151         -134487.33240185116      
152         -136152.94698299252      
148         -129816.08734391164      
149         -130590.69470759621      
149         -129370.80603688079      
147         -126663.57271002283      
142         -115516.80378160736      
143         -114821.8675751126       
145         -119055.00612313431      
150         -126205.36536088148      
144         -119054.83031682475      
146         -119353.53648262733      
148         -122098.28323959949      
149         -122904.70130124122      
149         -123578.7848853497       
147         -121782.20624827137      
143         -119158.27017989989      
145         -123382.62542648085      
146         -124035.2658898964       
150         -130310.87288889341      
148         -125715.05084540715      
149         -126655.96148288589      
148         -125017.56527574206      
151         -131175.28823095773      
149         -129742.08151929568      
149         -130132.86582694539      
147         -127852.8261469495       
151         -131777.73818360353      
152         -131685.73147397238      
151         -131126.83334845328      
150         -127737.15494093347      
154         -133849.33601291556      
150         -127955.51709069579      
154         -132971.32323111326      
154         -132203.26910853785      
154         -133685.24217180794      
157         -136454.21930357686      
155         -134870.89409380063      
152         -133086.84121799818      
152         -133566.96487647484      
154         -135228.25707993683      
153         -133943.18762454591      
151         -130433.09183266615      
152         -132647.6975522463       
152         -132431.31933807282      
150         -125100.02446455068      
146         -120441.66189729386      
145         -121016.17371186492      
145         -120490.30858856064      
145         -120855.55589777553      
144         -118389.96464688051      
145         -119394.51906301113      
144         -118015.42484062928      
145         -120063.66882671532      
147         -124594.97573714974      
143         -122137.29197775469      
146         -127429.66846284167      
146         -127705.64756291558      
146         -124803.21955804569      
147         -125437.64289005447      
143         -119297.69253245906      
141         -116699.12267646262      
145         -124950.76258063168      
142         -121321.66612728007      
143         -121559.75438178024      
144         -124136.08312526178      
144         -121810.69430938383      
143         -119365.1912577652       
143         -118980.68703973551      
140         -114453.14851069365      
145         -120948.48633329297      
141         -115963.2980679202       
142         -116557.87807598439      
140         -112267.73442131553      
142         -117544.23273348235      
140         -114202.22348765346      
141         -114130.7955207436       
142         -115207.16158689087      
144         -117254.21186284468      
141         -113175.95918346972      
140         -110311.96910271194      
142         -114899.86614988247      
