450 1 -3880 35 35 35
149         -132560.48218772872      
154         -138971.90193249899      
153         -136062.94369730476      
151         -136139.60575536784      
146         -127539.23356550629      
150         -133849.10597633754      
149         -133657.27709749021      
151         -135909.19575655658      
154         -138771.43203418929      
153         -136496.36821913344      
151         -132570.7747483546       
150         -129794.74977767366      
151         -133097.93926353022      
150         -134021.58822815513      
147         -125674.0514224955       
148         -127560.15999273599      
151         -133385.80191087438      
149         -131066.26292469053      
150         -130853.56682215685      
148         -130344.42669660783      
146         -125238.4894313254       
147         -126415.76467434097      
152         -134620.68669453243      
154         -137448.39084784433      
154         -137617.8688509549       
153         -136364.76556275121      
148         -130489.97479409429      
149         -134689.31955518716      
148         -129704.59602674628      
147         -131330.63658416321      
150         -135519.53655976563      
150         -133651.90433112762      
153         -139432.08128919685      
152         -138338.98233432387      
153         -138302.30503106955      
153         -137299.30119984609      
155         -141109.34162391015      
156         -143036.56357937379      
153         -141004.86819181772      
154         -143069.48367695414      
151         -137088.68644868568      
151         -137740.81509661803      
153         -140222.3460854016       
154         -141549.74977941837      
151         -137324.22431110221      
153         -141960.43307330023      
150         -138213.84761545999      
148         -135864.88418235717      
147         -133498.61110343973      
147         -133148.26036647911      
150         -138497.66265324992      
151         -140354.15984246769      
149         -136078.90006450456      
146         -129187.84096307373      
145         -127418.49812426364      
150         -133622.82799488891      
151         -133622.88410444668      
150         -134602.07955619064      
150         -133538.3375777702       
149         -133538.25065085365      
147         -131597.39677691134      
146         -131748.48247574965      
153         -139094.93589878079      
153         -136130.83626012527      
156         -140577.57273828614      
154         -136259.39876360519      
151         -131227.38252983784      
150         -133296.52802471627      
150         -132358.43190384615      
149         -132222.15721279007      
153         -140003.29343725214      
150         -134018.19812642218      
151         -135070.9699976928       
149         -130960.342081974        
148         -131480.32518753328      
149         -133474.75383826456      
146         -127409.32334034544      
143         -123746.20991016795      
150         -133095.7660856478       
147         -128345.92074837869      
148         -131625.19627829577      
147         -129547.54602261233      
146         -128653.40225331813      
144         -125377.83957963331      
143         -124278.01822941142      
142         -121165.7540091444       
145         -124992.96845603356      
144         -122781.31341915067      
147         -128574.20715503681      
147         -128073.05005044982      
144         -124301.77726202981      
145         -126282.3280545525       
146         -126502.55404542781      
144         -125411.16910482843      
147         -131967.80557547088      
146         -128715.75269893771      
147         -130061.43705290038      
149         -134195.88299201155      
147         -130736.94150877312      
148         -131208.75108121376      
147         -129517.81018592774      
