450 1 -3880 35 35 35
157         -65362.224350003271      
156         -66026.791870381581      
158         -66085.434015078019      
157         -64943.615636604889      
158         -67671.583570671079      
158         -65827.64210675683       
159         -66352.254882962836      
160         -67949.860515473032      
161         -68912.935824825137      
157         -66140.697690720801      
157         -65078.774138696775      
158         -67134.783148111368      
158         -68821.270705792136      
158         -67078.064891458678      
157         -67502.059827336619      
155         -64198.705293714753      
156         -64526.631420594436      
155         -62706.75919458922       
155         -63956.065080902568      
153         -61699.108773326945      
151         -61680.242656692222      
152         -62825.666843133411      
154         -66157.576745318438      
154         -63375.970147669563      
155         -66194.052626634802      
157         -65464.93594741611       
156         -63791.330853904059      
154         -62137.823445821079      
150         -59137.193614828248      
152         -60944.030559839899      
146         -57507.639708850351      
148         -59511.445330422321      
152         -61229.823190425021      
150         -60071.574793706663      
147         -58028.867058251308      
143         -54571.539627718266      
143         -55630.432561051479      
146         -57084.440709882801      
138         -54077.31484941495       
141         -56947.204662423646      
145         -58337.35306447294       
148         -59819.645372774401      
147         -60655.326682770312      
151         -62251.732111269928      
150         -61780.491487299987      
155         -65163.309017819316      
156         -66921.36956898318       
157         -68614.340556924319      
158         -70669.027269146405      
160         -72149.295723607167      
159         -70460.652297089866      
158         -69877.183625806545      
156         -67596.159100072575      
157         -67640.679945242984      
156         -67387.158776260214      
158         -70244.944292764339      
158         -70589.997470166156      
158         -70426.809958488928      
159         -70996.768507061934      
158         -68731.157863362474      
158         -68581.984172235811      
160         -70133.920354946822      
161         -70790.613013665934      
158         -69430.408198821198      
155         -64980.771893313533      
151         -62544.4703010351        
150         -62942.635209122389      
151         -63546.933429566649      
149         -60094.62070390486       
150         -59372.913838981651      
149         -60025.484183220105      
147         -58768.596075745168      
149         -61080.190857804337      
149         -61405.811864390191      
149         -60147.714316500045      
145         -59054.841454453839      
141         -56721.600738128393      
143         -55769.758646360897      
142         -55379.112840836322      
142         -57142.866864601623      
143         -56070.838170998933      
146         -58467.897350775012      
148         -58858.288504123397      
145         -57509.070703902529      
147         -59165.27976073957       
147         -58831.944233235896      
146         -57704.829297843826      
149         -59182.187382052347      
144         -56172.674654713002      
143         -53866.994477325301      
146         -56104.919977892474      
145         -51299.650188060245      
146         -54185.266071758982      
145         -49993.455074843201      
144         -52762.79169809405       
142         -53216.838896570793      
145         -54227.291652933032      
144         -52589.695512763588      
141         -51424.473492662568      
140         -51961.973512721008      
140         -52515.144555106774      
