450 1 -3880 35 35 35
152         -378822.6361459975       
150         -369205.38181321276      
151         -373112.95223140402      
153         -382701.54365128849      
154         -389529.06495056755      
152         -380452.71742114762      
152         -382160.76014548499      
152         -382866.85515829868      
154         -389684.74694583204      
151         -377649.00795577519      
153         -382870.22828096605      
156         -398391.10982269747      
157         -404809.2485466667       
151         -376997.65406367858      
151         -376722.10459021339      
153         -383015.1761255695       
154         -390415.26438301103      
154         -388236.29979787674      
149         -367816.52127262537      
150         -369078.19645901228      
151         -372656.16338854155      
152         -377522.10825974168      
152         -375724.66313159344      
152         -372563.11402973882      
149         -366304.84525045694      
150         -366435.62520198734      
150         -366916.60029772785      
150         -367567.0507078474       
149         -361502.32931244624      
149         -362634.65987295267      
147         -350819.90479482047      
149         -358125.8423705055       
146         -353625.35630400671      
145         -349274.30179390637      
143         -334729.51869398949      
145         -336815.5790430007       
142         -327386.95564560092      
144         -340168.70192076685      
144         -339299.03381434304      
141         -329483.62911890779      
146         -349226.95377458551      
150         -365857.55371627153      
141         -329358.8901379134       
142         -332132.63769466733      
146         -349730.00182075275      
145         -350071.85898109653      
148         -359735.95619641931      
145         -348535.08018991386      
148         -362203.77641677519      
149         -360889.88833453174      
151         -365003.27849708131      
154         -380194.09349703731      
151         -372101.14609399321      
147         -357396.56053786603      
148         -361013.60191344115      
143         -342490.63814666338      
140         -330431.77391427429      
142         -333827.15434180223      
144         -345628.07512991619      
147         -353349.96361848793      
147         -358135.28667593654      
147         -361448.62922990648      
145         -352840.58900596597      
148         -363725.19936557452      
143         -344333.10044493643      
139         -328983.01494820823      
143         -345419.76849273598      
144         -340810.49630762008      
148         -362924.37517394626      
148         -363712.71846929286      
151         -380796.16235898255      
153         -390154.15086772304      
153         -387916.34820856119      
146         -359046.7864408422       
143         -339885.69602126873      
146         -350492.42111516825      
150         -367276.4416738475       
151         -369466.85316507431      
148         -358895.9954337391       
148         -356972.43239545845      
146         -348907.36295938853      
146         -349199.89979106787      
146         -351522.37207994476      
146         -349594.92098018335      
149         -364248.48657820636      
148         -358645.11076182401      
150         -368846.53762118955      
149         -361992.59645379969      
148         -357115.59128034522      
149         -362704.26626446057      
148         -358819.54773932265      
146         -349306.56692591828      
145         -344352.90100970829      
148         -359758.45772639627      
147         -354787.40510944033      
144         -343320.52746354707      
145         -348245.69592314609      
148         -358669.66824141564      
151         -375017.88899760001      
153         -386298.85682494752      
155         -394477.88268071914      
