450 1 -3880 35 35 35
148         -59245.518275302638      
147         -57841.046114848978      
143         -55446.41225709545       
147         -58274.451295807266      
149         -59379.395759359868      
148         -59479.047878194448      
147         -58592.650548886326      
145         -56848.761132448562      
142         -53623.506252099265      
140         -51433.368790858003      
138         -52207.993861295858      
137         -53721.339080394755      
140         -52374.244728765123      
144         -56340.284266291208      
148         -58695.828542886731      
149         -60615.111509197457      
144         -56370.40860466798       
138         -51370.885413016273      
142         -54286.793545581553      
141         -53144.787949548416      
144         -52962.160155331076      
141         -52176.722070474025      
138         -48022.86774618522       
143         -50973.019016697683      
144         -51690.776451446611      
145         -52806.295678127295      
142         -54957.418844087544      
147         -60558.903892196315      
149         -61596.539952148414      
150         -62824.126622152486      
151         -63115.992962183322      
146         -58286.095497661488      
149         -61056.586387376556      
149         -60573.956514914891      
146         -59551.991404102198      
146         -62284.103589434657      
147         -60444.493546928301      
145         -60107.61451898198       
143         -56910.19237266545       
146         -58694.395169313168      
147         -56979.177363628682      
142         -53364.050312610096      
144         -53729.877688203786      
148         -56820.455382000342      
147         -54804.07587777319       
144         -52673.335615794967      
142         -52171.570242323141      
148         -56883.828566265503      
149         -58374.475033526433      
152         -60558.667934830919      
152         -59605.564759525958      
151         -57694.60847217081       
152         -58365.207697263868      
153         -58850.13160357828       
152         -53750.985104003863      
152         -53785.011664590806      
153         -55357.580465592648      
150         -52815.216580694781      
147         -54441.846409923899      
141         -50546.470207441853      
140         -52273.011815799859      
148         -55438.561276869958      
142         -52864.011845591551      
139         -49312.725528864386      
140         -45713.67282796526       
144         -50168.994517088264      
141         -50864.156363848058      
141         -53422.637681090513      
140         -53275.586100729779      
143         -54849.614631119766      
143         -54973.455344303016      
140         -51009.74504630419       
135         -49008.608574985999      
135         -49475.60921464151       
139         -50950.600462776383      
140         -50297.651748945485      
143         -53310.099623924281      
147         -54219.812411552623      
146         -54663.45728611559       
149         -56232.65329147609       
149         -55492.329709219157      
151         -58947.867152290397      
154         -62137.466499605653      
156         -62735.369459619717      
156         -63638.408193039824      
157         -63411.104715406385      
156         -63412.91311773099       
152         -60513.549467234807      
155         -60168.551956765332      
155         -61197.680897790735      
153         -61758.834748475012      
153         -60276.066729428509      
155         -62861.345615393038      
156         -62719.707901995265      
156         -64219.7095068485        
154         -63831.822196761517      
154         -64044.606077182922      
156         -67159.817201085491      
154         -65036.25948074356       
154         -64953.869026684493      
155         -66659.837402155055      
