450 1 -3880 35 35 35
147         -129172.37459516352      
151         -134534.37219822712      
151         -135588.04938224796      
153         -139461.72752417604      
151         -135864.16279837492      
153         -139103.42869281242      
154         -139551.97026793697      
155         -141386.34429356531      
157         -145174.03338143352      
155         -142428.72251829112      
155         -144770.28187461186      
155         -145392.36216094365      
156         -144897.21608957939      
156         -145461.71865038411      
158         -147720.0238551136       
161         -151662.64764037577      
159         -149349.84896554859      
158         -147232.97952509319      
158         -148206.32367072647      
157         -145588.95167928541      
159         -149102.97643901597      
156         -143576.89380669         
155         -143727.31988983863      
154         -143481.38304979395      
153         -140552.36828796371      
153         -142942.13187387242      
147         -132199.10188740509      
145         -124159.57096707108      
146         -124908.02155190367      
146         -127695.29545753506      
148         -128067.39055282221      
149         -132391.08187566482      
151         -135486.56162507553      
154         -140083.90345892677      
151         -134664.60204808763      
149         -130520.4607140478       
150         -133940.32155911508      
149         -129265.5943987903       
150         -129918.63036837376      
151         -131077.01805786052      
148         -123546.88604576296      
145         -122305.95587138738      
145         -121418.82249868072      
146         -122265.84992644221      
139         -111520.33112377187      
143         -115248.54622101808      
141         -109443.0350432386       
142         -113701.366434287        
138         -108083.90786716975      
135         -106521.60465393677      
135         -104531.21229425669      
141         -113470.676983497        
137         -109688.39114336959      
145         -120515.67658202497      
137         -111254.19268852238      
134         -105592.99362461799      
138         -114559.04864073107      
136         -110789.45310866272      
138         -115196.87715080635      
144         -125950.45831690243      
146         -129774.28785584467      
146         -130106.8102160111       
142         -124255.58937653842      
141         -121979.50061968464      
139         -117827.43156118458      
142         -122804.20436285368      
138         -117038.81975399469      
140         -117454.9413765428       
142         -120224.04583535646      
148         -128921.95799476733      
151         -131627.95854023632      
154         -138223.24585299467      
151         -134665.74692645652      
153         -131088.06571991957      
155         -133867.49457818252      
156         -138193.63062545762      
160         -145643.01464256711      
156         -138100.08386266799      
155         -137931.29452007628      
153         -135442.68994941644      
154         -136331.25900399571      
152         -136093.13210978208      
151         -133441.99571015514      
151         -132292.58085639391      
155         -136855.74569701025      
152         -131681.22068726993      
150         -128825.26387073621      
151         -133579.53595870541      
152         -135385.79699639618      
154         -139296.80059467562      
153         -135920.5648354424       
151         -134451.8163283561       
151         -134102.2951725084       
150         -132597.21001362015      
149         -130736.37189348112      
155         -139818.2396679472       
153         -135592.99565797215      
149         -130488.07482751796      
148         -127404.61387974025      
150         -130792.49982144129      
150         -131898.44537774692      
