450 1 -3880 35 35 35
147         -129133.22235874747      
151         -133932.07327037374      
150         -135106.71224103449      
147         -131486.01019982522      
145         -129599.81021319651      
147         -130871.6152440708       
146         -129847.25653987309      
149         -135209.59011546872      
149         -134626.15742380641      
151         -137776.96895428133      
150         -135329.42591687269      
153         -139732.13631014581      
154         -141237.98420876687      
152         -139163.08949253679      
155         -143874.13230654743      
154         -141883.88400237815      
153         -141152.92923588378      
155         -145928.23352361476      
149         -133835.74586694906      
151         -137248.90703933249      
152         -138052.65488717196      
152         -136137.27456296311      
148         -133623.71230732463      
150         -138003.69145057231      
146         -130919.61304507298      
152         -138772.372837014        
153         -138298.0042451495       
154         -141399.17826890713      
153         -137922.17292368854      
151         -135557.10211858511      
151         -135611.00945137703      
152         -135142.32991910583      
151         -135117.46251710373      
153         -136553.05531544436      
154         -138297.43782552541      
156         -141572.08941455954      
155         -139758.76334765024      
153         -137449.49527374539      
153         -137727.36099314824      
151         -137242.09096079855      
153         -140977.62800815643      
155         -144749.87570869131      
154         -141441.38998489725      
154         -140785.01994891404      
152         -136052.22374477788      
150         -133251.15374485074      
149         -134408.86934381805      
148         -134629.38649694831      
153         -142839.84113606357      
153         -142563.27102222099      
154         -142778.07296879368      
153         -141909.71119432943      
155         -142646.94438699781      
154         -143943.67668294365      
153         -140599.85851640298      
146         -132389.93918235446      
151         -139376.23505704181      
149         -134697.50763624764      
153         -141612.08303104411      
150         -137605.34995860083      
150         -137398.14133256063      
151         -138455.12113937136      
147         -127177.7606961642       
149         -132131.42788998078      
150         -132726.7379571757       
152         -134065.60369625906      
151         -134786.12897788672      
151         -135411.01216640856      
150         -134364.25281547153      
150         -135999.51537989706      
149         -134318.1880052487       
150         -135568.61739094977      
147         -130470.79751689963      
151         -135779.00988200409      
151         -135831.09556931054      
149         -131089.91178010119      
149         -129576.19634615493      
149         -130040.18503791906      
148         -129995.36169908558      
148         -130417.78318835943      
149         -132177.02481116721      
150         -133254.47940365048      
151         -135531.69800148098      
150         -133642.76029710914      
149         -131368.57827000675      
150         -134152.21647655411      
154         -142078.97396773778      
150         -135252.12694483154      
153         -137706.35821709497      
156         -141466.24494746086      
153         -137563.15690951419      
153         -138695.91119169054      
153         -138666.28506559975      
150         -135970.01631719197      
147         -131703.43563347089      
152         -140862.251015552        
153         -139451.41483174582      
152         -137002.83849521956      
151         -136412.9733389488       
149         -131901.93619929673      
151         -133332.60096585         
