450 1 -3880 35 35 35
153         -139796.24377545153      
156         -144175.05431419984      
154         -139946.95965210753      
155         -142227.48524868631      
156         -143341.3607887784       
154         -140371.53296256403      
147         -129558.16768075482      
147         -131233.17630822386      
147         -131642.39948945164      
146         -129850.03754885847      
146         -129720.66239336204      
147         -131570.02982695412      
146         -127825.74799897298      
143         -125248.47406967294      
149         -134415.32010127718      
154         -141811.3766416187       
152         -137875.54372484467      
154         -140265.91637642446      
155         -141949.59834204818      
154         -139923.79085407429      
155         -142766.72642155972      
156         -144458.07350697831      
157         -145528.96537496563      
157         -146222.29007949226      
156         -143378.4779092987       
156         -144329.99084878663      
154         -139621.93632374197      
154         -140068.90748287301      
153         -138887.26087149992      
152         -137476.82485873712      
148         -132409.99195391033      
151         -136310.47438818365      
151         -134352.74647721677      
153         -137759.23302890983      
154         -138380.95009948907      
153         -138308.69682380976      
151         -136987.6701483342       
152         -138988.87116141908      
150         -135723.17354969386      
151         -135592.96960720638      
152         -139226.08842944069      
151         -137758.46189879571      
153         -141824.86120482345      
151         -137710.64270038749      
150         -134942.01990473084      
152         -137848.44308991131      
151         -136614.08071802868      
148         -133703.80466742237      
149         -134011.08567345087      
149         -134193.5285132135       
153         -137877.36139593372      
150         -131319.39381644019      
148         -128984.2644679681       
147         -126092.96511759076      
144         -121052.81135544032      
148         -125421.36476714048      
146         -124304.05696186132      
148         -126029.41501988222      
149         -127742.63341317217      
150         -130783.80103516452      
152         -133754.80790508847      
155         -139385.16027402898      
153         -135961.82439743751      
152         -133994.17050766441      
149         -129401.02928799031      
150         -132175.03599016066      
150         -132662.12976184351      
148         -131326.4066458318       
148         -130337.80706740645      
151         -136308.52858690242      
155         -141767.8417333187       
155         -141174.3974013016       
155         -139612.65490638025      
152         -135642.39025751079      
152         -137123.52867027529      
152         -137707.84569547893      
150         -132219.15580884056      
151         -132353.64949999235      
150         -132594.37211612603      
153         -135433.55071764707      
158         -143218.41692175876      
158         -143901.73747390544      
157         -143733.45902977866      
155         -140297.13084170289      
154         -137879.44325886632      
153         -138203.52902326715      
155         -140265.00159468065      
155         -139459.84834827596      
156         -140738.32023452705      
159         -147640.99108280646      
156         -142643.572804547        
157         -142895.62610872398      
157         -141788.03815274488      
156         -140324.76887360468      
155         -136992.41767136558      
155         -137550.83482209689      
155         -138064.76811194036      
153         -134007.15434928323      
152         -134890.19421362429      
153         -136019.88121466921      
149         -130853.2888515205       
