450 1 -3880 35 35 35
147         -360703.3271990926       
148         -363657.46368200611      
151         -377128.60859808041      
151         -378461.35824411531      
153         -383817.65922870906      
153         -387892.84489513095      
152         -383668.40501371206      
153         -387898.42577847018      
155         -393884.31487649202      
157         -403133.60928100068      
153         -388813.68237928511      
149         -373687.32544564013      
153         -386983.31548210746      
153         -385488.83029234398      
151         -378837.31851931982      
151         -382218.54241885903      
152         -386967.98572299769      
149         -376319.37641291908      
152         -387915.04032430128      
152         -390100.02603224252      
156         -401119.72034139233      
157         -408069.2951028244       
155         -400894.67994080589      
155         -403290.80418738525      
156         -408450.75319695368      
157         -408813.62442000245      
154         -392740.36088207591      
150         -377123.72618830018      
151         -374733.43349415495      
149         -369202.90400845202      
154         -390285.16077187954      
151         -376315.61806549813      
152         -382249.81551213749      
156         -396156.50705358398      
155         -390394.88070689212      
158         -399648.72201510804      
150         -374083.13231430342      
150         -377149.30576953851      
151         -379184.51711090293      
152         -381418.76682711561      
147         -360921.72864717478      
148         -362173.96020276321      
151         -377188.39673838607      
153         -385636.26488614012      
152         -379100.07540582435      
152         -377540.79364618351      
153         -386447.69113416225      
151         -377899.24466020061      
153         -387292.85527964903      
154         -395762.98108908336      
154         -395152.30410266243      
156         -407223.88240438281      
150         -383636.03143058636      
151         -388194.70134982344      
152         -387644.3228553455       
152         -380292.42163183406      
151         -378089.09171286091      
154         -392351.64550643013      
152         -382944.70510139287      
153         -383258.49124912196      
152         -383262.47734292113      
149         -369890.54586138902      
148         -361396.08059795946      
145         -350486.74130684271      
145         -346772.43959708698      
152         -374918.76041302219      
150         -370286.96957775042      
151         -376064.40779519762      
152         -376785.08298322832      
151         -370633.48917438899      
152         -374419.56674034277      
153         -376851.7256583565       
152         -368826.69433736836      
151         -369985.77543395601      
150         -367189.79650629335      
150         -370108.76054221194      
148         -357478.77343524224      
148         -356169.92741144658      
148         -356449.45872856362      
147         -354025.51753909106      
149         -361299.44476365566      
152         -375886.08453132125      
151         -373361.03152522532      
153         -383166.81126673485      
151         -375745.79411246505      
151         -376065.73642713373      
152         -383976.48129100451      
152         -382629.64191231906      
152         -381687.76818215364      
151         -379189.28138896386      
152         -383108.31437537161      
150         -372167.54850506724      
151         -376207.24111424276      
150         -370938.50120357634      
150         -366453.59192064602      
153         -379033.48139762157      
149         -362946.53031051916      
145         -348415.07063764817      
146         -352926.47053742362      
143         -339315.0444983929       
144         -346783.10826292145      
