450 1 -3880 35 35 35
136         -107011.28374314311      
142         -117383.20144455764      
143         -120728.73995559449      
145         -124045.33274480549      
145         -123019.2698830431       
144         -121553.03233355307      
146         -122073.17778360372      
144         -117834.46129621637      
145         -121501.93917484782      
148         -126623.43804487072      
147         -126777.54431766429      
143         -123269.00016834115      
144         -124880.22507016562      
142         -121273.67148399458      
142         -119881.54535242988      
145         -122530.0524530548       
146         -123174.06483779705      
147         -125091.91254604241      
143         -119046.76408089946      
141         -117123.29633142317      
141         -115253.31868405537      
134         -105488.13980465794      
140         -113112.45072561347      
144         -120310.36162433506      
147         -125089.96183545137      
147         -124250.59167542815      
147         -126148.63512057057      
149         -128182.96380466731      
150         -129989.75573417055      
150         -130785.06432039282      
145         -123277.8356715054       
145         -122433.01948240161      
151         -130190.34307693485      
149         -128353.77090621235      
147         -126100.55615609046      
145         -123085.66950461001      
147         -125067.12338676835      
146         -123732.55243345044      
139         -111529.48321565059      
136         -107045.87955033904      
133         -101989.89033496589      
137         -107433.97147287299      
137         -107070.16609814989      
141         -108252.28394000973      
139         -107569.59303382397      
138         -105473.98891769073      
140         -108685.12942673436      
136         -103971.31791125308      
139         -110329.98749625635      
143         -117297.85989220954      
140         -113723.50962074079      
144         -117888.27680601121      
144         -117126.22402253015      
141         -113152.48756234992      
146         -121487.35396935538      
145         -123806.69013355988      
146         -125223.08808239485      
148         -129504.49101080907      
150         -131125.87594526017      
151         -131580.68647821667      
151         -130394.65210505565      
151         -130937.21789271994      
151         -130513.75190344844      
150         -131582.88439611925      
151         -133868.4188974346       
148         -129632.94331589315      
147         -129511.59618802459      
144         -121523.43160136489      
146         -123318.07177865901      
146         -121990.50785022578      
147         -123748.1263683688       
144         -119047.19319032673      
145         -120358.35861500712      
146         -120360.88555630678      
146         -119525.33725213938      
151         -128218.9088937192       
150         -125994.47711546741      
152         -130247.18275786746      
149         -128131.795923443        
148         -126377.99813519741      
146         -123765.5831672049       
146         -123262.93622678709      
147         -122848.24926705543      
145         -118927.11177449435      
148         -122855.10889735377      
144         -119374.455394462        
141         -115550.29400755356      
149         -128598.84070469513      
150         -130267.41475512384      
151         -131793.64742845416      
149         -126758.03529588248      
156         -138698.74721862996      
155         -136890.15524830724      
154         -137948.08362428236      
152         -134938.81902284452      
155         -139376.80288280812      
155         -139242.27824148245      
159         -146386.01941536917      
155         -138848.48299253747      
155         -138636.55809388615      
154         -138721.12952330415      
