450 1 -3880 35 35 35
142         -339064.17154224683      
146         -354618.07305719564      
144         -341245.06880049617      
143         -338272.46692234382      
142         -334239.87794986356      
141         -332750.6011332589       
141         -331465.72978193313      
145         -344775.73067951424      
146         -352503.72670097154      
146         -350757.93245737423      
144         -338207.27308121539      
145         -344626.05529068044      
143         -339693.63758379332      
141         -330597.73364429036      
142         -338497.40454595385      
147         -361344.14980121551      
150         -373956.59195436921      
149         -368691.59147898655      
151         -378815.24080014095      
150         -374124.45310100267      
145         -352406.57544757816      
149         -365866.78704921243      
150         -368030.26720414759      
147         -354145.15341815352      
147         -352841.4539766988       
148         -354566.3321019123       
150         -366023.086883543        
152         -371081.42347312404      
150         -366867.7073112725       
153         -382842.0685201945       
156         -397035.1780213106       
153         -385198.58084498998      
153         -389966.16922690696      
147         -365745.48350874637      
148         -371598.09492474422      
145         -351819.4877702503       
148         -368794.60641368211      
150         -376798.13948926248      
149         -370992.04087195767      
151         -380053.00544932549      
149         -373587.44578069687      
151         -383948.35011103185      
151         -381703.5231171819       
152         -382557.5108724059       
150         -375837.35379469965      
147         -362640.40327520523      
151         -379362.91948975547      
143         -343936.33014774189      
148         -361208.89081946295      
146         -352949.48889042623      
144         -346277.3839603113       
142         -339611.19083703554      
143         -341354.39875315741      
141         -333875.07447449293      
141         -333140.29350110539      
138         -319041.32106238382      
147         -351885.00581079035      
142         -336417.03371032304      
136         -311231.96406056458      
141         -326087.18436983554      
142         -327414.64171442145      
142         -326643.51721873833      
145         -343057.27564324124      
147         -352723.48694764217      
150         -366689.47939795384      
148         -360893.46635022602      
144         -346193.69960425183      
143         -343466.15231661743      
144         -341310.20166431495      
144         -340843.30036866537      
141         -329969.17068318708      
141         -330642.85723992309      
144         -345783.65564434708      
145         -350218.34239948506      
148         -364979.44484204194      
148         -361588.96532924357      
147         -355723.36350061948      
149         -366074.0895007755       
147         -361155.28052274539      
147         -360494.82394289802      
150         -373891.68272100849      
151         -375281.77642736636      
149         -361016.09779937996      
151         -374344.97426095413      
152         -383488.85687256715      
151         -378644.86703665473      
151         -379191.49508378707      
154         -393743.73636882089      
150         -378207.19282910693      
147         -358025.44164015062      
152         -387785.92956170585      
153         -388330.92122651439      
152         -385597.00611206383      
153         -390838.35683331953      
155         -395674.44822157722      
154         -391930.2115951872       
152         -384724.94777254685      
150         -376874.89961475111      
147         -365421.59567137389      
142         -348085.57008663262      
141         -345902.25166820281      
