450 1 -3880 35 35 35
149         -364528.8505036381       
150         -371189.18864982435      
150         -374533.23162846186      
152         -380169.14168148406      
153         -382913.72188038065      
150         -367872.5768295278       
151         -371112.08098048071      
151         -374355.32038190193      
147         -351242.39989219431      
147         -349232.87178710097      
146         -344775.47672859469      
146         -347877.48967205873      
149         -356224.73980804993      
144         -331612.74462111038      
145         -341261.15392930992      
146         -347542.42798247631      
144         -341366.92791068036      
145         -341955.2970265405       
146         -347921.63339743443      
142         -331585.3899622981       
142         -332580.64069037081      
142         -331532.19757352234      
144         -340660.2484094121       
145         -346021.24942874053      
146         -352090.50924005912      
147         -351065.4293261756       
141         -328827.87832599017      
142         -327926.39709457592      
144         -332321.85728271166      
146         -344807.39604553074      
144         -337932.47928911296      
146         -344999.04218447465      
143         -329786.73438631685      
138         -312682.72359747312      
143         -342505.7070652353       
142         -338765.40648258978      
145         -350847.45528956316      
146         -353465.34381465986      
149         -364383.63182375795      
146         -349906.98864851543      
150         -367141.75695947709      
150         -368101.09793964482      
152         -379146.00072272605      
153         -380645.4172725206       
158         -405082.99931923847      
156         -398651.8131182217       
154         -391933.42416120204      
154         -391781.36379702366      
150         -374307.8452398174       
145         -351006.58216983953      
140         -327686.30354864645      
144         -348740.62561750674      
147         -358292.19856806571      
150         -369865.5359940565       
148         -363657.17048313917      
149         -374235.86138599372      
151         -380910.38511150714      
153         -387839.33995033125      
153         -388389.52689287637      
154         -390651.74356756976      
151         -380159.75137339026      
150         -370340.60664307862      
150         -371856.15163595666      
147         -359044.53315599787      
146         -354890.16888434917      
149         -368738.69774866762      
149         -371602.69311709749      
150         -374301.86235219752      
151         -377444.44093919435      
150         -368720.94101161719      
150         -366301.88494630216      
149         -360829.01862907503      
149         -365289.60357239773      
149         -369071.21076581842      
149         -372452.48231688311      
149         -367559.14786770003      
147         -360889.11745992454      
145         -347797.00066474499      
142         -336741.29901371058      
145         -350783.92065266165      
147         -358219.15054334962      
149         -368451.82034014846      
149         -367515.08843082044      
145         -358078.16795628547      
146         -356063.4519830058       
145         -349797.81047100876      
143         -339840.8037036421       
144         -346370.35164386802      
141         -334920.91143777629      
145         -354495.57771192485      
146         -355275.87425559905      
144         -346730.14421016932      
144         -347921.22646989307      
145         -355668.01389423496      
149         -369491.80730804644      
151         -375672.47216047783      
152         -384071.8301450978       
144         -355689.80386849737      
144         -354771.21271505015      
144         -355368.10420713387      
150         -376070.14709518966      
