450 1 -3880 35 35 35
145         -56513.882775852762      
145         -56362.125324906847      
148         -58286.912904801538      
145         -57816.74381025372       
147         -60835.140690302302      
153         -64780.511684567173      
151         -62964.256550447681      
149         -63538.565063635222      
153         -66466.950772073091      
154         -66110.329947447113      
151         -62634.341003183086      
152         -64154.825387730089      
149         -61144.184301291636      
148         -59459.819528312102      
149         -58088.869497936481      
149         -57981.494849018112      
143         -53077.637293180385      
142         -53554.490730420795      
144         -53939.810511026575      
144         -54358.119079566983      
142         -53915.943982466524      
138         -52614.420851956122      
134         -51741.856684204322      
142         -54877.947318910337      
139         -54037.821428746865      
137         -52585.281318815483      
136         -51002.771218055561      
141         -55133.60350578116       
140         -52110.079806373833      
135         -51017.080915757033      
138         -52683.281043476425      
143         -55601.503358648777      
145         -58188.988328207161      
148         -59530.169632904661      
152         -60966.105489493573      
153         -62443.71033701222       
155         -62545.541891449568      
152         -61098.933832649738      
151         -61607.540958965808      
152         -64745.275146551547      
152         -64627.031288767983      
151         -62277.783485828419      
154         -66757.842230948692      
148         -61287.433213166158      
144         -58773.831056049225      
142         -57912.79166689219       
142         -58478.063346762377      
144         -60653.929412850004      
143         -58209.315043486429      
148         -62461.707127388443      
148         -61261.673390123229      
147         -59343.652399028302      
145         -57471.448784824184      
145         -56322.573306491446      
142         -56565.29461817479       
145         -58731.487511269181      
146         -57682.060508146307      
150         -60292.562514328878      
144         -56573.034409176864      
148         -59226.187089681131      
152         -61715.934523304619      
149         -60088.631113763782      
149         -59663.434823268894      
148         -57974.214796388194      
150         -60091.335595227458      
149         -60535.809362376938      
143         -56082.284227454424      
148         -59976.893418863285      
151         -62535.253906613681      
154         -66883.860277822707      
148         -61439.322636202967      
147         -58482.13919119264       
148         -59907.348331290174      
147         -58530.47871978279       
147         -57864.064771242942      
148         -59980.573409449644      
149         -61357.672401373944      
150         -61873.325433996491      
151         -62531.396662494066      
153         -64747.100715247754      
154         -63512.671908344812      
159         -67472.362854072111      
159         -66280.041702239338      
157         -65508.814932473055      
154         -64295.054426072558      
153         -63943.65999151321       
153         -63892.417279870642      
154         -63013.177031810454      
155         -66463.920598393175      
158         -67844.821064243049      
158         -69233.423183107225      
154         -65134.211231099573      
152         -64922.855708561678      
155         -67384.850117031499      
154         -66122.535151179734      
156         -67068.420706113247      
155         -64638.227548200637      
154         -64778.032066680389      
154         -67061.724288135185      
153         -66235.890339280566      
155         -68553.432513269203      
