450 1 -3880 35 35 35
151         -57963.413294992773      
148         -55551.879916570091      
152         -58557.928520632835      
148         -57828.479829068827      
147         -57757.73898501807       
145         -57842.02311447903       
148         -61734.993928356118      
149         -61328.279682148946      
150         -61585.443184827891      
150         -63045.765038957208      
152         -63057.905565606292      
153         -64352.372290315441      
151         -62105.618106287322      
151         -62757.093795355351      
152         -62745.493796708623      
154         -63333.895295920986      
155         -64379.536714045062      
151         -58999.218716979405      
152         -60191.116956957412      
152         -61596.468273330072      
152         -61617.893217758479      
152         -62341.371216561718      
150         -61223.907025143999      
156         -67406.355575304828      
154         -66860.151733436927      
156         -68035.955367359376      
152         -64278.044560355265      
154         -66789.667113067902      
152         -63532.058244124055      
156         -68118.396704518367      
159         -68929.988804217181      
157         -69235.113006570245      
152         -65214.771053761251      
153         -65847.062977745911      
151         -64513.489666364185      
153         -64852.803960487159      
157         -67023.466710503213      
155         -65902.88517460326       
150         -62639.627557149375      
155         -66170.876497273508      
155         -65091.421554426561      
153         -63347.016238447046      
156         -65278.739505508296      
154         -64365.14128497873       
152         -62193.19545468143       
153         -64628.544553922184      
151         -62250.594978442066      
156         -66588.96145274202       
158         -67673.776850297581      
153         -63079.25643159922       
151         -61827.449185719219      
150         -60744.55863705065       
153         -63032.292059000363      
154         -64619.290730240988      
154         -64852.75273843536       
156         -66684.150513327957      
157         -68129.805268319818      
156         -68051.934257346729      
154         -67594.110341110907      
155         -68621.307548528639      
151         -65597.89819125495       
150         -63063.452292040514      
146         -58425.179048503931      
141         -56540.964052661126      
141         -54924.271437779527      
143         -55990.832923828908      
142         -56694.64405179755       
146         -58139.456124471741      
148         -61865.625273950202      
152         -63890.067546151637      
153         -64877.239939351806      
149         -61413.689713230197      
154         -65340.059879756795      
153         -62102.333005915323      
152         -59675.816292383286      
153         -62969.556885747996      
156         -65156.664835320073      
154         -62989.59199494154       
153         -61492.926936834534      
148         -61470.303021560983      
144         -57412.984892093446      
145         -57589.933953608743      
146         -59302.720573043182      
149         -59730.317433742064      
150         -60025.002139323049      
152         -61275.841444288752      
150         -60986.98359474638       
145         -56133.374326432531      
143         -57213.861828304965      
151         -60753.740768366042      
150         -61953.279409868221      
148         -61727.8955211168        
145         -59796.607536425057      
145         -58195.217971385566      
145         -57947.351549571977      
147         -60157.326330979937      
151         -59004.732485992601      
143         -54752.203128037319      
145         -56435.337135413334      
149         -58568.236697706583      
149         -55515.195004202222      
