450 1 -3880 35 35 35
143         -336686.61647121538      
148         -355167.13353109197      
147         -352787.95965021476      
146         -354590.90305167221      
149         -367385.90750506794      
149         -365283.2756390252       
150         -366392.47689816868      
151         -372479.91667085962      
150         -368343.18841497035      
153         -382012.8307474911       
154         -388103.84469737369      
151         -374853.15180461365      
153         -386961.77516343282      
154         -390569.35105407087      
150         -375602.95359421056      
150         -370573.34377961449      
153         -385906.70219579234      
156         -397771.93138608965      
154         -386770.64313010825      
154         -388877.5491569778       
156         -398535.18838936335      
153         -383995.25967266562      
152         -382793.71893336874      
154         -390498.52851653623      
155         -398925.55745372886      
152         -385459.24865152896      
153         -388107.54400538455      
153         -385537.55550856434      
153         -387823.78193994402      
150         -373640.93246503989      
148         -363274.64314314054      
145         -348234.36750826775      
141         -330287.42340483837      
142         -333504.00928255904      
143         -338238.73287759081      
144         -337975.79174503917      
144         -337969.31088022649      
146         -350306.98418542172      
144         -340267.76616777224      
142         -328538.9624772002       
143         -334329.72981713706      
145         -344481.49008255033      
143         -338493.12761290569      
148         -361014.55657305545      
144         -340914.96326431946      
143         -338740.12724490487      
152         -376751.4458682558       
149         -366075.6990749627       
151         -371753.08783029421      
154         -388213.42550166813      
151         -373921.29854870011      
152         -377285.31984744483      
150         -370777.39730677963      
148         -362269.46048754017      
148         -361259.65356611524      
144         -342728.36111531465      
144         -345283.44758222956      
145         -346089.66651917715      
144         -339346.46061710897      
137         -307614.26226166449      
142         -326931.22898225207      
144         -336357.041457101        
141         -321292.48616949248      
141         -321567.55106009828      
144         -333170.64792267687      
144         -334050.50463979936      
145         -340592.35441360658      
142         -329475.25156611996      
148         -359613.25615211052      
150         -368083.5737281855       
151         -376365.86515831907      
148         -365006.46787348588      
148         -361549.449381012        
148         -361514.71346031595      
150         -373132.89420726913      
152         -381410.35272331903      
152         -378862.34507055004      
152         -380720.70776740741      
157         -407171.33074822702      
157         -408805.51770566002      
157         -409044.29652937298      
159         -416797.8723432229       
156         -409438.629262198        
156         -407131.91744069237      
159         -419951.61154932185      
156         -411450.98804225447      
158         -421281.33175692393      
159         -426501.38867488428      
160         -429764.9076137321       
159         -425664.62020398531      
155         -406431.67216410895      
155         -405944.2673771999       
157         -415405.5997852126       
157         -410339.80112923187      
160         -423795.61545408773      
158         -413362.8150499491       
154         -402493.379706081        
151         -388853.60351408069      
155         -402029.60301058192      
155         -400915.03752206668      
155         -403541.50319081661      
