450 1 -3880 35 35 35
146         -353529.09928434383      
145         -351746.9091629344       
148         -363031.59534335742      
151         -377814.99972058187      
151         -374334.52748487808      
153         -384029.33441512461      
151         -378400.98938855861      
148         -360117.11944374454      
149         -365130.58665263781      
147         -358085.99690469773      
146         -355251.85144877015      
145         -345520.15737909102      
144         -339690.97081068915      
146         -347279.44480288681      
145         -343638.039681828        
141         -331394.46370015305      
141         -325653.2016384328       
142         -333906.85184159857      
142         -333273.04380613903      
143         -334878.57090532075      
144         -338621.66005358496      
139         -324453.04870070884      
145         -350777.56068837096      
143         -338517.36634220346      
143         -341352.73699455051      
147         -358447.15793203982      
150         -372736.87275905267      
148         -364879.01000762405      
147         -360640.07313030178      
146         -355486.5379439895       
146         -356495.90804449841      
147         -357217.37911893765      
145         -349614.42785368045      
141         -332425.90877666068      
143         -338125.80601207126      
148         -359838.49980768212      
142         -333206.72941616026      
146         -353121.86153495009      
144         -348731.26654625742      
147         -361569.93976142304      
148         -366506.24703483435      
148         -367233.54424918734      
151         -379772.8002128193       
150         -376533.92948655237      
149         -372892.2797735022       
149         -371261.83901454729      
148         -368896.95422800584      
151         -377970.39843846514      
148         -367442.78181748837      
145         -350046.35327634582      
148         -361442.16175117448      
149         -365417.04342643666      
149         -362385.29574204504      
148         -362291.76663376961      
148         -359810.40451050538      
152         -378229.7082585555       
150         -368934.01891702646      
149         -362570.8884184683       
149         -363614.67299180006      
150         -367115.48335031758      
149         -362245.8945755458       
150         -368568.11990933848      
152         -380229.18585394026      
148         -358550.04078154464      
147         -358734.67938120989      
144         -350001.34445093793      
144         -350628.02731282602      
143         -344414.42101231084      
144         -345866.64632109331      
147         -357588.57396354841      
146         -350144.26731044799      
143         -333710.71534046764      
145         -339566.87432739156      
147         -349742.56858366483      
142         -331656.05590540537      
140         -324624.12944840209      
137         -308777.71719462448      
137         -305562.37968152348      
138         -316468.41325183329      
145         -342317.63845949044      
143         -338557.83778231754      
145         -348244.58016104723      
145         -352862.65728531382      
147         -362325.73635618261      
149         -370318.20489854098      
152         -382920.76160814357      
152         -381552.43916416744      
152         -382569.30469806545      
153         -391068.53702648846      
150         -377140.39472764061      
149         -371736.8211961278       
151         -384294.57168301748      
153         -392374.78987429262      
151         -382029.86586664629      
151         -379913.87699668354      
151         -376472.92533208412      
150         -372421.4616723021       
152         -378401.03889104613      
153         -386353.23989276309      
150         -376887.50698028307      
152         -384376.89769637026      
