450 1 -3880 35 35 35
145         -53481.830228401384      
143         -51279.782187197758      
142         -51151.447264936731      
145         -54546.544230727231      
147         -56746.73008966112       
140         -52615.665618712323      
138         -50273.658253548798      
141         -51985.004231521751      
142         -53401.442528693391      
142         -53500.764504220198      
144         -55598.320922969317      
147         -56200.138033834468      
145         -54798.33911165085       
142         -54965.491045687937      
144         -55544.679135899758      
146         -56947.182916601567      
148         -57858.166902022342      
144         -56957.25899425587       
145         -56473.504497645859      
142         -54180.594026752566      
139         -52566.665685375337      
143         -55368.125266926763      
147         -53877.076831314138      
148         -54053.048215356263      
145         -54459.396665021879      
144         -53856.124033632834      
146         -56491.031503117665      
147         -57576.621094249967      
149         -60569.824037458908      
144         -55446.766851291803      
146         -58593.838727714101      
142         -55940.528303408471      
137         -52941.404957985513      
138         -51848.861981578215      
141         -52268.62202773786       
136         -50324.439092232526      
139         -52521.767993344256      
140         -52723.720941954001      
141         -52825.515080085934      
142         -53205.483740978416      
144         -55072.519237345856      
140         -52218.414206709131      
144         -54102.517711629698      
139         -51839.782343105449      
138         -51893.203019072505      
140         -52491.284452610533      
135         -48938.244886388784      
136         -49359.546194755603      
140         -53194.493072376688      
142         -54298.647022403973      
137         -50172.217817928591      
140         -53240.106233826722      
144         -57031.171187157626      
145         -59352.679665410658      
142         -53033.042474438502      
143         -54012.010111201475      
141         -54147.587107131745      
140         -51482.194051225059      
141         -54431.377441338038      
140         -53288.211393656638      
138         -51515.610083788779      
141         -54032.711966940682      
136         -49986.974777405194      
134         -46539.438144162828      
134         -46631.569155960948      
134         -46939.959096872619      
134         -49096.934293406979      
133         -49052.993089791715      
130         -45204.098387510268      
128         -42322.002169000865      
122         -39966.585384286271      
125         -40218.459736286226      
131         -42139.433852308328      
134         -44709.607227570712      
144         -50213.664091145816      
144         -53350.886101111457      
141         -51413.231545959447      
144         -53923.036166490157      
140         -53642.964171735446      
141         -53418.263403357087      
143         -53203.276769951452      
142         -52875.94928604224       
140         -53303.366942937573      
139         -49154.262066877083      
139         -51461.01282137083       
142         -53246.466332672877      
143         -52557.918187218827      
142         -53522.176875040015      
141         -54420.468618987419      
140         -52811.623863577348      
141         -54797.583570522162      
144         -55266.093646532318      
148         -58642.425637385888      
149         -59084.759598702331      
149         -59996.94736543113       
149         -59641.533071360485      
149         -61885.062669698775      
145         -59051.030314559379      
145         -57027.782505062802      
149         -58126.542706890134      
151         -60374.321540335724      
