450 1 -3880 35 35 35
148         -129548.1590685416       
147         -129110.19372998568      
143         -121912.23353564534      
147         -125866.56157309032      
149         -130161.09596041749      
148         -128475.34990673605      
147         -126593.04964018724      
145         -121254.44786679008      
142         -117288.27854831461      
140         -115809.91003106067      
138         -110853.00154331194      
137         -110783.66594898254      
140         -115796.98725502747      
144         -120761.19452543068      
148         -124564.23648348679      
149         -125072.79508903278      
144         -116702.23673030714      
138         -110561.76321858805      
142         -116368.56612713932      
141         -114354.64209188268      
144         -117952.72128746458      
141         -115230.69415513398      
138         -108842.69429015685      
143         -118590.02788369481      
144         -119929.980748623        
145         -119471.97875326395      
142         -116078.37366210457      
147         -126364.16525498701      
149         -131041.4066696302       
150         -131541.87768169522      
151         -133565.81135807247      
146         -126188.70655741502      
149         -129333.88686596933      
149         -129860.3282806202       
146         -125493.54545299601      
146         -122742.98177666659      
147         -124983.03035808788      
145         -122851.16668394403      
143         -120515.44912788329      
146         -125052.06294199791      
147         -123463.95841484683      
142         -116686.05357481079      
144         -120011.19544690577      
148         -126268.41834735483      
147         -126114.07179817521      
144         -125292.48462832521      
142         -122059.64843171519      
148         -129444.6136972743       
149         -129217.54964947836      
152         -133925.48315564333      
152         -134133.5611852351       
151         -132561.96971624321      
152         -133128.95582372806      
153         -134778.38261954256      
152         -132945.85157476115      
152         -132598.3079386469       
153         -133062.53237476456      
150         -130927.56541705731      
147         -128061.18661709428      
141         -115662.11224277105      
140         -114833.72361466728      
148         -126247.07205652629      
142         -121735.10859438191      
139         -114395.23487898972      
140         -114866.16569863948      
144         -118538.49815681091      
141         -115865.69928106367      
141         -114373.48843891309      
140         -112827.49844033433      
143         -117500.71794722755      
143         -120030.43748447741      
140         -115459.63941140541      
135         -106195.12526828384      
135         -108059.22157602468      
139         -116132.80616252979      
140         -116544.18768228604      
143         -121752.38502142792      
147         -127355.92771757071      
146         -124458.24534722425      
149         -130945.54607709726      
149         -130449.39698109201      
151         -133924.76501345489      
154         -138101.58848806549      
156         -141732.99118277984      
156         -141615.31608413658      
157         -143601.8442381178       
156         -141868.80855172101      
152         -135009.32787120226      
155         -141852.32333166001      
155         -141542.45518839711      
153         -138779.16858966614      
153         -138768.74169284955      
155         -142823.50873772384      
156         -142399.13617919266      
156         -144196.0422256215       
154         -139358.03461642924      
154         -141341.68220966749      
156         -145431.31366668249      
154         -144411.23066013586      
154         -144143.54091023293      
155         -144764.24531439197      
