450 1 -3880 35 35 35
146         -57441.073627552985      
150         -60070.239082711625      
148         -58300.30867283111       
146         -57318.723340250348      
148         -58031.439470308243      
149         -58619.682970823196      
151         -59751.113918682728      
149         -56936.280631059039      
150         -55014.951870617253      
150         -55808.047905649873      
150         -56345.258954459241      
150         -58363.54827129787       
150         -59851.569240559693      
152         -59015.696600125259      
151         -56010.194258710559      
147         -54358.295656533948      
149         -57479.293346121878      
148         -55246.795397462898      
150         -58919.680937162062      
151         -59151.397861371894      
148         -56085.923506205036      
146         -55967.629976242788      
146         -56025.159475656459      
148         -56757.341143580852      
150         -57911.390692041983      
148         -55252.117072676723      
147         -55296.951071039322      
147         -56167.06253905582       
145         -58488.713874410489      
147         -60260.197319709514      
149         -61029.231971704983      
147         -58534.041232644748      
147         -58098.997335922562      
148         -57086.834720830717      
147         -58846.60072077666       
147         -59057.881569508609      
151         -60405.213381825837      
150         -59804.201669417744      
150         -59306.283283543424      
146         -58889.751703515904      
148         -58729.800478216777      
143         -55157.432923270397      
142         -55843.779210587549      
145         -57967.851032800543      
144         -54877.023998226752      
144         -53931.000713531655      
140         -49982.654879463407      
141         -52137.554870001732      
147         -56912.129132231108      
149         -55774.365658365627      
145         -53347.651358797491      
145         -53566.752061407933      
143         -54552.85821783205       
142         -52209.90494250047       
139         -51735.466278101914      
140         -52035.856638997298      
143         -54996.46346539857       
142         -55145.548765325722      
139         -53857.842619406241      
141         -53440.504033610443      
149         -60452.847231334745      
145         -58116.363738246437      
142         -56130.047418531401      
141         -54866.028526003538      
138         -53257.074589848417      
140         -53468.688462773178      
141         -53220.476057778877      
135         -50597.881892849415      
139         -51465.288558661123      
137         -49808.160664756659      
142         -52093.250260861103      
144         -53014.99503930111       
141         -51606.347633015779      
145         -56348.773958382109      
145         -57163.40742211524       
143         -54933.981954975934      
143         -55271.488845303109      
147         -55423.902889693018      
149         -58049.030859881779      
149         -57121.776438562418      
150         -56232.062068410945      
147         -56263.57057404799       
147         -56278.70489405968       
146         -56366.523681887462      
147         -59553.383347305586      
146         -58254.614103972337      
146         -57713.011554408578      
142         -53783.981601385247      
144         -55784.368309502635      
144         -56245.523426583815      
146         -54421.728769809866      
146         -56729.039956219967      
141         -54117.510524491321      
143         -56478.191590138966      
148         -60174.598624979983      
146         -59532.335973336296      
142         -56296.631113445495      
146         -56146.948297083676      
143         -56788.470067677932      
145         -57466.878392126033      
146         -58214.943099204917      
