18          -4337.2872148124807      
11          -2088.9183887589329      
11          -1612.6661953781841      
11          -2763.7478163663859      
13          -3788.618159428167       
14          -7050.0739004939705      
19          -8203.6939837358623      
12          -4148.7717748332534      
20          -7416.6144447722118      
29          -16163.682579718417      
20          -4325.1104009360552      
23          -9317.2442946876672      
17          -6608.5479804455272      
25          -7571.5992448842935      
24          -11476.703380288529      
10          -2985.1914606874711      
21          -6057.0732929686201      
27          -15830.946717640771      
31          -15840.653366594337      
36          -23009.360898768697      
42          -29378.514086645187      
22          -13956.489433669167      
32          -27182.514316716464      
27          -15393.100845345562      
37          -29615.603932080237      
42          -29948.945890222978      
32          -22631.653724147338      
27          -14189.814621206569      
17          -4817.8733596144502      
20          -9052.6393462099877      
27          -13094.13433401859       
19          -4869.6611705583509      
21          -7605.622099256705       
28          -12736.677412904035      
31          -18809.145793959324      
27          -15395.583607969609      
11          -1682.2567885759183      
20          -4842.1503220696186      
14          -4815.6157637670422      
11          -1408.1099728192071      
8           -304.77586486684595      
17          -3771.0394885131727      
22          -10596.566022356756      
20          -6341.8268254165823      
10          -3951.5914279721869      
24          -7517.3002256072341      
19          -8354.2179836349533      
12          -2033.5817345103981      
12          -1320.5673418629126      
16          -5945.2866043810182      
17          -5962.9941229462556      
17          -4420.9628009320495      
14          -2261.6329050447757      
13          -3419.6507501113533      
14          -4120.6273064448824      
13          -4668.544744115854       
19          -4633.9018161662216      
11          -2961.4701452321801      
27          -11987.022140178595      
21          -12671.738640163687      
15          -4089.9140008089648      
18          -3925.2212451173064      
18          -6989.479621986834       
25          -9837.6786037340225      
36          -22097.506341629778      
39          -29742.491015392759      
46          -33931.374529422603      
41          -31965.41435742459       
37          -26723.077510305291      
37          -27443.774741938385      
42          -27872.732491072464      
37          -26242.280777529097      
27          -16831.922591917446      
18          -7922.9094386768038      
18          -6474.9805832223483      
16          -4349.9698340739342      
13          -7241.2809801724206      
14          -5423.4903350604918      
20          -10817.417843568819      
16          -5150.5510038220264      
25          -12253.540378305639      
24          -11191.001485945311      
21          -8572.7911625233937      
3           -15.146913731964407      
21          -8458.5877528611054      
22          -11732.666641324609      
18          -8063.5652993241665      
25          -13127.39499948282       
30          -22411.670077113951      
28          -22458.562210808181      
29          -20474.609045864119      
19          -7154.4819755706376      
32          -15784.54534867252       
28          -16335.494699345243      
33          -15161.479299937348      
29          -16759.358742584875      
25          -12488.008215798433      
19          -10218.688095049009      
24          -11540.750680955211      
14          -4406.2894790971295      
18          -4991.8864606542729      
20          -5375.451987453217       
12          -3168.2737539534937      
19          -10251.589125610351      
12          -1520.4878846264903      
10          -935.30259862504363      
17          -3919.7594625456254      
16          -3403.1049875943199      
17          -9620.4265142271779      
18          -12078.736032692128      
27          -14430.351825597707      
30          -18254.656436943551      
16          -6098.3421985867562      
12          -2948.069513518622       
15          -2498.1051479614512      
14          -3320.4612940587431      
30          -14737.873001157297      
24          -7814.7397918606594      
28          -17839.576273048864      
19          -10665.11327015383       
25          -18271.12273317857       
24          -8732.749822093223       
32          -20608.175338666733      
19          -4244.4536745362111      
17          -6427.385372894445       
22          -8516.80281324512        
18          -5584.2742529281513      
20          -10486.216828710149      
15          -4187.0185546448693      
15          -3983.651356220148       
20          -14038.093561155592      
29          -14158.795587018123      
26          -17836.666314488433      
26          -12783.569173747428      
16          -7397.5559748591977      
19          -6439.0382099044382      
18          -4151.0317012519736      
21          -8659.3440361264693      
16          -7236.9252050106043      
23          -10568.905127748778      
23          -15640.787635739185      
22          -11889.47157635278       
25          -12258.887928733062      
29          -15406.03927012233       
25          -12267.817452905672      
23          -7986.0758454840161      
23          -7997.4529968298148      
15          -4865.0919239162458      
21          -7618.0121350739846      
12          -2126.1928859089062      
15          -5601.4645378124351      
14          -3464.0247555370006      
18          -4774.7535346631485      
25          -9259.0014475146309      
22          -10193.213415391048      
17          -4529.1694984935302      
15          -3120.2678845398286      
27          -12715.792968188147      
24          -12711.50638333682       
20          -6741.6350948386316      
18          -2945.6268263898105      
18          -3984.6093923458079      
8           -245.19551700673654      
15          -6173.4330716708273      
21          -8951.6725235510567      
24          -10316.20376721844       
18          -3669.846970062154       
12          -1133.1585908652905      
17          -4694.8099096608248      
12          -5280.0930335302546      
19          -6819.8711619198048      
23          -15467.309286792439      
28          -21036.272877016534      
26          -17871.836509494304      
24          -13429.318382115445      
10          -760.10081770793454      
12          -2480.7777257999701      
17          -4522.2615306046191      
28          -14898.832947726036      
10          -3504.5833208163158      
11          -2171.7889427976797      
13          -4424.3909560724496      
16          -3914.403001092754       
15          -4284.6747080790237      
22          -10660.789474563388      
35          -19268.852601391121      
28          -11555.901600433232      
22          -8956.8835442854233      
21          -10213.875597656484      
14          -5460.596429277377       
18          -10709.308551597511      
22          -12618.107841387267      
27          -11871.998444160372      
17          -6003.3746465775139      
16          -2840.0960789065493      
17          -6366.4745652825768      
21          -6042.5291914949112      
19          -5804.4079542773079      
15          -5446.504794436376       
14          -2499.2749097551409      
15          -5398.6253438960784      
14          -5196.8313292044368      
16          -5690.7327055886153      
20          -7239.0438638800606      
28          -17599.787567931911      
27          -11591.607273585012      
30          -20862.302550538097      
29          -19163.140205512434      
31          -18447.147460841254      
37          -24101.909731368673      
26          -10848.446649593707      
24          -13890.573302126459      
17          -7797.5393319293444      
14          -2994.4885693978063      
17          -7747.4403578976035      
20          -9371.4881589499946      
21          -10821.007419606116      
15          -4086.1253976585399      
11          -2082.8785098703356      
17          -7956.8458126741853      
11          -3391.2084414347983      
20          -13802.530574125587      
26          -15230.250253499764      
19          -7891.5565865294202      
22          -5959.1774158223616      
16          -2514.0807228731323      
14          -4770.7413237796063      
9           -1042.9769163534118      
19          -9318.3138964502559      
22          -9837.6671610852118      
21          -10519.486040650118      
21          -7933.271097669448       
28          -16715.503220132101      
22          -11420.268653272324      
19          -9269.2583716236659      
9           -787.69129879179957      
17          -4971.5988639454063      
9           -3159.2028717862586      
15          -3223.7428287624657      
10          -3587.1385172231048      
21          -8261.9980131969569      
17          -6052.0580437576282      
21          -9783.9110878020747      
12          -2992.3991731040551      
18          -9630.9471223854944      
13          -2363.8282606361709      
18          -5275.670911840336       
20          -10390.701512353098      
36          -23490.526011053775      
39          -28762.876738004466      
34          -19842.949898805615      
25          -17547.388557899307      
21          -12748.185810133207      
26          -17430.145247265966      
29          -12410.388381545215      
26          -13943.521200212099      
31          -16373.221809820052      
42          -32791.956803774832      
29          -17764.677554734575      
32          -17224.37948499477       
24          -8719.247710040032       
22          -8244.1198830149278      
24          -13485.503517048952      
18          -10839.61695981539       
22          -12803.935035220717      
22          -9484.5197860198932      
18          -7673.5848342209065      
8           -1114.3486410254241      
15          -3560.5199375838379      
26          -15387.797023517722      
14          -3434.2377693961739      
14          -3948.7952916143195      
22          -5971.246256551065       
18          -7033.7430201867219      
23          -10321.76175056373       
40          -29095.898943805576      
19          -8069.0243488450351      
21          -9101.0117025139916      
15          -5897.6595958087428      
20          -5568.8303126289466      
17          -4946.0842497363137      
22          -9971.3591477654372      
16          -4592.2337372777656      
28          -15671.164663327821      
21          -9698.9654048959801      
32          -21878.653389387142      
31          -19010.040064095498      
21          -8269.7859133143666      
28          -13311.553300399988      
22          -8353.4644338868893      
26          -11194.239532935915      
28          -16961.709993952329      
24          -9982.2815117304017      
22          -10726.492205112814      
12          -1143.3442585440371      
17          -2436.3841216029487      
22          -10189.699626180536      
18          -9359.9900249242328      
23          -15838.999955845009      
17          -4034.8184159877305      
14          -3921.2944441369073      
13          -3988.2032502108859      
5           -464.03222484995382      
10          -2426.3618794988611      
11          -3255.5599153287344      
16          -6460.4365544056127      
15          -3692.6086389677671      
11          -2351.6337717030074      
20          -8263.1011449196521      
16          -4945.8136286700146      
14          -4877.3149110077429      
11          -2520.7539853121016      
12          -1510.3745932813049      
11          -2205.1407594391967      
18          -5698.4464166659309      
12          -2598.5737447069228      
14          -4661.7198669072031      
21          -9715.0501162333694      
31          -14170.54823474668       
40          -30164.684031479999      
36          -24001.765339627393      
44          -32045.740433860788      
36          -25671.607063031319      
43          -36994.444163442953      
47          -41468.548909010038      
40          -36143.133592502207      
42          -31904.346508663381      
36          -28406.321319182676      
36          -28697.444177248344      
37          -33992.391545384839      
41          -33523.282261639091      
36          -28803.887239119747      
28          -20052.392126324117      
26          -15921.605855140015      
27          -15572.536431971541      
30          -15352.919943502986      
32          -24818.571727354858      
35          -26298.055423870745      
34          -20174.126038171609      
28          -15663.822410368341      
20          -10181.436113974143      
26          -12326.511160614516      
31          -15927.688994772312      
19          -8361.2562008313944      
20          -12953.61011172711       
33          -23888.818692260425      
31          -15579.52456900518       
23          -13560.030907027634      
31          -16955.795066430306      
15          -2864.3813067706033      
16          -4870.4121745815428      
17          -7035.6507505063846      
21          -9149.9776159082157      
28          -17297.889530087064      
16          -3269.8005736126538      
22          -6471.0750550002758      
22          -9630.2555211631061      
8           -1003.445237732309       
22          -6923.3203935286529      
20          -4495.2446547051313      
28          -13908.861188096831      
24          -11387.359595111415      
15          -3269.3361500548476      
32          -22245.737234747074      
24          -12244.734381352831      
21          -7937.7863178935359      
28          -10339.651970351904      
18          -5148.1203113861829      
10          -1562.4917399136543      
21          -7970.7124230917261      
31          -18410.382318352738      
23          -10587.883974205975      
28          -16442.209089389624      
33          -17518.061458162967      
22          -7788.771959853214       
31          -16499.172244858211      
16          -5574.2221345461467      
34          -21273.48172695356       
24          -8504.0481072464172      
30          -17744.018122774483      
22          -10254.230166982259      
26          -17808.336956959392      
26          -15309.682034899924      
36          -26589.356753925931      
27          -14806.332981973652      
26          -14603.896136467587      
24          -16002.784369587034      
20          -8739.6011121401334      
19          -9175.5173371749697      
27          -18561.373740073308      
29          -17345.55091855206       
45          -33299.873744578355      
42          -26450.533317502741      
28          -18597.684133705086      
22          -8039.5641106688272      
15          -5088.1066047102759      
18          -4914.8069958823926      
21          -6743.4748801281839      
25          -14594.620691609536      
21          -10816.883266635594      
26          -15296.388817181893      
21          -7486.6813779737786      
22          -4738.1110912853401      
22          -9665.9172720094903      
23          -8115.3486127220804      
16          -4752.5322899416378      
27          -10544.526765779528      
37          -26194.430523143001      
28          -14343.8909341696        
25          -10422.07323742888       
34          -28655.735897519116      
30          -22194.756599671768      
21          -14685.457176891028      
31          -19579.899555884407      
34          -18614.278539479881      
26          -11851.923236332652      
19          -6439.4609068589843      
14          -2461.011437109079       
16          -3147.7935633474326      
16          -3519.4157749032647      
20          -6226.7376250638699      
15          -4990.1120519664428      
22          -8118.3472082491544      
16          -2956.2198075261144      
11          -1226.6558892686155      
19          -9010.5158043832089      
18          -7725.5031305839866      
31          -18949.933742081095      
29          -17235.30057682726       
27          -17277.833625826948      
13          -5569.2174890480283      
18          -7632.0569538707705      
13          -2974.7029481052177      
16          -4142.8684296174051      
18          -8179.1254544874055      
22          -8189.06607369431        
6           -1437.0861284289349      
17          -7965.1528564861965      
16          -5411.3103696980897      
16          -4522.3122142627726      
4           -156.46761702445409      
18          -2477.3737235961003      
18          -7733.2529342377011      
33          -23698.599232187538      
20          -9148.962802514694       
24          -8697.8742430613383      
13          -2312.3773694307802      
13          -2902.2536743046821      
18          -7657.7932693048733      
22          -9323.5159973628961      
31          -18055.033702236655      
25          -10623.422577438645      
19          -5816.9211231484132      
11          -3656.3108354230471      
6           -1318.9473270870917      
16          -2936.1947823800238      
18          -5182.7257730651572      
14          -3525.2296561236262      
15          -4382.3183632633745      
17          -6202.192848647338       
20          -7600.9434004431932      
20          -10660.938722095523      
35          -28095.302492142811      
35          -28930.386734056501      
29          -21347.015994030917      
29          -17033.98114918693       
31          -18866.712046648528      
25          -12296.728605517554      
27          -16132.229953962702      
20          -6778.7967294432156      
26          -14724.501650248862      
27          -10897.956399938272      
18          -5774.8884911113519      
25          -15586.561940378382      
16          -5050.9735160119053      
12          -2864.9688286481023      
17          -7391.0731411892766      
17          -3996.7932798211687      
15          -3825.7162581345419      
11          -1989.9151995682278      
20          -8131.2310136638625      
12          -2736.248588189761       
14          -3255.6684687899528      
15          -2522.1031670240204      
15          -2209.9216640691848      
8           -1898.7216215619394      
18          -5725.6353038940033      
16          -9215.2235715496136      
18          -7123.214535447918       
16          -4192.4908719980567      
19          -7457.7534798717224      
18          -5372.1255612403857      
13          -4197.6839553702403      
15          -4812.5977756564062      
24          -13670.248228706514      
11          -1884.9549774766244      
17          -5787.2448862448382      
17          -4762.1992112221797      
18          -6144.9084471897258      
19          -11006.092637432017      
13          -9556.8287003202076      
18          -6861.0485204803181      
24          -13130.733573271769      
26          -17362.310187997173      
39          -32032.464706291932      
41          -39405.462285503156      
36          -24574.766777939723      
25          -8881.6027690673145      
23          -10203.194832569623      
19          -7427.7629122171584      
20          -7423.3289570058987      
24          -11596.094971655277      
29          -12903.732167226175      
18          -10312.714100105357      
26          -9387.1475641164852      
23          -7791.064569089086       
32          -20300.038087259582      
21          -9683.5422534079025      
18          -5425.2264669123315      
17          -8146.3475800301439      
21          -8130.7384331124522      
23          -10207.120673291665      
16          -5662.0106049792957      
9           -1931.0424193423084      
3           -895.34291539156129      
12          -2900.5013959633284      
23          -6717.8013789694915      
23          -9592.1600839333878      
27          -14698.384443609375      
25          -12224.104838462936      
20          -7374.4393533056555      
33          -17699.217879358686      
28          -13233.667181507655      
21          -6644.0347760965406      
17          -4292.9449372085182      
8           -1654.7404364595036      
12          -4034.1552644014623      
10          -798.75036689146748      
3           -24.921583332857697      
14          -4294.8011927823909      
25          -10374.410128323851      
28          -13677.494920569132      
37          -23805.826345542584      
23          -8373.9410278675405      
10          -1124.7875080877368      
19          -4674.4862499709579      
24          -9132.4660781612147      
16          -6515.478794935143       
26          -18544.425894779884      
25          -12786.42198443427       
15          -7559.4599014361638      
10          -2332.5665852206926      
18          -5183.1945060942226      
12          -4383.161698773356       
15          -4009.0189565577507      
27          -10777.195335967686      
29          -17760.006764808142      
33          -20686.57071396743       
43          -39027.530269750598      
24          -11903.216911655698      
29          -17446.411347542267      
38          -31888.488918702886      
44          -42599.698800762482      
48          -47514.447169430321      
52          -51440.03171599358       
40          -37122.577597361007      
36          -27421.805901799602      
29          -15980.354263144844      
25          -11816.969097763318      
20          -10465.577880785257      
10          -1370.5869003070782      
18          -5885.8061140504706      
22          -8051.5008301844491      
13          -2566.6204426957411      
10          -1565.8901554338968      
14          -4708.7039706692531      
9           -3731.5668679698597      
24          -14936.792627167373      
29          -20149.644176733847      
33          -21011.696524712948      
26          -15424.431507105528      
33          -22191.436605334049      
22          -8227.2333223724781      
15          -4050.1816682760118      
19          -8570.813045194227       
9           -1484.2267558535229      
16          -4437.3646000754879      
14          -2671.2464633510453      
23          -8337.8101316049797      
25          -11220.769699198467      
12          -5775.2212813371334      
28          -17774.798709456682      
31          -21787.193962414891      
30          -17740.348435952841      
25          -13403.054575383163      
25          -9427.3595894125756      
31          -14644.954223064127      
26          -9336.2540447007104      
30          -15088.247115886406      
24          -11636.157773737634      
22          -9905.947384201063       
7           -511.90633740972413      
12          -2648.203300821785       
17          -9863.0508843706357      
18          -4469.6229202153672      
19          -8391.7110607050381      
28          -16222.169880329087      
28          -13108.757940192845      
21          -6974.2181522239962      
14          -1911.1745170180034      
20          -7988.2389261795743      
16          -5406.2756866421923      
13          -1520.0098459580968      
10          -2381.9738473566899      
15          -3786.0746033853989      
19          -5033.9230518489458      
21          -8551.7287237490491      
17          -5819.2837478601205      
20          -10067.499519240326      
15          -4917.6095962129612      
16          -6562.6977859383023      
15          -5770.121739768937       
20          -8428.5906814346126      
26          -13032.634864804759      
29          -17674.578836361645      
13          -2475.3266280727394      
13          -3044.541471062862       
18          -6059.879508291132       
24          -11176.801130463278      
38          -26770.40773825525       
22          -9386.9332585952834      
18          -5490.1024710145657      
29          -17259.784572324799      
33          -20162.971673444583      
38          -26220.323790349394      
43          -30003.522817457517      
32          -13263.857595008783      
30          -13222.014599088478      
12          -3592.2830603541374      
21          -8054.4817566503361      
25          -5920.8660334439619      
10          -2192.5329765608681      
9           -970.48015254696998      
23          -12530.35367537753       
21          -10602.70993607144       
28          -13248.606498879895      
21          -7924.0036959876998      
20          -8114.4988867258226      
17          -4446.6775614132011      
16          -4762.2814082664127      
21          -10090.528449901654      
12          -4649.4699728980668      
15          -8076.9642093553211      
18          -5519.8452080134684      
18          -11449.745233289774      
21          -11125.323105254141      
22          -10053.151055934672      
19          -6846.155125879829       
21          -8556.2353260763284      
17          -3841.3869235990037      
18          -3005.016061186363       
21          -6017.5493435516073      
13          -5999.0189987999356      
12          -3104.2893827763464      
24          -10792.573282221638      
16          -3712.2679184334006      
22          -11923.294748979346      
21          -7532.1862247579211      
18          -8026.1101852493985      
27          -17777.666248139511      
12          -1607.5352468370195      
11          -2786.7372718079414      
18          -5907.8158768948315      
23          -11103.664470235924      
18          -10845.060053967649      
16          -3053.7182035218402      
26          -13277.358276470864      
23          -9183.3591726489103      
35          -22210.090765182787      
18          -5952.6699686036845      
15          -4321.0084790858609      
16          -4731.372077432532       
27          -13196.077717543943      
19          -5887.2699222274096      
16          -3665.9372001351253      
17          -6059.167470866957       
26          -14570.506453500873      
15          -5370.3053660998794      
26          -11649.746222217052      
22          -13190.794710647404      
29          -16972.525928484469      
18          -6381.4228909039111      
17          -5025.3367323381208      
22          -10545.162877838311      
17          -3866.1983690237912      
8           -1670.1380850382184      
15          -3164.1069904193155      
20          -5772.6420443638744      
19          -7810.3330543827724      
30          -16724.960512062346      
25          -8627.2767740828695      
14          -2361.2749436363306      
22          -11824.604121761398      
10          -2156.9545339676174      
10          -3105.0425580523038      
14          -4133.0189567294137      
19          -4287.0694027141981      
17          -4904.3835217255701      
19          -4010.1075685881442      
19          -9598.5937771193694      
21          -6962.7854221378448      
19          -7143.7048317814015      
12          -1294.7825771595267      
21          -8467.3283892256022      
19          -12556.594717381897      
23          -18865.010017296619      
33          -20730.630176762097      
32          -25448.328474970807      
30          -20285.138187170633      
19          -9569.5398994902898      
14          -2809.1315294241349      
15          -4041.6087330969767      
23          -10111.392442377473      
26          -14320.079831160336      
29          -15678.998985319626      
22          -9210.4877885691894      
20          -5077.7178044939956      
19          -7243.5790809208638      
27          -13174.459662038102      
19          -7573.3377824725203      
22          -9418.2434005936393      
16          -5670.363380701614       
10          -949.51956117942063      
15          -2827.9236807218044      
19          -9457.3357323605742      
10          -4116.2296959564164      
13          -7923.2624748173866      
11          -1829.1499104649083      
12          -3076.9354232524256      
15          -4549.6409840690985      
20          -8811.7017357783188      
18          -7757.9821070768667      
19          -6643.7090534648387      
10          -2324.8461242984977      
8           -2192.8539852494523      
14          -2529.8758489820034      
23          -9242.3538825866835      
12          -1833.1898348794898      
12          -1504.1522054202821      
6           -140.80673202771081      
16          -5278.2941080285209      
8           -2043.6977204102227      
9           -883.16325406093313      
22          -10892.234072141204      
14          -8361.3296128599814      
16          -8321.7242205283874      
11          -1672.8242573117282      
12          -2716.6393477803017      
13          -2180.6683689606325      
19          -7454.0929148967425      
21          -10656.078248193991      
16          -7194.8998998938805      
25          -14566.561818737237      
27          -16516.4182531156        
21          -11094.047546888134      
13          -3032.9526780910846      
9           -654.79005072579889      
12          -2396.6327479707097      
16          -6453.2802413002673      
14          -2407.0526291606566      
12          -2721.3660694793571      
17          -7744.4521294603073      
21          -10264.093741358492      
19          -9718.7823128691471      
18          -10835.812867126404      
18          -7776.5015546453915      
10          -4505.8116324075136      
24          -9804.184804248107       
36          -23709.100989810646      
25          -14933.884757306256      
25          -19400.475414966189      
22          -8555.3793141005153      
25          -9354.6750902399217      
21          -11128.530397531918      
19          -7212.7060360063879      
13          -2740.3416158826649      
11          -2935.2959361505018      
22          -9865.8938050702436      
17          -4367.8697392190779      
11          -1122.0091775582678      
22          -9481.7971470594021      
21          -12323.027830154984      
23          -14133.25974985936       
19          -9140.6536843404065      
16          -6235.1254601326218      
22          -12258.086215829471      
20          -12499.169150611946      
15          -5482.3089517392827      
16          -8831.5956007363002      
13          -2717.3321287767976      
14          -4663.3699557680648      
18          -8764.3837157038633      
23          -14208.589915006258      
27          -13935.311250249066      
47          -40516.323583648227      
37          -22675.16111274809       
34          -18160.41462154597       
21          -5244.929733791796       
10          -2876.0573799895301      
18          -6514.207512126367       
25          -17768.282649859466      
11          -3489.9022683832654      
18          -8236.3443789950252      
10          -1892.3729422820343      
25          -9484.0889434313885      
16          -3441.080631222279       
10          -1847.2859594097195      
11          -1645.1249454665817      
13          -3116.4878647688897      
15          -6382.4050349738691      
16          -2645.355643726472       
20          -5831.3212951416381      
20          -9972.943412707069       
19          -4275.5737330372795      
14          -2852.6190797383329      
11          -4434.5606310484491      
12          -3079.3569502615628      
9           -2786.9918860840289      
16          -4247.456849929039       
13          -810.85963486834328      
19          -7286.17490630473        
21          -12927.463836942319      
21          -10472.13517519067       
24          -16287.44319758251       
31          -16535.755370126812      
32          -23616.713606090991      
26          -15787.757250558177      
17          -6335.3273261138356      
18          -5101.736023424809       
18          -6784.0401439498055      
7           -1623.1850408876746      
7           -1195.0231756190362      
16          -7205.3974094664336      
16          -7534.6327367683616      
24          -14529.663945237669      
20          -10361.347283032876      
28          -18491.449264786788      
29          -18190.120575858968      
26          -19662.386226720639      
32          -19358.283913245567      
24          -15382.483753831228      
35          -27043.135389651921      
35          -23785.455531173582      
18          -9040.558480385469       
24          -13078.438329579394      
22          -11739.95578692446       
27          -16585.292328971693      
19          -7191.2171391340526      
14          -3845.1682197051191      
14          -3898.6054641473611      
20          -8738.5072312182419      
15          -2740.0614384696664      
10          -868.24791377901715      
8           -816.55877459620933      
9           -940.99330825987931      
14          -2583.3782093883742      
19          -7634.5992691536776      
10          -2640.4528302399508      
5           -720.82743113549361      
11          -1609.6740274099004      
8           -342.78281538741982      
15          -6406.7389555796599      
21          -7981.6717606713128      
16          -5241.5846281529139      
13          -3437.5581997876793      
17          -3093.364249728706       
17          -5325.7564471050318      
18          -4447.1959340158519      
19          -6006.2926859775707      
14          -3788.0314420230097      
26          -11616.586491550515      
12          -2618.8220139886125      
22          -8677.9028653333298      
10          -2254.216797197063       
10          -759.27658874288352      
23          -9559.9226740681061      
27          -10063.196391445281      
33          -20386.454575003099      
25          -12782.925956506308      
18          -4493.6660613951826      
16          -5830.8657344983221      
18          -5506.7055059701606      
15          -8145.3335382824762      
21          -7817.6536328249358      
29          -18536.375453921813      
34          -20507.657702276378      
57          -58436.477155148139      
62          -66864.179571483255      
58          -62048.220686087501      
51          -50319.2784026347        
41          -35279.760762216523      
30          -26724.794365703783      
32          -27507.344402827344      
26          -17276.690225508133      
24          -14825.016225827834      
37          -26321.408303525895      
36          -28134.564162104325      
18          -8842.211394674403       
21          -9107.108834740995       
12          -1109.561131109044       
27          -12413.908038003621      
20          -4840.2077870265848      
16          -7774.022691742226       
17          -4237.9360036876733      
17          -5392.9684933095768      
14          -6143.6447211055665      
13          -3812.0570683749957      
20          -6591.2874894332253      
34          -23882.346547234945      
40          -28876.463139613177      
31          -15735.124796864588      
33          -17630.669741958092      
28          -14450.794781608298      
19          -6234.7808556338668      
23          -9745.9475923873706      
13          -2519.5869103110772      
20          -8130.6907533090907      
21          -6461.972801836715       
12          -3478.520765656373       
16          -2957.1319885070902      
17          -4199.0565765767087      
19          -4363.8000400580804      
22          -9998.3316342232993      
35          -20655.810893343671      
24          -15041.15395057627       
23          -9643.8963251884652      
25          -15103.81197270074       
21          -7180.7998586211233      
13          -3670.5671973004323      
12          -1595.6848142065598      
21          -7955.7717381200782      
14          -6344.1070991065935      
18          -9436.7694911566268      
14          -6954.5927298460892      
9           -1417.6217278294662      
11          -2595.2157562716329      
13          -2668.9030811809257      
13          -2449.2270208985124      
12          -1278.6067745851835      
14          -4280.596797939882       
11          -2922.1829451202289      
14          -4432.5949052947881      
16          -4429.9732404665674      
18          -9351.0074765063364      
36          -26265.094088525871      
25          -11574.964256930401      
21          -7950.2282304241608      
25          -14918.324765473446      
14          -5329.8401939924252      
14          -2691.9420167809299      
21          -8398.7072248941895      
24          -9574.1189545059297      
21          -10362.498779166843      
16          -2465.4405357670121      
19          -5357.5621876253572      
18          -7791.4150502396842      
23          -12558.337001291005      
23          -14476.025913193482      
37          -24506.608993222602      
25          -15339.622538870928      
24          -9078.458691537835       
29          -17706.392267743198      
26          -15357.341560347391      
29          -13087.174509770153      
16          -3659.6169287880361      
33          -20224.716420533343      
21          -9960.0881211405012      
20          -4970.9262109116207      
24          -8997.58489147398        
22          -9683.846499051313       
23          -10445.096799748635      
15          -3311.5707927389249      
15          -3516.3199135916402      
16          -7517.6202891718185      
20          -6475.1589153868572      
32          -18628.877377396497      
28          -15087.205711908502      
22          -11082.782724197627      
14          -5464.7186776268036      
28          -13167.775568343373      
14          -5594.8956268728261      
11          -3121.6776734081868      
13          -3472.7586858618552      
22          -6564.1918501887376      
14          -3268.9223005748136      
19          -9634.3763424579756      
30          -17761.812658895         
29          -15082.373858976896      
23          -11842.483097989079      
15          -4562.0629308793468      
17          -4612.4513780028956      
14          -5111.3270726316596      
19          -5374.7221395452998      
27          -10664.775978142621      
22          -12716.69879864605       
22          -8757.0628277634387      
7           -1358.4019890543118      
9           -1363.1028572768157      
12          -2307.8600511835657      
16          -3623.9953892181165      
20          -4281.4790698458901      
26          -9813.9402287034118      
22          -8351.4581545771634      
15          -3781.914101157734       
10          -1179.9226138707818      
14          -5801.9914625817692      
28          -12060.365637949657      
17          -3144.9896043615336      
18          -4717.0829742359892      
12          -2995.048412385233       
14          -5143.0320494988837      
14          -1910.9246869013421      
25          -10509.83430627185       
22          -13007.528093021816      
18          -5063.8614023002401      
24          -11172.887266089963      
27          -16186.98172527994       
25          -12290.384956452235      
8           -611.9499439288229       
17          -3513.5464490934796      
11          -2441.2228930448055      
10          -1333.9377520786593      
20          -7862.2614973079071      
22          -7290.9714327090333      
16          -9497.4686277658966      
13          -5127.2566849004425      
26          -12460.30236628344       
25          -10392.690431895433      
20          -10361.268863706842      
14          -4667.2966061492743      
17          -6622.2449714843442      
10          -751.2912777668555       
9           -689.22656073266057      
22          -13261.935511155789      
26          -12567.155994053603      
12          -3362.9652623717598      
13          -2157.1839408943779      
12          -2886.1591208862019      
14          -3979.4629556937148      
10          -2420.9967040498996      
16          -6392.6531302796393      
24          -11337.374783648358      
24          -10434.201445327213      
27          -14597.243411088009      
15          -6635.6852955570776      
13          -1089.1543001104474      
24          -11456.537710790897      
14          -6843.1980994422829      
32          -19854.960582020605      
49          -46277.953275927146      
47          -43868.108499747788      
42          -36699.086602253767      
55          -53812.476492361864      
53          -46019.364665881512      
29          -15424.639366219202      
19          -5292.8347742724918      
20          -6210.6438052368849      
20          -6807.0597959736333      
21          -10625.134530925154      
26          -12842.621342172133      
29          -13648.861101250246      
26          -12694.098129664208      
19          -8702.0659669198885      
17          -5072.9204289229292      
13          -1381.4837122701799      
24          -10049.226837399045      
25          -13916.455231780819      
7           -1352.8575509886368      
14          -5012.4373935233316      
18          -5279.1782646976308      
25          -12188.343756939405      
27          -13490.506232535015      
21          -9427.8377838411288      
24          -10481.267313892924      
17          -6281.1250653543921      
24          -12788.927242647538      
21          -8399.2942416228998      
36          -24772.999387342112      
36          -26015.492395213925      
35          -24950.041996883803      
26          -15979.204480577018      
37          -30903.076594285132      
31          -22039.9224942822        
33          -16447.758154748226      
34          -17205.742330392251      
18          -6008.3070581571073      
18          -6851.0761779854311      
24          -12527.543898567834      
16          -7041.4696754217803      
26          -11062.524906406215      
27          -15198.722705251874      
27          -17170.850141438623      
25          -12023.682392628798      
27          -12227.616721190738      
26          -13052.636427517355      
35          -28365.304740424646      
28          -18219.13436473269       
33          -23834.221416226788      
26          -12606.15565820546       
22          -7838.1765422089511      
32          -17174.867499633681      
23          -15317.919577877312      
22          -10529.061430628772      
21          -8154.9956646302107      
20          -10088.226034561916      
23          -16828.042753329963      
22          -9831.1141085358231      
21          -8937.0917641295709      
25          -8608.6642823868697      
16          -9384.1182385913398      
17          -4595.1634991579085      
8           -1079.5945387711513      
15          -5138.7955514718824      
20          -8416.7576395467731      
16          -3601.5906447171378      
22          -10219.002949230475      
25          -11874.763209048182      
20          -9460.0014935204726      
27          -21077.87883907088       
27          -15169.900388842316      
39          -31241.628169945579      
36          -32092.766566847367      
43          -33591.799190753547      
29          -19049.565373339821      
28          -18304.525087512146      
27          -17306.830023980976      
28          -10991.986816705099      
17          -7473.5909082928247      
15          -3504.9302474849756      
25          -15183.413653021125      
26          -14280.917722389582      
26          -17696.51987052089       
23          -9164.9779008197693      
19          -6379.0569244681083      
19          -9826.4800259753811      
16          -5025.1091433430129      
13          -3556.7453779399457      
15          -3898.4274262597214      
21          -8231.4082430855942      
18          -9318.3993121759886      
16          -5488.388545872308       
14          -3349.9428480264914      
20          -8165.0121477609373      
23          -12244.729513390688      
23          -5580.5030984266004      
24          -10277.213827520674      
27          -17373.402923739137      
29          -20492.781913546009      
22          -7475.3116705246421      
31          -13970.0072960627        
15          -3159.5192856969502      
14          -1813.5209862340653      
17          -7721.8480937109171      
16          -5070.1285713972047      
11          -2201.5110993406925      
17          -9125.9276418600621      
15          -7165.3145635764067      
17          -8484.2145019521759      
13          -2521.8087585897192      
14          -4259.3113787497177      
17          -9331.117240688558       
19          -5697.9631118151465      
22          -10935.416792022597      
17          -5929.4929457816852      
20          -5897.9904819094736      
16          -6164.1028674279996      
19          -8502.8214924407657      
14          -4460.9761014717697      
20          -7545.0388887972131      
28          -13750.420694732042      
23          -7427.7066972604207      
15          -2096.5698426305298      
23          -10007.423617205015      
23          -6974.8770400391668      
31          -17737.733101400383      
36          -23765.234005197632      
34          -22787.913997156498      
37          -26544.615304163057      
38          -26858.013105970625      
47          -44395.707254551293      
29          -20138.642875249883      
34          -18679.718581406611      
32          -20606.99929791678       
21          -11449.964028895101      
24          -11342.177572709654      
37          -23253.096971027178      
41          -25952.862272493414      
31          -21577.094638605737      
38          -33588.596388216931      
29          -17265.066001374395      
23          -12016.288897764764      
11          -1680.9149121573446      
16          -4078.8348356360179      
10          -1558.523686094195       
13          -1912.6956270558353      
30          -14313.368653831598      
23          -10821.241746918675      
12          -2750.8684964569711      
23          -9255.1502272611324      
33          -17032.740634047914      
25          -17812.894350520713      
31          -24646.716152372737      
21          -13368.593389217433      
24          -14686.044176631936      
18          -10248.609126534504      
22          -7795.4524100149874      
14          -4285.2945954800944      
17          -7361.0500692369887      
11          -2181.0821981688891      
13          -4593.0006805124731      
17          -8403.6737617777253      
16          -3902.091026223206       
15          -2642.8277876382454      
24          -8973.285279095202       
24          -14616.050188887022      
20          -8627.8934022384965      
21          -11081.388084478018      
13          -3214.0513233281131      
19          -7420.4017463577457      
18          -5718.9896491520276      
11          -2282.0055024764652      
17          -6147.4132500914611      
32          -20056.096778236377      
18          -6983.2035175385727      
20          -7231.2607767390091      
24          -10554.101640083371      
26          -12032.978620107853      
23          -9376.9563818362458      
29          -17981.022614791262      
14          -4781.8972073242758      
13          -4947.5447599624913      
18          -8340.8193007126556      
12          -2528.9437895891983      
24          -8886.3791655007844      
11          -3637.1475210888102      
21          -6856.7482992977421      
16          -4292.4442682681329      
17          -5779.835531743387       
22          -10356.850039703815      
31          -14338.854419243058      
27          -10607.366694505217      
25          -16493.324810989867      
20          -7706.0183177271119      
19          -5576.2838916219825      
6           -1090.6822228797075      
8           -1280.3418856193427      
22          -10774.355139360949      
27          -16933.902839671257      
29          -20514.114392438121      
32          -20956.888876864985      
14          -8033.3479676920042      
16          -4512.2568680157328      
21          -9142.8315987586975      
27          -20673.993161272934      
16          -9535.5894847979507      
28          -11852.721809419425      
18          -5823.2292796279844      
27          -19464.804611944051      
19          -8848.7811519713105      
21          -8449.7431097863791      
13          -5070.7286669218611      
19          -6180.7280247364815      
20          -8715.9945056052093      
23          -10017.558274875804      
31          -19008.22404506903       
32          -15741.282965774551      
35          -23472.118317902994      
32          -16919.759153662824      
19          -7993.8796761912818      
17          -5312.133998633356       
8           -1382.0901264960944      
20          -5369.9089519285917      
33          -17556.756289085857      
31          -19375.642158179093      
31          -26678.00656868505       
24          -12363.248591597705      
27          -16312.626553832273      
19          -11676.982876359307      
21          -9478.4033967084179      
29          -14643.14554101592       
38          -26186.777844599994      
35          -20727.8916965274        
19          -6033.4274051803895      
9           -2370.7366309596005      
13          -2552.5678615237316      
11          -816.46888413292072      
14          -2313.7700859145702      
22          -12600.334820817112      
30          -23459.219162571724      
49          -41659.387179843674      
37          -28796.589841895482      
23          -12435.072398018398      
19          -9201.4300364827432      
6           -130.8484665007922       
18          -5651.5481632020656      
18          -5668.9271125534187      
12          -3437.1543691441402      
23          -7967.7294656870545      
27          -17529.339823088296      
28          -14306.221179872959      
21          -5249.2983624203853      
14          -3608.3872074457599      
17          -3871.2013588322702      
18          -5300.1651276252614      
14          -5002.3178050598208      
26          -15033.768499659343      
23          -13484.683670952898      
29          -17156.46796282132       
22          -10053.915720967596      
19          -4024.0031549250371      
21          -6193.1236979951955      
10          -1846.809078338262       
17          -5482.3440623374381      
23          -8013.3740050064271      
15          -7233.2639945448291      
12          -1796.6010113943294      
21          -9157.5305842848265      
19          -10299.443903544103      
26          -19840.111028229243      
31          -23105.70263902445       
24          -13988.943135594925      
29          -17731.629574927476      
25          -14024.639539245678      
23          -13150.554800287589      
31          -18296.767072326456      
19          -6651.3046361439592      
27          -21412.169079866078      
34          -28670.447198753012      
28          -22846.861945119312      
23          -10083.532755785902      
35          -22404.790501346375      
33          -18987.163968312238      
18          -8144.5559297695963      
13          -2572.4465068124487      
18          -8133.2712814187571      
18          -4498.7325557623517      
14          -2103.025782125198       
24          -10417.376816303651      
18          -8880.8508622629197      
26          -12152.144269796527      
28          -12236.234681963871      
25          -13100.001932637555      
20          -8322.101884290807       
17          -7130.8712332779096      
21          -8006.4920021442122      
18          -7225.4578756127739      
17          -5038.9332823907071      
11          -2130.1381455718583      
14          -4941.3229817479987      
18          -6278.8592069130937      
20          -8571.4313429469421      
32          -23494.023971019687      
42          -28868.914539058344      
34          -28838.011118150822      
24          -11906.906306374709      
24          -10325.900136281118      
25          -12452.520187882463      
14          -3218.1692142809056      
14          -4315.7355648555185      
20          -3957.4926605096243      
13          -1400.0865067361251      
17          -4052.3765397320844      
14          -3381.6655718504207      
15          -5690.2682939384404      
15          -3613.8662945688766      
10          -1835.0907695533897      
15          -3810.2851034701239      
19          -6561.8257451765348      
25          -10132.442104077878      
23          -10132.579093876479      
17          -2470.909323389873       
32          -17549.823555797822      
23          -9861.5370757987985      
8           -626.24508204999108      
20          -9967.271219690585       
23          -11925.644686497399      
25          -15769.823760252395      
14          -3777.6622367613295      
17          -6828.3271827257213      
12          -2893.4974734500429      
12          -2374.0971387190934      
17          -4850.9331949371708      
22          -12618.975969268817      
23          -13078.856011994105      
27          -15455.102626995033      
25          -14782.312311427881      
25          -11969.229372168116      
19          -5807.6134134505955      
19          -7192.0470414787778      
17          -4773.0829417318691      
23          -9780.1088791717648      
30          -18087.441549804164      
17          -7309.2812629117734      
20          -11796.009268832666      
23          -13795.72814741844       
14          -5669.0724833406184      
15          -4867.7792731160171      
21          -5356.8692807119005      
28          -20266.069241008372      
37          -20544.869262337685      
26          -8347.6405982036031      
22          -10367.582475884676      
20          -5568.8285406551286      
19          -7284.1341694824605      
17          -9422.1274561678219      
14          -3558.2724753032444      
19          -6099.24825691349        
15          -7585.6523134792997      
16          -7917.4134121470215      
22          -11185.627529860201      
15          -4314.1181319089264      
7           -539.55335849679796      
11          -401.18096738198568      
17          -8425.6334666460189      
22          -10985.922090428663      
19          -10509.096226715203      
16          -7481.9959286852518      
15          -3396.0913849627514      
31          -17877.44026217638       
35          -25109.919148070734      
28          -17847.543021675465      
9           -2108.2539068796236      
19          -5325.0703405724798      
14          -3848.0254044505236      
11          -1747.0089305035922      
16          -4125.4282466195818      
19          -5860.9376162053804      
12          -1630.6846488585038      
17          -7967.6199897162769      
18          -9675.2200822639497      
31          -19025.097096704976      
18          -5397.4754371941253      
13          -2536.8406608782834      
17          -4396.0711212931437      
13          -3213.8203448045706      
26          -12931.120144018454      
20          -7588.4774995088965      
15          -3936.4968379222032      
16          -5858.5825041555936      
25          -8996.975643198024       
21          -12191.835723141226      
22          -10249.203747202853      
38          -33235.169670211551      
39          -28785.559148835491      
35          -23472.755098811311      
40          -31659.588142088356      
32          -20840.796534930327      
47          -41542.399033081529      
41          -33355.99643290347       
36          -27858.330542699608      
26          -10628.028154065492      
21          -6299.6388096855335      
19          -5070.4575039859774      
16          -3597.3719490388662      
17          -3959.4365357028782      
17          -4493.5107117393936      
15          -4192.4531187976681      
20          -5530.3014810946279      
16          -9003.5130061802683      
27          -14697.559924194395      
30          -21492.159123533896      
30          -26939.480356490629      
19          -11500.413192736316      
28          -17088.969784269102      
22          -12961.308571751915      
36          -25763.45814144348       
29          -17207.901297254783      
25          -12133.17115841269       
14          -4318.3346843908839      
18          -3604.9817763718329      
8           -690.53709723845679      
17          -5875.8269696230254      
16          -2871.7058153014409      
23          -6279.7537353140551      
16          -6470.3721082319544      
25          -10852.69851171468       
29          -16633.418246971924      
25          -9569.2633843119893      
18          -4853.1711676225486      
27          -12989.812213712294      
25          -11830.94857935413       
16          -10350.259106822472      
28          -13306.04276342202       
32          -21106.350863648502      
25          -10080.396665357039      
10          -2704.0128139066137      
13          -1652.4546444229898      
15          -4409.5198014748848      
8           -1641.2103840629352      
15          -5736.0614317667978      
13          -3344.6496971103888      
15          -5887.5327954046361      
29          -15654.819026064295      
16          -4869.1829779256686      
25          -11374.210695682312      
17          -9173.7878347110654      
19          -9057.0989569805497      
20          -6909.2131350058726      
29          -17219.564139955943      
17          -6724.7024102432897      
24          -9021.352504636232       
11          -5220.9876873706689      
19          -7753.5457991770863      
27          -15533.834197828441      
30          -14470.96462954942       
34          -22064.799330867674      
32          -21871.140694522135      
23          -11252.508704721706      
17          -6553.5254554466692      
12          -3087.7614868371807      
18          -6895.2145011444709      
13          -3363.3878780011278      
19          -5522.341900815245       
25          -9862.515228157923       
19          -5208.9648006007437      
18          -6840.0994672762527      
24          -6973.2806203684377      
23          -12473.516477003282      
18          -6108.1352472699145      
29          -17844.397035687522      
11          -4878.6385879510126      
16          -5454.7296157868723      
10          -867.85429383704331      
17          -5615.9364922679624      
23          -11379.95569745568       
23          -8446.1509375188361      
7           -1039.6281254231301      
24          -14216.306395869158      
44          -36312.686401159714      
42          -29292.278554619508      
31          -18385.923531383221      
31          -16449.502586902516      
22          -10108.107687178152      
26          -14708.309445833869      
22          -12172.633785772397      
13          -5455.6639444757648      
25          -15213.213980160381      
30          -16551.281384169291      
30          -17707.887932146408      
14          -6024.400085768435       
20          -4596.4420973088982      
20          -7621.6267718743711      
25          -8164.147993458153       
15          -4520.9758129542815      
17          -4779.8978228540291      
12          -2633.1319004688621      
20          -8777.4785170282375      
15          -3758.1649258553589      
11          -3449.4293622436203      
28          -13780.495066989022      
26          -13517.30708685822       
10          -2117.8931844118852      
17          -6651.7699736909044      
23          -10919.213336902827      
25          -12247.000245674812      
25          -15651.090674938179      
29          -15381.829814106071      
41          -37186.570276895196      
27          -19161.613300295299      
27          -10688.23066336595       
25          -10300.185477555455      
15          -3944.6461319386967      
15          -2802.6879968995922      
14          -2326.0513861362201      
16          -2260.6442364694617      
14          -2578.1993981952678      
10          -1976.8227903930297      
21          -6231.2187043473741      
29          -14432.621742367077      
24          -9130.7395009155316      
21          -8238.5775569452744      
17          -8151.3530057292546      
21          -6462.2003881144865      
19          -8335.6414063898083      
23          -8101.8112459235253      
12          -3731.8010779605543      
20          -5939.0330094117799      
22          -11575.303919611932      
15          -4241.5953374528526      
21          -8879.3461682685738      
23          -14366.256132011862      
21          -12488.252226276318      
29          -19225.943282312503      
34          -19437.404619937002      
27          -14354.418464667689      
19          -3998.6952812673626      
12          -4647.9635426132518      
22          -8266.2716593037676      
31          -17863.221405631619      
29          -19323.725805223003      
18          -6045.9291226161122      
15          -3171.8515069660416      
8           -2224.751364025462       
13          -4618.5937151428361      
14          -3265.5327077047314      
16          -4076.0532163486632      
15          -4925.6974199784781      
23          -16063.356253398963      
17          -11132.016915708788      
11          -2777.6069013017282      
17          -6988.7803307645572      
25          -8679.1635836602036      
20          -9625.7921995224569      
21          -6101.7918041029461      
12          -2689.620146053594       
22          -11622.115945526115      
30          -17606.94201667402       
18          -6255.8807935827599      
23          -13488.130550510432      
28          -18451.649536532917      
32          -23585.440708872535      
32          -22989.58613354624       
24          -12812.729599110686      
25          -9293.9109807285204      
14          -4431.6162314586882      
10          -507.01135475632265      
19          -7294.6712817225543      
19          -9611.39771835385        
17          -7151.9401631790479      
16          -3024.4094924012979      
8           -987.87719828828824      
20          -6609.2273243509571      
16          -5320.2445577498847      
17          -5008.8347839099815      
16          -4495.8414417128952      
27          -16568.718866924348      
19          -9584.1010721878338      
23          -11787.666894776266      
13          -2881.0971556775467      
15          -3418.6183789980892      
17          -4106.2526356781755      
13          -2933.1641426850033      
13          -1604.3580722729789      
17          -9519.5972059441956      
27          -17058.565895120159      
18          -4569.1206313599787      
10          -2418.4968228337302      
21          -11631.447202974046      
12          -1620.0763502169568      
17          -5836.1495962142808      
9           -754.36530532418067      
18          -6197.9359110629111      
11          -1317.8430262207085      
11          -2921.792168067172       
23          -9078.3011217552557      
22          -13232.785771928153      
19          -7571.6568272136756      
20          -8946.6558293923063      
16          -5399.8288635262115      
26          -18354.879679712962      
15          -7285.3610195410156      
18          -4149.0526559086911      
19          -7072.1833759440597      
15          -5056.4657924801213      
11          -1359.0285596912613      
20          -7457.6303311208385      
24          -7359.092281360272       
12          -2187.2938515450337      
21          -4183.415298251005       
24          -13422.049502158146      
34          -26010.682071439398      
27          -19432.406872441199      
32          -22394.182266630483      
43          -36742.700254393843      
52          -53146.357159393796      
43          -44211.629745025297      
41          -38806.131669620707      
29          -24320.45152767187       
28          -15927.823737483513      
34          -18225.179860656946      
42          -33237.600114518769      
52          -46537.191241530418      
47          -36168.811553430351      
34          -19971.650138231762      
29          -13707.339235827729      
30          -16359.057790025043      
13          -2952.9514081274128      
15          -4270.8927169316921      
18          -4857.5877331321062      
12          -1574.9261352291614      
14          -3387.7956560150433      
14          -3207.3747074318203      
20          -9718.7098267608126      
15          -3691.9205621186311      
19          -6852.5452991109605      
12          -1581.7836116764424      
18          -5880.9189239100924      
13          -3686.0266055893967      
26          -15756.199899101808      
16          -5062.1574264682858      
9           -2922.6426769984905      
18          -7278.0152438029381      
19          -10874.106880862848      
21          -12296.494178092127      
17          -6791.9864253858332      
19          -6376.3472975192562      
17          -8207.177023314598       
20          -8474.2082300512448      
10          -2216.8406987792328      
23          -11195.320426157432      
8           -957.20493696848825      
20          -5066.975477521044       
17          -6621.4568040481254      
26          -13999.548609855694      
37          -26325.573927758047      
33          -23523.940175244403      
25          -16023.287267187205      
34          -28555.035208220073      
31          -17913.400273494859      
24          -9654.0262299047117      
22          -10893.00807107429       
17          -7736.0226277868787      
15          -2655.9070796527753      
17          -9110.7196959504854      
17          -9257.0433741709658      
19          -9492.0229490080656      
18          -7871.4565498983548      
6           -494.91038207651945      
16          -4515.6229253908059      
21          -13031.979575983329      
13          -2956.2620096171877      
26          -14040.534515045894      
26          -11528.598331578572      
38          -24460.714133646325      
31          -17965.451778762559      
21          -7409.1883416668552      
16          -5747.3754432388596      
17          -3456.615338647538       
16          -6381.5530276791078      
12          -2759.8242782444386      
19          -6730.7033227643387      
19          -5820.8745304433069      
17          -6321.6843816173523      
8           -939.46276212403166      
12          -3019.1546751629958      
17          -4697.966732672995       
8           -491.97824221496967      
18          -6175.083916980876       
14          -2526.294136508177       
15          -4483.6814668310626      
15          -4831.7508560191618      
26          -10950.021614094612      
28          -16131.965930292898      
26          -12768.6086633048        
23          -7377.994349229346       
15          -5385.8437585218153      
15          -6002.7635356669043      
19          -7051.853345463549       
16          -2577.4791172280634      
22          -7461.4894630468134      
19          -12076.088304405794      
15          -4407.4490338207997      
17          -7082.5653360539754      
25          -11050.837368310125      
21          -9997.8527038208485      
19          -5005.7878144618398      
14          -5967.3908858853483      
28          -16437.659410988592      
15          -2627.3299719915913      
19          -9596.6881015237523      
5           -397.01631730061001      
13          -4579.9257580130152      
19          -5637.3857392428217      
26          -9794.6431311066754      
15          -2882.9856689044086      
14          -2493.8570271573635      
29          -16618.385930899407      
22          -16926.807519771668      
16          -5980.1796289741524      
29          -16757.397979798316      
28          -13497.789552193815      
26          -11949.879109612988      
23          -16510.663003475405      
20          -10901.656043534671      
18          -5460.0052597431686      
15          -6959.507401970417       
11          -2372.3837862495211      
21          -9990.7049930646153      
16          -4072.2907498616778      
15          -4294.1154120831288      
25          -8317.1679254653627      
26          -13811.598100848772      
26          -10969.422653083793      
30          -13922.041477627254      
23          -10006.552319980663      
13          -2803.692060266093       
15          -3979.4827170527442      
19          -5752.2464971269819      
11          -3560.1329975508042      
24          -7343.2622735818732      
9           -1115.283252292629       
7           -467.96737709252403      
12          -2853.6543269487192      
20          -9270.3610600589036      
24          -12523.848056432082      
18          -8442.3509736772321      
17          -2734.6411102948086      
23          -6149.2106769961674      
13          -3912.1857085745992      
23          -9082.8118632539154      
21          -4930.4931620187253      
24          -10965.310877551683      
18          -9226.504710612091       
21          -10913.016713478522      
23          -6963.4916981751139      
20          -11760.782318431964      
23          -9995.761291921568       
29          -19307.323173439116      
34          -24505.886356371633      
36          -22955.205914348371      
33          -19975.675566704387      
31          -23230.279469683923      
20          -7930.2928983391585      
15          -6919.9690652005538      
22          -8994.5704483472855      
13          -2463.1445021430836      
10          -3099.8445415046776      
14          -4238.8014380004724      
11          -3371.7406280122932      
12          -4723.547686960972       
10          -1163.0747213034936      
13          -2814.3648609968418      
18          -6746.6752041363889      
20          -5243.730183002478       
12          -2345.2653381218174      
20          -6292.9684351626629      
14          -5856.5102799974766      
11          -3530.6980244769384      
20          -9438.5506710794998      
20          -5652.7152592246675      
28          -16947.530189785241      
24          -16808.483321919659      
32          -17127.417250581202      
25          -8768.5830445542451      
27          -9897.3710412167438      
16          -4117.5084512236981      
12          -1496.4831024477758      
15          -5670.444552577741       
12          -4314.7081567746363      
26          -18116.254222484702      
26          -11593.78124215806       
14          -4355.3701379369586      
8           -1525.2629032783834      
17          -3802.7939619991494      
13          -2793.5357572940479      
12          -2013.73388189506        
13          -3622.1993411216431      
16          -4576.8497800165478      
15          -5638.558139431133       
14          -4610.3242383739216      
20          -5448.4843918784954      
24          -11446.546166234513      
11          -1765.9812181794252      
9           -785.15525921319738      
13          -3560.3226168686547      
16          -3414.8434006777834      
16          -7236.6362905698807      
7           -868.62344991922953      
20          -6564.3324493664913      
10          -2366.6172317751884      
16          -7205.1784277837878      
22          -8437.5024232648884      
12          -3605.5431245235559      
12          -4580.1882744368713      
13          -3044.8930169941436      
8           -608.00104163471894      
14          -7006.3230633372714      
10          -1218.6653379894328      
16          -3702.1853628547128      
26          -14446.034104095848      
11          -1747.9803410887739      
13          -132.26792899229901      
10          -2117.5232706820111      
10          -3232.6632341305199      
31          -16658.843508583093      
37          -23755.372802125639      
31          -21146.794356756938      
29          -14733.582617381069      
42          -29335.371714570872      
26          -12566.964044652766      
18          -6151.6647296114552      
10          -2214.65385434669        
19          -8304.9875952814327      
14          -4553.6554126311657      
19          -5984.3639694849589      
24          -8957.8942301453426      
15          -2733.5348048572287      
18          -6589.067797713451       
24          -8027.882408299788       
16          -3397.5049764850232      
17          -2491.3046240165331      
20          -6417.9765761671242      
27          -14585.455312302785      
23          -10406.734400697573      
33          -20255.795724502066      
30          -17925.304447136532      
33          -26811.300531473902      
39          -27728.604892800613      
30          -16647.894751451131      
28          -14108.639061267626      
15          -2416.1183634834233      
7           -429.68508656192608      
11          -1497.07991704187        
14          -3996.8874159403922      
12          -3029.3921173937379      
10          -1412.7978040081066      
17          -4859.5758686311174      
24          -9062.9617422299179      
19          -6520.5978818454241      
21          -9847.6746218120643      
21          -9975.220206656777       
30          -19417.097796056238      
24          -9758.6569081605958      
29          -18956.46015565264       
26          -11146.250424114087      
28          -15769.056570276041      
19          -8155.8604701465292      
15          -3225.4144848323635      
25          -14855.431380271297      
19          -6794.5445101677587      
20          -7956.076003660467       
9           -1271.3737168841687      
21          -6538.14308682723        
25          -10727.706510547207      
34          -26843.910500127557      
35          -27513.93846378518       
22          -7609.086920595535       
20          -7764.8124480311262      
20          -5985.264772144722       
14          -4745.6345294480261      
22          -9449.3359054477642      
27          -19765.138818344283      
26          -13783.681712439027      
22          -9641.0743438416102      
20          -6597.1828965782033      
16          -4705.7863958684793      
22          -9799.5592580076354      
15          -3313.2047460687722      
26          -13180.772898136938      
10          -2458.6480547420942      
16          -7160.6485132826738      
9           -3574.3202177791577      
14          -3014.9214124088571      
14          -2965.3093306263959      
26          -12113.358993637032      
15          -4725.4107216139846      
12          -4458.6652638459891      
22          -7124.9867715180671      
13          -3423.1806245873167      
14          -4651.4791168941647      
22          -10652.044232554259      
18          -5298.9150197234367      
19          -5604.404783327207       
29          -17024.16753860598       
26          -12040.221607389092      
23          -12988.302346952554      
15          -2947.8485322908832      
11          -2799.3524794278223      
27          -8448.8187202411864      
13          -4399.7514158540362      
20          -5298.0014248277957      
20          -5446.8558863392445      
26          -14629.706293431329      
23          -11423.970859241736      
20          -8951.5688140586444      
25          -9136.2208793189184      
26          -9290.3153294588119      
23          -14585.61840092411       
19          -10763.403885573063      
16          -8256.9442745384058      
12          -2042.7412251211831      
10          -2342.5002097942479      
14          -3247.6975444165701      
36          -21358.596496388927      
22          -8222.6223212452751      
11          -2693.7455909797768      
17          -8967.9751442157394      
23          -15530.49475563395       
22          -12337.893591262562      
24          -11668.185364390101      
7           -96.261306099672197      
16          -4071.9867742416031      
21          -7862.702295366279       
18          -6977.3495876146826      
36          -22666.48609791687       
31          -16963.05846576568       
38          -27155.640316887457      
27          -16444.761500835139      
22          -12033.433200936986      
26          -15381.566929379152      
24          -11341.241286564473      
25          -9273.3997766670582      
26          -11353.229904475131      
26          -10707.024621413746      
23          -12032.450517990554      
17          -4760.5077748300992      
11          -1560.1386839835659      
20          -5129.2559865137819      
16          -8051.0101391048393      
16          -5687.6568843994828      
18          -9146.5917327004299      
19          -12848.872833110947      
18          -6282.7864503221481      
26          -12213.47601790788       
42          -27787.29411645537       
32          -22861.898294682549      
14          -2986.5600755704186      
15          -3982.2074740741077      
12          -1554.7640370085187      
17          -2903.1998135445006      
11          -3154.9495385504438      
23          -10095.665186835433      
14          -3940.5770593389075      
25          -11231.104027437777      
26          -16616.489889824607      
16          -4028.5433360329853      
17          -4286.3575558326011      
15          -3534.1086759357145      
26          -9707.7941721599509      
21          -7571.1472040008712      
22          -10619.98547377481       
22          -8928.7338057966681      
20          -9154.3836176316563      
25          -11837.594077926553      
22          -9370.4869508766988      
21          -7709.6821078693956      
22          -13274.008949563095      
26          -13949.837740573377      
32          -18636.801381302863      
47          -36906.93674113723       
37          -23875.003883077119      
36          -21240.858181619176      
24          -9680.4808932088963      
18          -6461.9415615288235      
27          -17248.917559146681      
26          -15301.526317752838      
23          -9172.8505229766051      
13          -3252.8072460321446      
28          -12781.160599134504      
23          -15608.201197609967      
36          -28400.669728242796      
34          -23207.905933627553      
31          -22896.509527368959      
20          -10212.770913349163      
23          -10644.232613638902      
24          -7961.1503139685046      
18          -3131.5731445776655      
14          -3324.0934999313085      
18          -5943.8654190288116      
17          -4255.8510350107326      
14          -1356.8433271916488      
9           -1114.0744495653919      
16          -4929.9064418657754      
21          -7371.1881222553729      
12          -2144.087253937867       
13          -3426.8928160813625      
18          -4925.2284396137184      
16          -4005.3413089509486      
12          -3189.7688004568722      
21          -8090.3084363708713      
16          -8169.9305777638119      
13          -2820.7438321554191      
27          -11227.269738212561      
35          -26375.273938184378      
24          -12407.453128576193      
20          -13132.763996428974      
31          -21736.855384317358      
28          -16480.742401922016      
33          -24179.346884758259      
23          -11484.640608957201      
29          -24502.553600715153      
21          -7982.3136712436853      
23          -9097.8168374951947      
20          -7948.7684294071187      
26          -13947.56297904991       
33          -21429.008740847603      
29          -18815.201033175817      
29          -16742.293554095904      
21          -9432.6440359353965      
18          -5064.2185861958542      
24          -9626.6078059621777      
15          -4324.5072281210723      
6           -988.96961286985049      
10          -478.05843015449523      
8           -2883.3383325539053      
17          -6173.1973837770956      
15          -8777.4282187473073      
11          -2260.7473449334807      
9           -2149.5954092553188      
13          -4034.6326153090904      
17          -4860.3210617531213      
17          -3278.3412369989724      
19          -8490.3538695415991      
20          -6932.3800360955765      
23          -9552.7833777759115      
25          -11218.260825633297      
19          -6148.2408133422668      
11          -2649.6010369839419      
14          -3825.399826226806       
20          -9252.6002329539515      
20          -9231.589008098561       
19          -7882.746893503614       
21          -7408.1583304627911      
10          -2767.9561963758001      
16          -5305.4089652683188      
11          -2850.321970221331       
25          -10780.47116872763       
32          -13899.839050455788      
25          -8088.0007935981921      
30          -17044.32599457449       
38          -30253.019816267431      
37          -29787.754203583074      
30          -17089.7632411376        
25          -12243.031788421897      
16          -3658.3188470434166      
23          -7982.1717488415716      
20          -6296.538894792222       
7           -1089.1876959084816      
9           -3856.8260020573575      
28          -13261.921406026202      
20          -6403.6550883975688      
16          -3972.8389278426885      
13          -3550.0184661452804      
21          -7936.4978980617561      
17          -3300.1010984397381      
22          -8567.1931124197199      
18          -7076.7110512610225      
18          -4840.3803177721511      
25          -12061.073339432374      
21          -8593.7842412469909      
36          -17995.140385963943      
41          -32348.35998164491       
45          -41418.357832091235      
46          -45707.805188036895      
47          -44822.466786718651      
40          -28329.388658548061      
45          -38146.957958701751      
34          -28360.79491832542       
34          -26532.661958667242      
38          -23590.790132412159      
31          -19834.305981355468      
19          -4716.2399905017637      
37          -22341.506024930579      
41          -35770.611574858471      
42          -34908.871290403687      
34          -25871.981832985821      
29          -15814.898869013547      
20          -11585.959662687525      
24          -16287.506045304706      
36          -27841.713437911279      
26          -15622.681938294056      
21          -12774.245659372205      
17          -5294.3076082256166      
8           -571.17780484016066      
17          -6199.1854514495808      
33          -20970.019705968036      
28          -14317.373031103331      
12          -3237.6320568148171      
21          -9892.3459668008381      
11          -1286.380186709169       
15          -4670.9445624279824      
21          -9522.427467171261       
26          -10943.224764056675      
27          -15321.062208465881      
16          -4868.1345184020965      
18          -6842.0694741487623      
13          -2955.8429058062429      
22          -7683.7867081916993      
25          -11601.835040124512      
18          -4893.7695246081876      
22          -7735.5323431667002      
22          -9668.6806978998138      
25          -10982.460911572169      
21          -8085.8866647391351      
33          -23762.262196216085      
29          -16251.626174134093      
27          -16286.301172023421      
27          -16765.787338767139      
17          -7408.3131068007542      
16          -6250.2110856804738      
15          -5980.0831275526643      
17          -5388.5173924906339      
23          -9692.6975845784691      
31          -18267.916570906993      
25          -15058.043845930526      
26          -8967.6078816852223      
29          -13690.261223803678      
28          -12330.801465391691      
24          -8786.4039826941316      
21          -8048.6192244392023      
13          -4065.2903924613852      
19          -5814.0365528020075      
16          -8074.6795539294089      
31          -18247.566977737566      
34          -21041.061417035118      
17          -2691.7522383768955      
17          -5560.4935596669675      
25          -10742.036131982619      
16          -5085.0340665079875      
11          -1097.7092367690348      
17          -5227.5847109823762      
22          -5776.3936973121999      
19          -5944.9953681581674      
28          -13869.635994165872      
37          -24634.633865780223      
39          -33600.9626684049        
28          -19727.76073095726       
27          -13931.626789904367      
22          -15316.523357858994      
16          -6751.5151306978287      
11          -1336.8372285314235      
11          -2210.3773529298696      
16          -6368.9340052833395      
14          -2720.492148522691       
13          -3676.7114720816176      
18          -5245.5316918952421      
11          -3345.283387942266       
20          -4765.9868407912454      
22          -8700.5039428107175      
18          -10352.077748849673      
22          -10396.799262268829      
32          -26734.649058044546      
37          -25258.801746562713      
41          -37803.6992739161        
46          -41199.963594580884      
27          -21812.316372083238      
26          -16899.175401541659      
27          -11908.151586416907      
21          -7454.8827801129019      
21          -6864.3647679675105      
23          -10617.024302645797      
19          -7649.0911026354333      
20          -10652.174150819783      
15          -3546.3842401474876      
14          -2372.5452687547568      
20          -7121.2510100573099      
13          -2707.4644856277446      
17          -3354.9251818572916      
10          -2748.4795992441686      
11          -1641.0720950573577      
10          -2541.7172472080365      
13          -2609.4893843792934      
16          -5309.1880490290087      
14          -3147.334115781975       
18          -5199.3187136043944      
15          -4902.4707773868795      
24          -11924.944260903796      
27          -18594.546185634976      
29          -15173.27846738783       
23          -10103.350352460642      
23          -14814.911257616759      
25          -10104.639889951775      
8           -3446.7255399077085      
18          -9234.7040100135218      
20          -9472.338937303939       
19          -8345.7902191666162      
17          -7561.5060969684291      
20          -8363.597802041566       
22          -13436.00022136864       
26          -14626.594619921514      
34          -19617.975626174601      
38          -24589.406960553759      
27          -14487.064257230271      
24          -12604.116497303205      
31          -22034.963377728927      
24          -9388.6570383281887      
20          -6316.6840553981474      
31          -17478.463416885701      
21          -9525.0256964279924      
21          -7680.0940310655687      
14          -1474.8719614858819      
23          -10993.530858752769      
15          -5634.4155247371391      
19          -5533.4507886424981      
18          -7677.311760889329       
23          -9885.3551484933341      
23          -13798.4968168498        
17          -6687.486870736544       
25          -9987.9693404497229      
32          -17517.575017829651      
39          -23234.78945096572       
27          -12989.364585193562      
19          -7924.3210583753389      
26          -11080.758312580159      
18          -7934.8329860091899      
24          -5758.0362139660519      
22          -11271.398015177212      
16          -5161.0099137632888      
25          -12006.328170297535      
26          -15195.259145958902      
26          -18213.177772752402      
22          -10063.794091475862      
19          -3644.0498132467583      
17          -6658.9984419517987      
20          -9824.3493790305765      
25          -12676.254811570881      
24          -12773.985751190161      
26          -14542.223871279728      
22          -7138.737684147557       
15          -7882.0344801042065      
15          -4501.0909087627897      
15          -5460.9786502201314      
14          -3295.1320932430876      
10          -549.96338969667909      
11          -1947.4579523760997      
29          -11375.366438438337      
19          -5799.7449116850348      
8           -1038.4862148087877      
14          -3126.7706495451935      
10          -391.72597729615626      
8           -1900.2463897905259      
9           -254.01404884624097      
17          -5286.2846130673688      
10          -1530.4418542216915      
18          -6233.7080950298096      
16          -5927.8527611876871      
26          -15935.870124751364      
29          -16577.0984651824        
33          -17694.02696923539       
37          -27786.8410780903        
34          -16094.239730326859      
31          -16190.921605330299      
28          -14797.43626480911       
28          -18985.389311346553      
30          -17828.999635449713      
27          -16758.708721275372      
17          -5012.0550401071532      
12          -1765.8388824825222      
14          -4740.4353169717324      
20          -11127.792410887801      
15          -7072.9944121573799      
28          -10584.157086171992      
17          -4874.2893503099003      
6           -1420.9301627242241      
9           -1298.5481076460753      
26          -7217.6666781447075      
24          -9747.0418503894507      
28          -15349.105470442515      
18          -7048.5076292295616      
20          -8307.032175350434       
14          -6286.2205326668845      
16          -5516.3942139542933      
16          -1301.779092672693       
23          -10464.60740122788       
32          -27659.661636866385      
39          -33979.893075161446      
33          -20678.485470936317      
17          -7772.8920977719827      
30          -14565.470610056065      
21          -10097.931601898781      
10          -1683.5482111873075      
23          -11513.066478379797      
23          -10723.346883756945      
27          -15173.82282252484       
19          -6662.8764833448131      
26          -13098.013847390301      
28          -23867.858619133731      
16          -7949.2234793416192      
30          -20671.974770515844      
20          -10563.792434536796      
33          -17991.389832093599      
32          -16931.074110631307      
37          -22728.410610057588      
31          -17045.994675620484      
27          -20248.861503100252      
22          -10665.971574586976      
24          -15506.360617871556      
10          -998.45558355437936      
10          -1547.1404259316405      
14          -3358.9404994192109      
19          -9667.8927422225752      
16          -7678.0410719165684      
10          -2956.160533584231       
23          -12281.158176699633      
22          -11455.523878600148      
32          -20442.999516848642      
32          -20283.871878078455      
33          -23078.907260607979      
27          -15118.538161785955      
13          -2272.4444460930799      
16          -3351.0706311984313      
21          -8448.0447577466366      
5           -424.38965293346979      
14          -5321.8601843135375      
24          -8894.0854028677059      
25          -11827.562879742693      
15          -4272.1395807888821      
20          -6361.7266272404222      
11          -2408.8758619585915      
17          -5846.5451398622445      
21          -7520.9217645280842      
17          -6925.7309231755298      
16          -3363.1412621230197      
20          -8876.5300887343128      
18          -4317.9731651816101      
22          -6854.9041621379829      
18          -5235.5001235012523      
21          -11603.748208625844      
28          -20150.177715855716      
28          -15915.434853952554      
22          -11326.396868021628      
25          -13984.513349892466      
25          -16650.559475428054      
18          -4045.1200385613115      
18          -5416.4962595228553      
17          -3047.8511446010921      
29          -15539.689374063968      
15          -3350.5477859315215      
15          -6184.0568618831567      
16          -4791.0149823876527      
20          -7201.890558713063       
25          -15818.935712475581      
18          -6497.3230671188958      
16          -7573.6602792115837      
22          -8887.4342256739328      
16          -4467.872877376295       
19          -5487.0020836942522      
15          -3067.8303374116531      
21          -6552.4207409555247      
24          -8459.9141923621428      
23          -14938.25138630167       
42          -37884.554655251399      
44          -38226.748731163061      
49          -41668.707432426003      
46          -34254.650776948285      
58          -57309.952779879721      
66          -79798.006410239614      
69          -80885.442663319525      
71          -92606.170817873091      
70          -96018.779711308496      
76          -103616.20932915484      
83          -118670.17290812352      
83          -121790.69311873993      
91          -135781.26605210578      
95          -144356.86312937888      
94          -140355.31380782815      
89          -125697.99079711003      
84          -116335.41925136771      
106         -175042.66688087684      
114         -207768.37963982538      
118         -218869.53164703943      
117         -214692.71643010832      
109         -190234.10809041446      
112         -205176.03673606692      
114         -210534.47955406559      
117         -219025.41136860588      
117         -216269.57450279925      
113         -201258.28021689493      
102         -167781.37306107668      
116         -213254.23503401302      
124         -239562.74268024525      
131         -272030.32569398655      
123         -240584.84905033963      
121         -237391.83930611503      
117         -222989.1918098421       
113         -206400.58397638547      
112         -199681.49128246488      
105         -179107.19348999098      
111         -196558.2570532611       
116         -219276.86997327814      
122         -239913.41111971898      
116         -218586.37846803491      
114         -210310.25991579032      
103         -180791.67541610327      
101         -171364.09470767857      
105         -172282.70968144247      
108         -187854.94594777422      
108         -187119.31027539339      
103         -170526.61848205738      
105         -177071.48382169032      
100         -165889.52616787082      
102         -167946.95882197062      
108         -185967.50457210929      
115         -212790.76224041669      
115         -208990.79129872035      
114         -205825.72411746011      
125         -249150.96220029239      
123         -242501.69089368408      
124         -244224.45236263666      
127         -253582.33664807212      
125         -250829.27826121691      
126         -257989.95601434333      
131         -273665.54591433739      
127         -258029.14211730612      
125         -247922.44444853874      
120         -230769.86077280971      
119         -227843.80646292536      
134         -282875.28858183551      
126         -254181.7198264316       
125         -242955.1235701578       
