400 0.4251(6) 0.0749(3) 21.42(6) 11.32(4) 0.620(4)
390 0.4490(5) 0.0597(2) 18.07(5) 12.80(3) 0.674(3)
380 0.4693(2) 0.04807(8) 15.14(5) 14.04(2) 0.719(3)
370 0.4870(3) 0.03895(4) 12.57(5) 15.08(2) 0.757(3)
360 0.5031(6) 0.03157(4) 10.34(4) 16.00(2) 0.790(4)
350 0.5180(6) 0.02549(4) 8.42(4) 16.81(2) 0.819(5)
340 0.5320(4) 0.02045(4) 6.77(4) 17.55(1) 0.845(5)
330 0.5454(3) 0.01627(4) 5.37(4) 18.24(1) 0.868(7)
320 0.5583(4) 0.01280(5) 4.19(3) 18.88(2) 0.888(8)
310 0.5705(4) 0.00994(5) 3.22(3) 19.46(2) 0.91(1)
300 0.5821(5) 0.00760(5) 2.42(2) 20.01(2) 0.92(1)
290 0.5935(7) 0.00571(5) 1.79(2) 20.53(3) 0.94(1)
280 0.6047(8) 0.00420(5) 1.29(2) 21.02(4) 0.95(2)
270 0.6159(7) 0.00302(4) 0.90(1) 21.50(3) 0.96(2)