410	0.4459(4)	0.0762(3)	29.58(5)	12.795(7)	0.616(4)
400	0.4728(5)	0.0594(2)	24.65(3)	14.61(1)	0.674(3)
390	0.4953(4)	0.0471(1)	20.37(2)	16.083(9)	0.721(2)
380	0.5155(2)	0.03759(6)	16.68(1)	17.36(1)	0.760(2)
370	0.5341(4)	0.02994(5)	13.51(1)	18.50(3)	0.793(2)
360	0.5513(7)	0.02373(4)	10.80(1)	19.53(3)	0.823(2)
350	0.5672(8)	0.01866(4)	8.52(1)	20.46(4)	0.849(2)
340	0.5823(5)	0.01452(3)	6.62(1)	21.33(2)	0.872(3)
330	0.5964(4)	0.01116(2)	5.06(1)	22.13(2)	0.893(3)
320	0.6099(8)	0.00845(2)	3.79(1)	22.87(4)	0.912(3)
310	0.623(1)	0.00629(2)	2.780(8)	23.57(5)	0.928(4)
