450	0.434(2)	0.086(1)	27.32(4)	13.1(1)	0.58(1)
440	0.4623(5)	0.0669(4)	23.03(2)	15.31(6)	0.641(4)
430	0.4855(4)	0.0531(2)	19.31(2)	17.08(3)	0.693(2)
420	0.5055(6)	0.04260(7)	16.07(2)	18.55(2)	0.736(2)
410	0.5236(6)	0.03433(4)	13.26(2)	19.82(3)	0.772(2)
400	0.5403(6)	0.02764(3)	10.84(2)	20.98(3)	0.803(2)
390	0.5559(5)	0.02215(3)	8.77(2)	22.03(2)	0.831(2)
380	0.5705(2)	0.01763(3)	7.01(1)	22.99(1)	0.857(2)
370	0.5841(7)	0.01391(3)	5.53(1)	23.88(3)	0.880(3)
360	0.597(1)	0.01086(2)	4.30(1)	24.71(6)	0.901(3)
350	0.610(1)	0.00838(1)	3.29(1)	25.51(5)	0.919(3)
340	0.6229(7)	0.006371(9)	2.47(1)	26.28(3)	0.935(4)
