560 0.425(3) 0.0971(7) 23.00(5) 14.94(7) 0.581(6)
550 0.452(1) 0.0804(3) 20.20(6) 17.13(6) 0.628(3)
540 0.4725(5) 0.0672(2) 17.67(6) 18.95(4) 0.669(3)
530 0.4901(5) 0.0566(1) 15.39(5) 20.49(3) 0.705(4)
520 0.5060(4) 0.0479(1) 13.33(5) 21.85(2) 0.736(4)
510 0.5206(3) 0.0406(1) 11.49(4) 23.083(9) 0.763(4)
500 0.5341(2) 0.0343(1) 9.85(4) 24.21(2) 0.789(4)
490 0.5467(3) 0.02895(8) 8.38(3) 25.24(3) 0.812(5)
480 0.5586(2) 0.02435(6) 7.09(3) 26.20(2) 0.833(5)
470 0.5701(4) 0.02039(4) 5.94(3) 27.11(4) 0.852(5)
460 0.5814(5) 0.01698(2) 4.95(3) 27.99(4) 0.870(5)
450 0.5926(5) 0.01405(2) 4.08(3) 28.83(3) 0.886(6)
440 0.6031(7) 0.01154(1) 3.33(2) 29.62(4) 0.901(7)
430 0.6129(9) 0.00939(1) 2.69(2) 30.35(6) 0.915(9)
420 0.6221(8) 0.00757(1) 2.15(2) 31.02(6) 0.93(1)
410 0.6314(6) 0.00604(2) 1.69(2) 31.70(6) 0.94(1)
400 0.6411(2) 0.00477(2) 1.32(2) 32.38(3) 0.95(2)
390 0.6509(9) 0.00371(3) 1.01(2) 33.06(4) 0.96(2)