470 1 -4127 35 35 35
11          -3189.3451170467556      
15          -2633.6343055635866      
11          -2022.0247447343281      
5           -164.31616063890408      
8           -1225.8465692615816      
10          -1477.5296955147562      
7           -168.41988760288368      
7           -357.31825832056154      
14          -1974.9307332168351      
8           -1308.142180598938       
10          -2609.7804723892077      
10          -2133.3022422321251      
9           -1719.6640336386981      
4           -22.754481142626439      
11          -4602.144970344415       
12          -3866.6671952738175      
7           -386.10484989449799      
12          -1274.2434894894614      
15          -4562.1418296184183      
15          -6502.5842746144917      
8           -1447.935832770786       
15          -8301.2476529707292      
13          -2024.0941617861413      
6           -906.13789414313032      
4           -30.076132247315428      
12          -1312.0815641927775      
10          -2853.1408896947887      
8           -800.33000529001401      
4           -79.919447829728767      
12          -1166.9724143243525      
5           -1608.8043228988354      
8           -247.32532624721452      
7           -3281.1526581772114      
17          -6327.2764307089928      
13          -7497.9179840634688      
17          -12243.138981730821      
9           -1524.2867336431209      
9           -446.95815442594812      
6           -381.60940197981802      
19          -5067.0320901423675      
12          -2382.7216346584964      
10          -1244.710940302225       
9           -1533.7038419041801      
12          -3740.2879813739519      
9           -2826.4198609077839      
7           -377.02898478967745      
13          -2891.1947764274933      
6           -463.17557350352968      
6           -1025.9975793005581      
5           -260.31675007146447      
15          -4032.1619571353167      
5           -703.38429035947672      
14          -3530.7125652553632      
5           -49.24717897937991       
26          -12539.345205242107      
11          -4173.550867270942       
8           -1296.486117700417       
7           -981.25849007287468      
6           -660.36192811582885      
9           -2614.7797884280617      
6           -86.802036411425945      
9           -1113.5349973344694      
13          -1509.0637487604404      
8           -169.57646227662329      
6           -248.26356702074759      
7           -1034.2035018150016      
7           -201.69096386347587      
8           -772.51664883423871      
5           -190.24554907946538      
12          -3455.0062127471083      
12          -2995.0889007401984      
7           -1406.5214954702087      
8           -940.5541763965939       
11          -1872.4293240095262      
9           -957.25350111192097      
9           -1304.460991841134       
9           -2287.3498489900899      
5           -36.798289367711106      
9           -2566.2479376158449      
9           -3796.5545295411353      
10          -1188.3657335363059      
11          -5126.2450353674267      
10          -520.57949822844614      
18          -5038.9208452322846      
12          -1296.1568275158838      
3           -266.76104238188231      
10          -2263.5545740119328      
6           -371.92934575022616      
5           -38.88418987982682       
8           -517.40005244827375      
8           -1804.0999847754649      
13          -2343.4716340643158      
15          -3051.2413697806646      
7           -1602.8680458347749      
9           -1756.906421400211       
9           -740.42947926199668      
5           -564.50675527436329      
9           -2124.0042407219712      
11          -2030.6131205831562      
14          -4966.4636179345644      
13          -2728.0282490067411      
