470 1 -4127 35 35 35
7           -335.7222244467423       
11          -1555.040690579365       
3           -364.21737038088804      
10          -1144.5486949729543      
8           -1909.8687504915904      
14          -3415.3545391121838      
7           -1119.9299556342989      
10          -943.49295183694937      
13          -2495.8563898878824      
12          -3477.9925460932463      
16          -4590.5221672556499      
10          -1636.7435180477135      
4           -468.91276541415431      
9           -2109.3497551070641      
8           -3386.5206118757951      
12          -3789.4395185888211      
18          -3531.2502327727852      
8           -1378.2734809922811      
9           -2722.251411668894       
18          -7579.7730723780478      
13          -4581.6205224070545      
9           -1281.5417347714181      
5           -49.497965720275893      
17          -4746.1828356642864      
13          -1710.1737644686464      
7           -221.04309365171633      
8           -818.68263716554486      
3           -264.40085319121317      
9           -1326.218942442825       
5           -41.480247463306661      
4           -463.55097404115355      
5           -144.6067967836963       
11          -3428.6953635983023      
13          -3043.6527522285965      
7           -594.83710202550265      
4           -30.697676910700892      
8           -2382.4832982957         
9           -1288.6686808124668      
10          -2607.6410089747064      
9           -1666.8350763124258      
6           -708.53920284827666      
14          -3731.8826938406514      
5           -1896.8640601791399      
7           -254.74563180709592      
7           -93.875017991679499      
16          -6426.0532745828332      
5           -877.43012401768829      
6           -463.06196068075531      
11          -4205.6935957477244      
7           -1666.0778248561644      
8           -2305.6831974558609      
12          -2128.1591539189044      
10          -728.1544078223377       
8           -783.29437492148543      
12          -2189.5687332588136      
9           -1072.6323902445713      
8           -1603.4031530852908      
9           -1490.2972135323071      
7           -987.4039817990822       
8           -2015.2911513772094      
11          -1033.7921512649089      
9           -1413.1739671833573      
11          -2961.673382913189       
6           -1616.3476884085983      
10          -1764.9438738959984      
13          -2095.9663175365722      
11          -862.12895835163636      
11          -2610.6164774170443      
18          -3626.8924236862549      
10          -1278.5514083121288      
3           -12.582130137348038      
15          -2761.6760204666793      
11          -1925.385233971039       
11          -2427.9092006828246      
10          -693.44996691997471      
7           -1107.0491729010803      
11          -2439.0876212582593      
7           -489.60247852755685      
12          -3011.6181323534056      
12          -4477.2802563025834      
6           -256.01575106682731      
8           -366.96462104733229      
11          -1773.5954079769003      
7           -1153.9509245628194      
10          -2503.0287219835918      
11          -2804.7667919513638      
12          -4443.5535737793025      
23          -11797.424488330844      
14          -5695.6677149211082      
12          -2515.8009081034497      
13          -2164.284793493403       
8           -1538.1635966786935      
5           -163.69964508552349      
7           -144.96182417068241      
7           -922.8505698765116       
6           -266.43322158488877      
10          -2683.1917389748401      
5           -976.73979714580923      
9           -1087.9476420576343      
6           -962.20114835605614      
5           -37.428102952198429      
