470 1 -4127 35 35 35
8           -585.79858608041775      
10          -2602.714593642811       
8           -459.50064920387672      
10          -1905.8638768020412      
8           -341.2037337592742       
6           -875.41890126406042      
15          -4111.662259936752       
8           -1411.3141042110583      
9           -2771.1539767143177      
10          -1646.399483028847       
9           -282.85872940080162      
7           -1604.5773957831091      
8           -1308.1380736109636      
7           -234.34584462281907      
8           -1476.3427097553831      
7           -423.45541662911671      
7           -2479.3218750254637      
6           -447.77300033227993      
7           -371.06254082991251      
9           -811.47311580567111      
4           -22.754481142626439      
18          -7560.2358640936636      
13          -2461.8657650581886      
11          -370.18865941278472      
16          -5723.3314215108785      
18          -6198.3076729632276      
5           -933.35686245301372      
9           -1723.515022690947       
11          -948.41738214342536      
7           -136.47966094041715      
6           -949.54579245344689      
14          -4319.7185385513822      
11          -3856.2851311262461      
7           -214.40091393648351      
6           -954.29574705672042      
12          -1992.489981863308       
24          -8248.8848271605711      
9           -3951.4178541423889      
8           -1433.7497464935084      
17          -5544.3236755539056      
8           -842.82196392866047      
4           -43.484821193003725      
12          -3447.7920070622781      
5           -92.434569707752431      
3           -12.799395642727369      
9           -1896.5731337455566      
7           -1139.1517907366392      
5           -40.919730069329574      
4           -26.162657657597514      
5           -509.08696880246566      
7           -273.78248901683628      
7           -667.91849142541741      
8           -589.99354968198804      
10          -5021.3352029934695      
11          -3871.6072316181985      
20          -12329.90708080739       
22          -13462.31607161813       
11          -1158.049052390139       
10          -1958.8072214752183      
8           -618.77750886960939      
7           -568.00474893095588      
5           -312.42070193872797      
10          -2316.4313173648397      
15          -4783.1884772571393      
12          -3219.2146358288023      
5           -119.14543783955429      
4           -68.079708420920156      
5           -46.621713303379828      
13          -4321.2699095616399      
19          -6337.0442182398137      
6           -81.87103105036789       
12          -811.90547279911334      
5           -193.22503199977973      
14          -3688.6145939938056      
7           -1142.2213364255892      
7           -1051.8296950919319      
11          -1173.0046905550325      
8           -1014.8059668828827      
10          -2267.4369529196788      
6           -329.45545370646209      
18          -7793.2192910185258      
6           -460.03162226448001      
15          -6524.7072747886077      
11          -2232.3304591264682      
6           -624.7115762105916       
7           -492.42732770779816      
11          -1674.2352731838214      
11          -1155.9693721505498      
7           -2453.7632602566678      
17          -3614.7994057151695      
11          -3672.1852244716983      
7           -625.52178334856364      
8           -740.84553059461314      
16          -4759.0340029974532      
6           -410.23076561859853      
10          -2477.2807905895233      
2           -5.6886202856566097      
15          -3789.7102424716763      
8           -195.87366723560788      
8           -1107.0970942297863      
7           -983.11552741583193      
