470 1 -4127 35 35 35
8           -1722.6285796858488      
10          -4258.6074688702547      
6           -1310.197879514337       
9           -1118.6536380207631      
7           -191.49309776819359      
9           -1282.6786779429631      
10          -3772.6586801664116      
7           -582.19119200504463      
5           -590.09888719121807      
6           -827.76604893563308      
17          -6345.9503832751298      
9           -1610.3541800291789      
15          -6331.6949102442086      
11          -2969.0314922960965      
7           -350.16540880314722      
15          -4163.1672489602397      
20          -8577.235027244531       
8           -1554.4651870576561      
10          -5385.7932075591289      
8           -2210.1688417788355      
11          -4238.7322246193198      
10          -2249.1425298760919      
7           -592.16243395525919      
7           -730.26305762604511      
10          -4034.5895736404368      
5           -1409.7869481149528      
11          -972.13794679489274      
23          -12348.900482183672      
15          -5474.37484168636        
13          -3281.0814970048591      
5           -35.553876785353808      
18          -4678.3080846660514      
17          -5786.1484139707754      
11          -4007.536113018999       
7           -962.2782449708593       
8           -1397.8009809387859      
13          -2108.9038571430133      
6           -219.91669065063519      
8           -1478.8546719221802      
11          -3501.3743648951836      
11          -1862.1346589584514      
8           -1544.5921491539232      
8           -819.66551095777663      
13          -3933.6881371140485      
15          -2237.4460276728878      
11          -1624.3578906711905      
21          -12045.859611461496      
9           -1996.5899163892125      
8           -2035.929134916064       
10          -2121.8184418883757      
13          -2539.2256365909202      
3           -16.934106506924859      
5           -1311.3062790927529      
4           -547.15940927210625      
8           -2758.2944426586932      
11          -1380.3550580890883      
15          -3242.6968469003673      
11          -1923.5814513969312      
11          -2531.9746421043797      
9           -1434.9418188275372      
10          -3079.9288483845712      
11          -1642.9034800062018      
7           -458.41090128617719      
8           -1631.3231057937364      
15          -5059.1613299504406      
7           -1044.3570876789972      
14          -2805.182878406144       
13          -3504.8460039056172      
7           -214.49428368438697      
15          -3150.0776050312083      
15          -2511.456984805297       
5           -68.863582427527632      
9           -1486.4999643169028      
13          -2735.9008453522047      
17          -7396.1844535865876      
10          -2188.9862470752782      
10          -2681.1598998931922      
14          -3382.3518980952595      
17          -5009.3490050333021      
15          -4840.5252582228413      
8           -1950.4973144635869      
13          -2261.1277220027928      
7           -200.99454258193549      
9           -470.11764430741817      
5           -56.761577866142325      
6           -1014.704197483057       
8           -1875.7441869259749      
10          -241.26129340446954      
2           -5.6886202856566097      
10          -2892.4755421130894      
6           -1034.0294083370702      
3           -15.790893161469654      
5           -322.44238288401692      
7           -1238.321977259084       
15          -5174.1602679329335      
3           -12.799395642727369      
5           401.83468086304168       
10          -2828.8565410958331      
7           -1757.6875710366282      
5           -59.994793353213453      
9           -549.57246566286062      
