470 1 -4127 35 35 35
7           -432.6093904351103       
8           -93.340547167130353      
4           -3.2377741778881557      
6           -58.489331107323395      
14          -675.51464771227506      
10          -356.41753282287596      
11          -256.0861894059513       
10          -620.1330134050155       
9           -371.96825371219353      
3           -1.8212479750620876      
14          -298.76031206698377      
8           -253.02758971190843      
12          -428.81950503492374      
6           -190.87412015647581      
9           -185.28709143727147      
9           -320.47907483542616      
10          -201.78766931761649      
7           -16.708132111479753      
13          -330.21249913511241      
5           -21.232224875127429      
4           -290.95404906410522      
24          -1124.3396911029286      
15          -571.71023698356976      
9           -244.92289546394184      
17          -677.05260887710858      
10          -326.43812153375421      
9           -328.19700481392829      
11          -557.90916418760196      
11          -519.9067410069797       
7           -12.784200893219786      
10          -695.95226472904812      
15          -1105.4323599802144      
11          -178.78764741862636      
12          -461.23398428717985      
4           -3.2377741778881557      
6           -29.763437495675973      
14          -873.20760841661888      
13          -615.3968451388331       
9           -176.99459662760722      
13          -311.12527544141875      
9           -583.78135476713396      
7           -143.24785040983849      
11          -574.00551588647591      
11          -305.0997707799915       
8           -490.78520510736854      
4           -3.2377741778881557      
13          -377.94340689536654      
8           -84.663829752775257      
7           -209.18345943690241      
6           -189.1487396831333       
12          -470.10080057164305      
5           -200.77969949509259      
4           -3.2377741778881557      
10          166.39767188796986       
6           -39.65758223016671       
11          -588.17262692305837      
15          -995.91377721672279      
11          -255.81180186566692      
7           -114.68039664018222      
10          229.52462718556416       
19          -993.22689128903949      
21          -1268.1795562946056      
11          -430.66152320306804      
11          -366.76557643645208      
12          -515.55928402694417      
7           -117.95253338209878      
11          -476.83763118909746      
9           -249.13033213665051      
5           -84.376707202946093      
8           -297.44215082158576      
15          -791.15164839742044      
8           -104.39728915584389      
14          -914.23103981154418      
10          -599.74513748860454      
9           -58.510877418385711      
17          -1086.5738420087973      
4           -10.486786345836148      
10          -368.24249835751641      
20          -2114.7408694029873      
18          -1260.4005517977273      
10          -227.92315900821441      
9           -893.69876066350514      
11          -130.57454779332895      
17          -740.19447046370169      
9           -283.24113511553315      
17          -1185.1527684481994      
7           -239.1706013739124       
7           -15.264786102369998      
7           -25.928384794800358      
7           -17.756985649658759      
10          -336.51068504235843      
7           -127.27497601774685      
17          -1040.3671292978981      
20          -1763.3911692770173      
6           -117.9039924066          
9           -93.265699516141979      
14          -962.49070671575453      
4           -97.649261656690754      
6           -17.7804387084926        
13          -520.12266464862012      
12          -763.91147905135188      
