470 1 -4127 35 35 35
6           -124.70552120977459      
10          -127.20626644332947      
8           -563.78617664556873      
8           -207.53924280275328      
8           -144.4821559352975       
24          -4285.2043492710054      
21          -3414.2554667204827      
15          -1086.2590484148641      
4           -20.962472987596009      
11          -1815.5621192096878      
9           -915.80148803093323      
9           -13.69789974113111       
10          -730.30122015001336      
12          -1382.747411249537       
9           -549.13695297269646      
7           -715.36192759714709      
11          -1258.7474652922456      
5           -58.654875442618199      
6           -422.2398591418721       
8           -206.55496841002122      
14          -2132.2464121468847      
13          -1253.952085727303       
8           -266.85879500605625      
8           -893.13159743073845      
9           -627.23864515525429      
9           -779.42990231212855      
10          -1005.5054270244552      
6           -510.70565034502988      
10          -389.21252480236836      
4           -284.96372324025532      
7           -61.236170891200643      
7           -121.03859355457318      
6           -19.66058599728629       
13          -915.07784037017132      
9           -1766.3029841669327      
6           -23.390278989122066      
11          -2373.8928375590908      
19          -3868.058324750381       
13          -2535.6941498135743      
6           -206.45539541092572      
15          -1181.9154516050401      
11          -668.66037222867067      
10          -311.23269096586023      
4           -12.355245476268372      
9           -338.68243848482047      
14          -1721.6234268460921      
9           -488.29485425360275      
5           -13.6531847203377        
10          -458.0042868328506       
14          -1302.0689635561789      
11          -391.40631978471708      
8           -284.54438449491545      
7           -321.31268751450881      
9           -918.923163582803        
10          -568.17853357196498      
10          -160.98927778263382      
10          -1807.04238134394        
10          -153.73529362095164      
2           -2.1845095552540323      
10          -1126.7284093165872      
9           -349.91790135188751      
14          -1702.1067720863473      
6           -288.95946503439973      
7           -206.50247786183652      
9           -459.11978901949806      
6           -630.81490040235542      
15          -1845.1493375271396      
15          -3013.8172141171999      
7           -630.7898490276425       
9           -1283.5210792103553      
6           -125.41658760688394      
16          -2165.2372204625781      
20          -2315.4837973446643      
12          -559.24831233779742      
11          -895.37174524725026      
14          -2144.2775545081427      
7           -120.4848990525479       
10          -660.47664478277034      
7           -299.71434004593755      
12          -1488.7403750214476      
2           -2.1845095552540323      
10          -597.1755897012597       
10          -952.37361929853671      
8           -350.99147931798893      
8           -199.71852536248593      
8           -511.21599930499212      
6           -139.80452794235612      
5           -194.12425592475853      
6           -396.74373073006097      
6           -1024.7841791329599      
8           -523.20588254983738      
12          -1891.0488605264209      
5           -249.79822114614839      
18          -2538.6406700111374      
19          -2671.3053975566322      
11          -642.67224027392194      
15          -1930.8066575466407      
12          -1130.066948795672       
5           -149.12368314775961      
11          -397.10023425151053      
16          -2473.1512099305642      
