470 1 -4127 35 35 35
11          -2904.6419436344859      
14          -5114.1688697647869      
13          -5537.7783807734941      
7           -988.40214170507159      
15          -6224.9548554077955      
8           452.86464905944291       
8           -3569.7400309936843      
6           -59.494853545670701      
12          -3681.505900814328       
7           -949.18197605198475      
18          -5680.1232562879377      
10          -2818.5073688091461      
14          -5898.7559880440658      
8           -901.2271318145547       
8           -1206.2928482130044      
11          -1382.8586846480957      
7           -1356.9073272904609      
6           -710.95631024224463      
13          -3335.7244743418537      
10          -486.7507971601467       
9           -624.44499723982949      
10          -1764.5942046905991      
13          -3352.7074125599688      
6           -847.56131691921087      
8           -268.25171732363015      
8           -953.51393995523631      
9           -2593.2386598644475      
9           -917.96201420930356      
11          -1119.6146702406845      
11          -2280.4186344208379      
7           -1810.4185436740634      
23          -10823.401664404781      
8           -1435.1574604605291      
7           -1368.7216349013022      
10          -2871.4620999413987      
11          -3202.9612407338377      
8           -1062.5532545305234      
3           -342.3538389988783       
16          -6668.4954430574426      
13          -5157.6222107106869      
18          -6658.124844416242       
16          -5101.2235943192663      
11          -2528.6838750622546      
12          -1142.9605386190158      
9           -1111.8809211273112      
11          -2724.5432782313746      
7           -1589.68933664153        
8           -1173.1184576036208      
12          -4779.1755500836625      
19          -10822.300713984552      
10          -1802.4693513061325      
17          -3004.6119753757444      
15          -6049.8836127378881      
12          -4982.1054900806639      
4           -26.831069569155567      
10          -753.80635470366019      
12          -3303.4932585662832      
9           -1345.6807208853263      
10          -1232.321138032587       
7           -643.37954059942194      
7           -564.18710646565341      
10          -2216.5655425426958      
9           -675.96089294525018      
6           -300.82158109861922      
7           -2298.6019564370304      
12          -2740.220539578138       
9           -2753.3439204845281      
10          -2045.6072324333213      
9           -1614.5572307689747      
8           -951.60525218924204      
6           -942.80756595502532      
12          -2306.3064020051793      
16          -1804.9381153723245      
11          -3455.556390339691       
10          -1138.1633497039331      
15          -5551.6237634573708      
7           -256.64762209384116      
11          -3870.5246200881093      
6           -1774.28565897985        
5           -211.32320846987091      
10          -4954.8528455835085      
10          -3106.3272163181382      
10          -3377.8639910004672      
11          -835.463977229286        
12          -4455.5349225522232      
9           -2144.9597399006097      
6           -304.43285663657127      
14          -4290.4444084323977      
5           -34.950361492633441      
5           -205.43922287525561      
4           -22.368231355285399      
5           -2384.9102051361319      
12          -2093.3711592009977      
6           -227.37318486658981      
15          -4330.3079907642759      
2           -161.08470501579669      
9           -730.74469029168654      
9           -2264.7842282175602      
14          -4776.925685735534       
9           -2364.8044405633814      
13          -2947.1726612074144      
