470 1 -4127 35 35 35
21          -9940.8065077896154      
17          -8577.0263248822594      
6           -187.95279505894189      
8           -2874.5811653118553      
12          -3587.9403793551432      
22          -8712.219751301207       
14          -6899.4914279920295      
15          -2923.7523969186218      
6           -206.79181736226303      
9           -2048.3310573173935      
11          -2159.6194082972361      
14          -4246.9839282931234      
16          -5888.0978072910266      
12          -3619.1530405948256      
12          -1885.7072242715403      
12          -4704.7449920876361      
9           -1375.9111568479352      
10          -622.45880320173774      
15          -7455.6235985250269      
13          -4993.1201990113441      
13          -4877.293765856396       
6           -223.90653124551181      
8           -1751.2496443584594      
8           -1123.293350301512       
10          -1624.7726431585043      
13          -3727.6158619894768      
12          -5451.6556804238035      
8           -2766.6874572857164      
21          -9814.4045690542152      
15          -4079.5975103225892      
10          -1173.043431517292       
15          -5279.6552923321851      
13          -2418.7428679588802      
6           -825.10674187135828      
10          -410.91579304612151      
10          -1276.0692740277862      
7           -153.700020076302        
8           -701.0657765425143       
12          -2486.7061890786858      
4           -150.80659351067882      
17          -5044.3490593270017      
15          -6837.7820201143822      
14          -4693.8511089129488      
13          -5523.2982060173035      
8           -850.94561838524567      
17          -7035.8472254337967      
7           -411.36220902092737      
12          -3265.7990767029669      
10          -2877.917640977872       
9           -2043.3688824208002      
10          -945.99214045833241      
5           -158.93517167022702      
17          -9918.0178092474762      
4           -73.622532866888079      
7           -71.519178895885091      
24          -7885.4318128718796      
15          -2699.8478588668645      
10          -1965.4542246335113      
4           -25.279787807843981      
6           -818.60516891067289      
8           -835.05143110328265      
12          -1818.3083628597556      
8           -2293.1772585635817      
8           -1167.1726794832932      
7           -1504.0121686300429      
6           -1560.8162845699712      
10          -1754.8127441634763      
6           -107.23631711124322      
6           -677.8066603617026       
9           -566.47336643097265      
9           -1736.4487212990948      
9           -1745.4788072055139      
6           -3455.2967556025551      
13          -3605.210593620588       
10          -1869.8329944165914      
7           -1071.326462071956       
10          -2951.4938837646591      
13          -6169.3252793682232      
5           -642.53554651194213      
7           -1596.3707936039657      
20          -8462.3394310045005      
8           -2600.8674427662309      
10          -1910.6309845867743      
6           -353.8177443438172       
18          -5020.2471212227938      
10          -1600.2097561270243      
6           -262.33690231339313      
8           -1737.550505257429       
8           -423.49854376379193      
6           -208.9114479240468       
5           -837.38679493270411      
8           -686.19133878441926      
10          -1624.290100369871       
6           -279.67689083217903      
10          -1750.716774326339       
15          -1321.7031880396892      
9           -899.40416770717775      
12          -2592.97473097483        
25          -12510.064800931312      
10          -1439.7589642780072      
11          -4415.8869315414686      
