470 1 -4127 35 35 35
8           -2932.8371950376713      
9           -699.03221825769037      
11          -1060.8674669200323      
12          -1357.9944202241868      
1           -1.3980144597053374      
6           -89.496537412583947      
16          -2982.5035291253653      
8           -1780.0733068712077      
15          -5439.1661805272188      
6           -1117.8520859966227      
11          -1259.1664517037         
8           -624.71378303027893      
11          -1909.3364907116913      
6           -865.81772356362023      
8           -1404.6113879636334      
12          -1986.7283180700965      
14          -3175.7808204120088      
7           -227.59955246444832      
12          -2291.9227212873939      
12          -1732.9134860171198      
13          -3660.738714924797       
15          -5265.4586833551375      
13          -6407.3845861344107      
13          -2976.8798909088923      
17          -6401.7053051201319      
14          -3811.444125165383       
9           -3441.6408001768823      
12          -2188.515058639467       
7           -882.06659294312703      
7           -2081.3251805236828      
13          -3286.514300781183       
14          -3513.8653594246562      
10          -1485.7621950555747      
14          -7147.6792371571955      
16          -4016.7778045647742      
13          -1644.883534805379       
15          -6267.3916879267053      
8           -1883.2330712406329      
17          -4994.1369462923067      
9           -2081.0815246335492      
14          -5547.1986435134004      
8           -3910.4433924693303      
12          -1753.36304030888        
9           -1556.1519417095978      
11          -1026.5357313297595      
8           -286.33217866368921      
7           -2088.5527104646339      
13          -3153.3782001658196      
7           -442.49827100768152      
16          -3524.0591185973585      
9           -1253.3047890814428      
15          -3064.7130126665566      
18          -5772.9484489025062      
19          -7344.4584395070533      
5           -443.26602686731349      
6           -668.00610878314671      
7           -306.32802251293333      
4           -70.023812284871099      
7           -903.62547557865685      
12          -2225.6251891175216      
5           -375.05319437476601      
6           -509.3589570738751       
7           -1213.7512608582904      
9           -650.12801945177875      
7           -696.13393963575083      
6           -606.43773756249141      
7           -522.0943894315493       
9           -1713.1490167952245      
20          -6923.8723194610457      
9           -2027.366705612711       
8           -659.70781637790492      
10          -2231.0370896858999      
10          -2179.3983507360131      
5           -879.75606421757652      
10          -2191.8270094998929      
8           -1307.6457986400292      
12          -3228.7861785336163      
5           -589.20824568639068      
13          -3339.4889415896323      
13          -4118.0026002607547      
6           -56.312319527384545      
7           -1373.4628769402216      
16          -4634.6646938130843      
10          -1089.9671830406644      
11          -3686.3921899985153      
18          -3821.8355700945931      
18          -6035.6124872339578      
9           -506.05108868044869      
7           -873.42880284423927      
13          -2382.4366662495386      
11          -1561.8156320555165      
8           -597.63960607047682      
0           0                        
10          -1610.9160301143195      
6           -1409.6162754686666      
6           -204.39316906966161      
9           -1733.6013719648363      
11          -2144.0087449995499      
12          -3783.8132165746415      
9           -2588.924912701405       
15          -4998.3054673505794      
