470 1 -4127 35 35 35
9           -3271.8540771232938      
13          -2148.0416227768692      
11          -1122.9119230940034      
12          -920.57525175489241      
7           -504.57202682753245      
9           -703.22850667469697      
10          -710.07721328177627      
11          -1823.7855522199898      
12          -3375.9880626600961      
6           -391.84141407572895      
9           -2883.6607846720717      
7           -1212.5625601567353      
15          -5181.0228997302347      
8           -1123.1117406834692      
9           -640.77529815500111      
14          -6180.4534187456193      
7           -206.79771351541584      
13          -3673.2595150151219      
7           -771.22429867513381      
6           -299.58450095393113      
7           -181.77099390763044      
5           -109.79424799089591      
8           -686.22969348541494      
6           -59.293674631476215      
12          -1881.0573450114589      
11          -2513.6932112703616      
12          -3933.4013003590917      
7           -1872.2159259445996      
9           -668.80010846860387      
8           -670.01345677575557      
5           -140.74692687005756      
13          -2076.2354073101301      
7           -1486.9455563685513      
7           -624.98061621072497      
8           -1152.6763648292981      
10          -1634.1442076007315      
14          -3088.0525470561734      
15          -4183.5690523920475      
10          -2694.0091346434192      
8           -1608.8940369642844      
13          -4072.0620966065635      
15          -3133.306842648793       
5           -34.950361492633441      
5           -434.1464186093927       
12          -713.71568125158547      
8           -1504.8634493246821      
8           -1853.3331292993134      
15          -4437.5865044768589      
7           -224.02309698621033      
8           -1051.5216183453281      
12          -3435.5202801090786      
5           -1103.3747152146102      
13          -1573.3016119248637      
7           -382.67536821946055      
11          -1468.2155388792401      
10          -3691.3303033141615      
9           -1461.3191452883193      
10          -1761.6850936311316      
15          -4642.3005964052672      
18          -5957.0475049810493      
15          -8489.934570873118       
8           -2303.0722540309584      
9           -2594.0967162602983      
13          -1518.9680585247042      
5           -1310.5475012908619      
5           -51.980263117016698      
8           -1044.8673836962193      
7           -2322.4567523004266      
10          -1930.0747030256521      
8           -464.6088190892782       
5           -38.130311469755874      
7           -724.27838071456233      
7           -206.8658434112416       
11          -1732.2458753366202      
12          -2517.1155173771217      
9           -2739.770339324552       
4           -22.368231355285399      
5           -809.87718355686252      
14          -4513.1297247041994      
14          -4997.6836240289695      
9           -1004.9328959414695      
6           -50.328520549392152      
11          -1212.6479390508096      
7           -1121.7398378040164      
9           -2109.4627256877329      
8           -99.119538309956383      
5           -1330.087199577506       
6           -80.539887560370303      
9           -800.44324206877695      
8           -279.31446668924212      
17          -5546.2309457636138      
4           -648.98008224955231      
8           -1033.3319343245905      
12          -1899.877966265356       
12          -6239.9271412094085      
13          -2377.2383653759571      
5           -81.665240518802435      
5           -723.13539332792357      
5           -494.70295452693597      
5           -223.83090245249733      
11          -3243.6748372118477      
