470 1 -4127 35 35 35
7           -715.74379202564808      
8           -313.3141192951577       
4           -8.7380382210161294      
6           -106.70809351155717      
14          -963.71807687638238      
10          -990.51963411341535      
11          -278.79658756483116      
10          -1117.2935885633465      
9           -540.39128097424168      
3           -4.9151464993215725      
14          -690.24370429253702      
8           -569.44565843510622      
12          -678.21694480744918      
6           -231.07460690735448      
9           -538.5776617443837       
9           -883.24109641371319      
10          -473.94422517502653      
7           -30.580908294865271      
13          -577.86548552497686      
5           -19.131163643272007      
4           -342.07698762302454      
24          -2719.9942274297105      
15          -1496.1441601243387      
9           -574.47509191683525      
17          -1322.9315816992553      
10          -1006.6218470837659      
9           -565.53235189437441      
11          -871.49090507132712      
11          -814.7026967734605       
7           -42.564566916331714      
10          -941.16111014389026      
15          -2259.9148098921341      
11          -289.62066996740964      
12          -897.09775604584422      
4           -8.7380382210161294      
6           -64.796152051961528      
14          -1837.2427524028458      
13          -1010.7624900619319      
9           -847.35890322982527      
13          -957.25113263034859      
9           -840.13277824402655      
7           -116.92387695321409      
11          -1111.9376938165474      
11          -902.35189547780203      
8           -740.84749684809151      
4           -8.7380382210161294      
13          -777.60759253235221      
8           -161.8358679325375       
7           -515.70724293375099      
6           -286.76538296450235      
12          -921.33140173376341      
5           -286.80990152643909      
4           -8.7380382210161294      
10          -208.48456376414541      
6           -86.122482146055617      
11          -1574.7335900058699      
15          -1752.8785408566396      
11          -406.35313616584165      
7           -619.72153244333651      
10          -390.86156149028028      
19          -4021.782750184369       
21          -4061.6155584958578      
11          -1107.7978325768615      
11          -692.94526248645184      
12          -9.7045470604289079      
7           -479.25249640352348      
11          -1292.8889156590976      
9           -530.69333490665917      
5           -363.33503381936947      
8           -464.22726148059655      
15          -1964.990937041975       
8           -357.15949168591089      
14          -1537.895398820182       
10          -1334.1792792257456      
9           -67.454210339465163      
17          -2929.8248735071425      
4           -32.972236113203834      
10          -701.26992175838302      
20          -3389.0859379824865      
18          -2975.7930651428564      
10          -355.0917986227376       
9           -2598.0146105694512      
11          -651.07156336527896      
17          -1299.5108806208923      
9           -971.6499175063467       
17          -2473.3284993170796      
7           -524.08368483740696      
7           -37.072138940616746      
7           -118.09426291979807      
7           -42.006858459121219      
10          -702.35942658672866      
7           -259.53966573159914      
17          -1637.4074794226317      
20          -2717.0686909496922      
6           -41.436072830206221      
9           -152.66902984678683      
14          -2517.7759250253525      
4           -485.64419318609561      
6           -78.986705233095108      
13          -744.49125755462899      
12          -2401.0439535739233      
