470 1 -4127 35 35 35
12          -301.1321029040422       
12          -246.87680038903804      
11          -433.63531368693862      
10          -557.42902350357826      
11          -666.9170553403751       
14          -743.17767989594029      
11          -338.50273058877531      
11          -1022.8462553735171      
10          -340.06108454958132      
7           -214.87802721627057      
6           -51.453087419486337      
21          -1223.2689496876385      
10          -264.59472482853187      
3           -3.5177766093558276      
8           -103.24694387647457      
6           -146.83884922126794      
19          -1266.9915825625533      
8           -439.7707315785438       
9           -169.05019666318512      
9           -494.57277931308022      
11          -290.82330023486952      
14          -944.89560948131543      
7           -244.92569890847264      
4           -6.402787558177879       
5           -126.96559879473142      
5           -292.82538125636722      
5           -14.709519715210607      
12          -511.39367842809588      
12          -287.3394271896683       
6           -70.732691363726104      
10          -204.59836154493237      
9           -338.14242442878589      
2           -0.80944354447203892     
3           0.41040850546155072      
14          -79.149042215171846      
8           -172.55362184305542      
8           -116.87365633203014      
6           -24.257465176510856      
4           -72.380750644125669      
8           -150.16068224428349      
4           -12.932655317929351      
10          -523.81918332413579      
15          -683.85972022788076      
14          -206.36874442900478      
12          -493.59429473014984      
7           -88.20922392593998       
10          -329.37502114174458      
4           -5.60153464837905        
10          -397.17337985759241      
5           -13.594998411153744      
10          -266.45388017488841      
18          -1493.3868184599212      
14          -747.74168588360135      
14          -571.13174460886967      
9           -260.0732979087698       
9           -111.0087907277574       
8           -131.97292969504639      
12          -547.29872208049323      
8           -183.1043909242627       
14          -794.73005975007061      
21          -2030.8569271496649      
12          -575.73545572154808      
4           -10.802923902425233      
16          -378.81276165679083      
6           -14.034125833166932      
10          -150.86871931387188      
9           -406.61009957600714      
8           -128.46868581087571      
15          -948.85300979497163      
12          -601.65235952795615      
8           -230.9013856600443       
10          -785.47735785110581      
9           -216.77763025594874      
16          -935.54438883850469      
9           -155.55017104056662      
7           -135.27757485207653      
9           -142.46689813266138      
8           -296.02629195978392      
6           -127.01575685229872      
14          -909.49077832786543      
10          -345.16692430798673      
17          -973.03830410259695      
5           -326.27951092837611      
11          -276.51976939718213      
3           -17.311171857503041      
4           -140.47613320712978      
5           -6.9292744852734387      
15          -396.53149147370362      
10          -603.26559691517286      
9           -184.32227357425327      
7           -81.801582609078864      
17          -748.76923201029376      
11          -75.923605873244327      
8           -104.85574104064783      
9           -262.08082786620332      
11          -385.28583071344229      
20          -941.89859609999394      
11          -521.80167486080086      
5           67.174342825514671       
15          -447.54811197353666      
7           -432.6093904351103       
