470 1 -4127 35 35 35
8           -60.021297657871656      
11          -987.73544230069808      
11          -460.42917069285681      
13          -2011.5337681566741      
6           -794.37848680491413      
16          -1581.2009467370262      
11          -1889.098512171206       
6           -134.87112211859477      
7           -936.05935788377349      
4           -50.105820694288269      
6           -106.48784179976221      
8           -309.29367739676292      
10          -1118.4890516462315      
12          -983.89748250790262      
6           -73.155018362260193      
9           -537.88080276478104      
8           -390.26651723423839      
11          -692.69887256667448      
6           -78.141585087498058      
14          -1333.5205921178515      
8           -479.16840980141211      
11          -1122.3317064030107      
8           -387.17998114195098      
5           -23.716950698587603      
8           -186.7183211063832       
10          -1600.2797873119978      
20          -3339.4620239401697      
10          -388.46839258443805      
11          -1139.7384836214358      
13          -1116.7003283074152      
11          -407.68878292636629      
4           -30.556909621584435      
8           -333.04579887100056      
8           -417.80307567860632      
13          -1810.7259828492981      
13          -2145.0766196257141      
8           -482.19527587102203      
7           -67.496488136487017      
3           -15.794645120627719      
5           -13.6531847203377        
8           -206.10622646820246      
8           -844.48042979743889      
4           -49.082282014018006      
3           -51.724819107721508      
13          -733.62704918130544      
9           -149.99081374524945      
13          -1574.8804781207341      
11          -613.53687283421561      
12          -598.00016518787186      
7           -169.96532889854396      
8           -75.438727456919537      
10          -524.3331805615112       
7           -115.07555250304743      
10          -494.93366322557989      
7           -364.75795037141398      
12          -933.96119871867961      
8           -356.892191930168        
14          -1397.8865382603854      
9           -183.42003904809934      
12          -275.23911229032467      
12          -709.83132451620088      
11          -582.22253640900908      
3           -4.9151464993215725      
14          -1225.2439476458342      
10          -473.90750046174583      
5           -93.003081284598906      
9           -492.375827204438        
8           -704.26667216595388      
3           -4.9151464993215725      
12          -601.47274871517425      
4           -84.158421527310566      
8           -457.84992272967145      
6           -85.741769075325323      
13          -1329.5500819631404      
7           -124.74269074051399      
12          -1644.7497187808412      
11          -1129.1206094118672      
12          -1918.0957914777432      
7           -213.14772053848554      
8           -439.55281424114412      
14          -1546.568070460095       
6           -70.744306773356016      
13          -570.08982965096527      
16          -2214.6599455340302      
12          -908.44682942918246      
11          -611.16276188168786      
14          -1731.0469647540699      
3           -216.57395466310794      
9           -207.42739382554976      
9           -265.09622807982566      
7           -445.75116865196179      
10          -277.56267320165722      
6           -266.73517295764702      
19          -1798.8729600662684      
8           -265.57514397567417      
6           -45.774435435316903      
10          -592.27650619737199      
14          -745.49373743884746      
17          -1576.7415282253378      
11          -407.95036495560748      
7           -167.36729872637795      
