470 1 -4127 35 35 35
7           -872.22115572241694      
8           -1148.9374272507259      
9           -827.73213336014169      
18          -7018.8716528821042      
7           -406.30339166772148      
7           -206.57452206836143      
13          -1985.8679222412047      
5           -876.75239224008692      
15          -7399.2805365689164      
13          -4856.2931672656077      
6           -153.42873963945897      
14          -3814.3015996016325      
17          -3916.4850987726809      
10          -2560.7474113922053      
10          -2356.0640900146855      
6           -847.68800433341801      
8           -2389.2636717948899      
8           -1109.0062971286561      
6           -62.370057964457331      
10          -1677.7531816785747      
8           -924.87306767575922      
14          -2859.2207187220379      
8           -1865.8929756045013      
6           -685.09173670916391      
10          -3620.0970085789818      
7           -1627.1452854318743      
6           -475.20826313946702      
5           -296.18877696933214      
11          288.46800460670192       
13          -4024.071541898486       
6           -79.148109110406679      
21          -6262.4876208680189      
11          -5194.038591438386       
5           -775.49033057634415      
5           -68.599021242878592      
12          -4384.7009683825409      
7           -2634.8389275269351      
4           -22.368231355285399      
14          -2568.0329546049729      
14          -4714.1144994370452      
9           -1429.1324951653914      
11          -2700.1124988873275      
10          -4535.7190180343705      
10          -1685.399321152277       
7           140.421584612359         
9           -2634.0956831478329      
16          -2822.6771957501301      
8           -406.19514748699135      
15          -4697.3859793070478      
21          -7944.1382124124493      
9           -2202.1545291077241      
14          -4865.0668234891245      
4           -23.614800168594535      
8           -1879.6369297055912      
10          -1819.590717334903       
16          -5806.6501503876352      
3           -12.582130137348038      
9           -1301.9109530353703      
5           -119.24706416973314      
10          -1141.2642752864672      
8           -804.29282919912089      
15          -6265.0187673845367      
11          -1281.69921997443        
15          -4224.9916210678175      
15          -3677.4797119927662      
13          -2237.139320818098       
13          -2880.9490001739305      
19          -10342.27393599087       
20          -5076.652888940288       
12          -4304.7342385488873      
10          -2358.4722692751147      
10          -3551.4727759293501      
6           -846.24627667704544      
9           -799.934860374962        
8           -1183.6066881923784      
6           -692.72292746350684      
6           -410.76973960997111      
4           -806.36367159568726      
16          -5014.1078254020986      
11          -2366.161809243476       
16          -4268.9362657935344      
13          -5147.8117303645577      
12          -3333.0417970117378      
11          -1793.1812174820247      
13          -3972.1696096933388      
10          -3555.2035872511101      
9           -2910.694861573113       
18          -4773.4048563054566      
6           -758.44356301084485      
9           -2264.71674019789        
19          -5576.6570741605947      
16          -3208.4608904174343      
8           -291.45736980461203      
12          -1082.9599101054173      
12          -4901.3030198767801      
11          -1529.8387488275021      
7           -2295.9940291608682      
9           -2586.8314763175786      
12          -3152.0569993208592      
16          -5145.2708430103958      
9           -2723.7623942705359      
