470 1 -4127 35 35 35
15          -9212.3740524929635      
14          -6880.6038826312042      
15          -9319.7702875131054      
16          -3966.3678537249871      
9           -1202.183951249895       
11          -2359.0107617402832      
9           -1612.0296919470088      
7           -1042.9164196232218      
13          -1665.4694108841352      
12          -2673.47840869948        
9           -1425.5651469905779      
9           -899.71698548564416      
9           -1558.658315457873       
8           -973.04000382928075      
12          -3195.9995172218078      
14          -4803.4578472886706      
6           -1164.7081678110092      
12          -3322.9895204034192      
12          -3240.4048340279501      
19          -6338.959387132506       
6           -551.95466730925443      
7           -652.18371135181337      
5           -218.54438817180883      
7           -1901.5242578314414      
9           -2192.4340842688985      
4           -51.565928112468754      
13          -4913.6677111769477      
7           -1628.7358245870614      
8           -1113.2717527541904      
17          -5146.1290880518445      
11          -3210.8438453119134      
7           -121.99087755891401      
6           -667.11472221964436      
9           -1529.2764392306044      
18          -7020.4867999330163      
7           -581.53371028141896      
4           -37.265733764678671      
9           -1556.6040960050045      
12          -1376.1876974074739      
17          -6767.1745275839794      
16          -4396.974525598549       
14          -2435.9097068098235      
13          -4091.6100850617286      
14          -2579.1405680087655      
19          -8935.8048975850252      
4           -23.065355929577112      
9           -1212.8166626115853      
3           -12.974262710387126      
12          -4112.7529441595707      
11          -2864.9623016857022      
15          -3768.8600357543178      
5           -847.09873820434871      
9           -3361.190988904244       
9           -834.65906216813198      
9           -1094.1485065887105      
11          -420.30681708070256      
3           -441.84981251972278      
12          -499.4278757385589       
11          -2537.0570695397819      
7           -1701.7863420399397      
13          -3318.4402993989743      
6           -300.16226546432341      
12          -979.35096262228308      
19          -6831.4468375446449      
9           -1355.6421405929045      
15          -5625.2160557143079      
17          -6664.6001935224112      
6           -471.97039715073061      
15          -3180.743529795232       
11          -3156.9233142671274      
14          -4077.8334951715569      
11          -2031.674677296221       
20          -9838.8995189652123      
17          -7648.3180990275341      
15          -3098.7259892265993      
6           -611.51515062374051      
5           -1406.4949358757342      
7           -117.61667273720269      
6           -145.4021971300692       
15          -6895.2274528843291      
15          -5017.9735944304266      
12          -4426.6429069104088      
10          -1370.4743451957843      
5           -146.24799593284854      
2           -5.7663389823942781      
4           -23.065355929577112      
14          -4660.1947788194493      
20          -8013.1563846584868      
8           -3117.5052512692287      
6           -700.11738924766337      
7           -86.96130499782673       
10          -1624.038610883923       
11          -4707.5760658243535      
8           -557.29174508959852      
20          -7686.3068848966823      
19          -4749.3048178999197      
8           -1542.9648905165068      
14          -5744.2667502525755      
6           -832.69545490518283      
11          -4334.6537021162021      
13          -4377.7304680369998      
