470 1 -4127 35 35 35
14          -550.65134060869195      
7           -267.61679077452385      
13          -214.86460738986631      
18          -331.42603107601349      
10          -498.7671098693408       
9           -88.685838951115329      
11          -315.60115060497242      
9           -381.02239510967445      
16          -831.4964080594109       
8           -131.75707024541748      
8           -20.605015000636655      
8           -84.667655100990331      
9           -231.38448511471012      
4           -8.3246096488374768      
5           -54.818865354338776      
13          -323.06333509629548      
12          -591.04302095938033      
6           -62.58739421938882       
8           -168.48628934673152      
5           -153.16987152098716      
7           -37.587136459538122      
7           -78.556698611951987      
4           -77.20779808580518       
12          -137.84013713753643      
5           -367.65968233367147      
16          -855.76081264828758      
4           -3.2377741778881557      
8           -140.53304885836599      
9           -26.830244594236181      
9           -492.11193641625795      
8           -402.22291267592379      
6           -384.69461906792765      
7           -183.84025325434757      
8           -204.04632988161683      
4           -29.031346504282215      
5           -180.14273105952947      
10          -111.14405484137495      
6           -19.901337166831745      
13          -533.66153917211398      
8           -130.5540209654886       
5           -6.2769693572051999      
9           -545.06973438877912      
9           -272.36811576313562      
4           -153.32982634924025      
5           -105.45515991000465      
3           -1.8212479750620876      
5           -8.8947978517497006      
13          -346.49541736378143      
7           -87.128677679563467      
12          -646.96215956600531      
5           -8.3646248153891598      
5           -112.92134946829155      
5           -200.45225384174648      
8           -193.25640383232894      
5           -241.25094015567402      
9           -500.72277347648441      
14          -677.20875140684154      
9           -467.08080907177339      
8           -153.67697093961175      
7           -361.51147480642641      
9           -251.8570699890503       
6           13.616246043880288       
11          -470.28824332862729      
4           -16.790923406442676      
10          -148.38420132513025      
4           -4.3614448728682129      
12          -229.74743810487371      
14          -757.71087824857887      
11          -249.81678596530961      
13          -512.91838982766444      
4           -36.779733597896836      
7           -110.0901585024136       
11          -336.67602019982689      
3           -1.8212479750620876      
10          -557.17959699239179      
11          -247.40989702961554      
24          -2220.6876178350785      
10          -438.1429282813786       
5           -9.194949758698149       
8           -104.00858563828818      
19          -1152.9499491189126      
23          -1686.1775087547078      
11          -395.39659675218252      
7           -20.398593883810094      
4           56.407673898402692       
10          -436.97795124888808      
7           -22.102357998935901      
9           -344.99838612373253      
15          -664.32523106393694      
14          -734.05939188318041      
8           -261.58679948404722      
12          -437.82879370252442      
5           -160.6533330610263       
9           -98.850024209340546      
6           -85.46773816966018       
9           -407.37072431196316      
8           -16.880674208813879      
3           -1.8212479750620876      
8           -153.94556649624477      
4           -87.046207392420285      
14          -690.47693316856373      
