470 1 -4127 35 35 35
3           -74.664814836653861      
9           -166.80007403543652      
5           -160.30523919583206      
13          -717.53080990342801      
8           -330.61735443757948      
7           -11.878733448480583      
4           -3.1366041475410875      
13          -664.60100729914018      
14          -726.69050970519402      
4           -5.9509146189780608      
9           -338.27848964378211      
9           -71.120385660954625      
8           -437.25450045872788      
9           -317.0756421356167       
7           -181.67061008128502      
11          -231.41493536133592      
6           -19.114624581782031      
6           -58.044675387169043      
3           -1.764339832991862       
13          -317.21876553464949      
19          -1515.3719856677824      
10          -50.060656053637317      
3           -1.764339832991862       
12          -269.29149440381406      
7           -150.83763521494791      
12          -420.95034026593379      
17          -1207.5293763526367      
12          -890.41094237839695      
6           -118.68870347707831      
16          -250.4660387599624       
7           -471.75523588511982      
15          -707.97523052341546      
8           -284.53796476606919      
9           -854.26840131507663      
10          -256.47357234214797      
6           -383.08390566492983      
7           -107.86917120064243      
9           -294.26447402342717      
10          -193.16539400139914      
8           -184.12584373293708      
8           -123.43122846157588      
12          -186.99821009469701      
7           -196.36056197425648      
10          -338.90448005191212      
8           -184.3151180764595       
8           -21.962812227272483      
17          -576.82555712241094      
10          -202.58402528599075      
11          -258.47244048859267      
7           -169.36733156661964      
16          -513.58722175231571      
12          -330.76868155212878      
12          -794.92096715492153      
7           -98.73383749608368       
18          -923.28855584581027      
15          -644.44322506952597      
16          -590.3216067566068       
2           -0.78415103688527188     
6           -10.936534825177091      
9           -266.97233211692821      
10          -280.15129325931287      
12          -390.69005968809876      
13          -473.15307460961196      
7           -159.14616382733277      
11          -257.78289705222022      
9           -56.963547758065474      
10          -415.62225039381201      
6           -290.68585554048292      
14          -969.59033059277681      
16          -904.7564821994805       
19          -944.54429729119283      
7           -40.716977511295759      
16          -856.6750445580119       
9           -288.02674032492479      
17          -701.69144134271085      
5           -160.8827581971311       
9           -44.898220649966817      
7           -159.90793116821357      
9           -402.99592451715853      
13          -571.41393339653962      
15          -661.38090556521013      
6           -33.325516688021771      
11          -512.51638642401315      
8           -276.96283075461963      
14          -940.51519993374654      
12          -730.46839112672592      
6           -202.51308454301704      
17          -1248.2417237641305      
5           -52.167673595794085      
10          -283.95076652535278      
11          -321.58796468343689      
8           -528.4875640790508       
12          -506.34160965268472      
13          -657.91187811613327      
5           -104.18188255033519      
15          -637.62471525863964      
11          -288.16293154531132      
9           -287.76916354459274      
14          -563.9260405550101       
13          -393.74990639671034      
12          -405.09793734263587      
