470 1 -4127 35 35 35
8           -710.53932329014185      
8           -728.77304323682199      
8           -1459.7775733395142      
7           -935.87751456378555      
14          -3772.850699216835       
6           -1005.3596382517048      
9           -1033.8912441311127      
11          -1704.8022312255239      
5           -47.598256024466394      
8           -562.76062876910703      
6           -64.060683866189734      
8           -1737.2180793909372      
9           -5861.8208335130512      
8           -208.32151978350544      
10          -1492.5078843313956      
7           -780.08270419800988      
6           -1422.683659649495       
6           -249.74675408013087      
7           -414.95953473975533      
4           -760.50911770372613      
7           -939.23259135355556      
4           -301.59280707443037      
7           -471.60928380804978      
10          -2262.5071170942238      
8           -780.70648656429967      
11          -2126.5404842150638      
8           -223.29957048207541      
7           -1021.1012882766613      
9           -774.14986936753769      
8           -1491.7459159637915      
13          -2465.3630388743868      
12          -1511.7522555703154      
13          -2214.4793304149612      
13          -3990.0836982000806      
16          -4770.8505313907035      
11          -2228.2295375730914      
11          -1897.7759575707926      
13          -2794.9359953218614      
9           -299.93471314586816      
9           -815.3546045504163       
9           -943.7704357192539       
13          -1926.9283911075192      
5           -131.53418349008427      
15          -6248.3637783292143      
6           954.21216444227241       
4           -311.7265411463145       
7           -527.37555635926697      
4           -27.49038180904013       
9           -3296.6921282581893      
11          -1385.8395657786975      
5           -102.93660830628409      
7           -732.4582753638922       
12          -546.29559753164551      
19          -8168.0880634541736      
11          -3572.7469767552129      
9           -1819.6608652396321      
11          -1804.3615531242556      
6           -1776.3909626639468      
12          -2654.3298094128486      
6           -242.19377839958401      
10          -1399.3782162391824      
11          -1501.4757028512201      
4           -38.300931942575637      
4           -84.189425194272729      
5           -38.214377636433262      
6           -324.01096468621546      
12          -2054.2373467693005      
5           -37.12874249783043       
7           -1279.6012478795849      
9           -1897.1165339882668      
6           -205.96204077583059      
4           -1004.5184521455636      
21          -14517.230581050566      
11          -1783.0722992967605      
8           -639.20867033242507      
9           -4310.3352605510427      
12          -2844.1855411734255      
9           -3051.2552494292167      
14          -4212.4039115290179      
14          -2749.7642220775988      
5           -749.19526885168727      
5           -832.92393691691302      
7           -1012.0750428804633      
7           -1884.9170903096517      
11          -3344.7698340994039      
10          -1361.7673772708822      
5           -952.53440142560339      
5           -757.6756237804251       
8           -350.58715969505448      
6           -116.69294781909105      
13          -5755.7743313814244      
3           -777.52751123499866      
8           -1118.2097738824032      
12          -2188.5933524749671      
12          -2518.3505698054219      
12          -1628.5219995734099      
15          -3958.7521619843214      
9           -1888.729343522155       
12          -4467.606874476739       
13          -5836.1206515310232      
13          -3402.5335358178399      
