470 1 -4127 35 35 35
9           -164.055487035542        
9           -174.00260501689633      
16          -2322.3691978838133      
14          -1444.5121155695076      
23          -3021.7146951594004      
8           -1250.8420141065435      
13          -983.51124924609849      
8           -248.59406191012755      
4           -76.313423597381558      
12          -1466.7412689165467      
17          -3393.8249061537322      
16          -2333.986803324548       
9           -994.75647456413697      
9           -512.08096761164643      
4           -541.65472603494868      
8           -897.88970539428885      
12          -561.93446887352775      
6           -359.54893620799896      
3           -83.901941850733536      
4           -9.0048180457948845      
8           -743.83555735165339      
6           -773.51875078775504      
5           -72.591008371978248      
9           -344.54841096060784      
6           -125.71402300902102      
2           -2.2512045114487211      
6           -20.260840603038488      
8           -2087.502979614294       
14          -3420.3137674120881      
3           -47.289108263231114      
17          -2403.1952292532183      
12          -1475.167787900886       
6           -107.85591204716611      
12          -481.00586745700946      
9           -259.39703837497029      
12          -1600.0667035844983      
14          -1811.58130358625        
5           -231.56425777346624      
15          -2103.0211787363014      
12          -1927.7029651113589      
7           -322.0536276172412       
8           -384.32272137898781      
7           -169.70924646923586      
1           -0.56280112786218028     
10          -858.55568460661243      
11          -600.85504165347129      
10          -900.10052411462289      
7           -263.89452954904419      
10          -897.35148378064309      
9           -806.21163585027875      
12          -179.09185051813753      
11          -1693.972014946969       
4           -54.489003289805851      
8           -74.253960333037483      
22          -2929.1510888245039      
12          -1771.7789683456583      
11          -1780.6097266716549      
13          -1251.6558145288291      
11          -662.88462238453485      
19          -1942.8690380941985      
15          -2612.9473811807165      
10          -265.01904492314139      
10          -468.91075154313245      
14          -1409.63463627137        
7           -313.87207627328303      
8           -446.87385115848963      
19          -2166.64379643129        
17          -2872.3177533672219      
12          -292.88094059624666      
7           -391.44983321739551      
15          -925.20695739836117      
11          -205.71607011924957      
8           -483.83243305321787      
7           -553.66437842100777      
4           -26.538425190865421      
8           -614.05324316485064      
9           -224.24497495501271      
15          -1641.3715274077676      
9           -578.14953943224248      
6           -276.85028880262371      
9           -616.02819576807383      
4           -248.4917013377879       
7           -1282.2586845982844      
3           -5.0652101507596221      
10          -645.81691560429476      
12          -570.80344485472119      
3           -5.0652101507596221      
15          -2282.2423367961533      
22          -3114.3767030452295      
6           -81.187160341103947      
7           -245.40983214675802      
11          -371.55176046715587      
6           -234.79844554833238      
12          -1543.0247612847763      
9           -857.3004786432723       
9           -397.79818707943667      
8           -100.38828554280268      
7           -148.9947981666717       
9           -815.72352180379789      
6           -132.80500340979455      
7           -80.61066423760812       
