470 1 -4127 35 35 35
6           -37.242467978422397      
9           -616.62806232416574      
10          -844.97610428383268      
16          -1371.6279062451863      
7           -43.679108766489179      
12          -609.96704265594894      
10          857.45907113870066       
9           -1505.8641405967924      
8           -440.47098667219552      
8           -139.78379960035934      
5           -41.001474386015644      
12          -1481.791600517643       
15          -1677.3062070044941      
11          -476.4942417025901       
21          -5147.2077337898054      
21          -3207.4083242061402      
7           -85.109332511116335      
15          -1996.5088059971154      
13          -1837.0202722815823      
3           -139.08201105050753      
5           -151.99572910859106      
11          -1352.7894931857647      
7           -43.483687342200724      
5           -423.58498635385513      
3           -5.0652101507596221      
9           -676.29034651519851      
8           -236.93204296924844      
7           -476.65890980596384      
10          -981.99935232053338      
12          -905.70822753237849      
14          -1193.5897124024527      
9           -242.67476984615962      
6           -340.12841311919703      
9           -305.31904799667518      
9           -568.74907394561535      
10          -294.40274915096978      
10          -156.77232647565759      
12          -539.18433883383841      
11          -689.03472638039375      
10          -168.21315742193883      
10          -636.43821891613811      
9           -850.73121544473111      
12          -1232.6986582988686      
22          -3184.9611794848697      
15          -2176.007670721257       
12          -1480.1469219893168      
12          -798.12845086214406      
7           -295.2670942458405       
11          -992.59579133161151      
11          -441.92423132261604      
11          -567.89495114944793      
9           -1098.4053977712267      
6           -317.57625044590282      
19          -4694.5609959340845      
14          -1567.5536283095598      
8           -884.34488767185769      
13          -1751.4710735608928      
7           -269.77814395186715      
7           -495.67947207472054      
13          -1452.7596555224518      
17          -3476.7648119736268      
14          -2289.5992673716069      
19          -3706.056972819682       
9           -387.5867863712873       
11          -369.36757036100482      
9           -716.52084447598645      
6           -495.77385883768994      
13          -983.67356870996707      
13          -1299.5708263327635      
15          -4531.8910150884794      
21          -3716.6798143954629      
16          -2130.8382602296701      
13          -492.2802105578827       
13          -1926.344034527938       
11          -317.24226032925532      
8           -533.46425729338387      
8           -784.7220692331349       
17          -1160.6588097900169      
6           -108.35511018096416      
11          -277.54383066502453      
13          -1890.1489140960487      
10          -915.84913700795551      
5           -208.95532315522968      
11          -1497.5527797001671      
8           -436.67047645515117      
8           -200.49262075800496      
5           -213.82170011787599      
6           -59.150158950282368      
11          -1865.872207720543       
6           -143.16854499674565      
7           -118.97958943059589      
8           274.15499179414189       
8           -1225.7677771963722      
6           -256.96974822713821      
11          -1261.4666983744266      
9           -985.98925401207111      
9           -604.16027956466633      
8           -228.40144047650861      
5           -14.070028196554507      
13          -1026.8893333510155      
3           -87.47983811805814       
