470 1 -4127 35 35 35
6           -687.55306832636165      
9           -2101.8999807022651      
7           -348.99812410972351      
14          -4553.2499836038714      
7           -204.62121987618593      
8           -501.11851971571042      
9           -1156.0025365327788      
11          -3037.1853307159777      
9           -761.87675672377225      
8           -2018.1625749691054      
11          -2095.2345566733356      
5           -2142.1571909111585      
6           -65.389011081055443      
4           -66.000918828537507      
4           -45.766526937695716      
9           -497.15061423370742      
6           -552.22956621078595      
7           -2254.6907869160386      
12          -3389.2341524408689      
4           -59.520484073055457      
13          -3058.1920075751013      
7           -684.28650317455208      
5           -87.114508994983368      
9           -1629.6896519717025      
10          -1937.6370896858621      
10          -2087.0242890315076      
6           -706.50749187021586      
6           -322.83334373212034      
10          -2078.0596817726273      
4           -709.95268237103483      
2           -5.7663389823942781      
11          -3775.0417951622062      
12          -2973.2177903696097      
10          -2883.0946697987715      
12          -3644.3320434089937      
11          -4114.1698006104243      
11          -1821.4882902198929      
4           -502.39810371026005      
8           -5303.3892626891329      
13          -1818.1534902677836      
5           -860.34664195760149      
12          -983.01699632088435      
7           -1248.6060990155895      
10          -2452.5959391525844      
11          -2473.2060069217368      
5           -73.804775267732538      
7           -1947.3720930594754      
12          -1071.801529583912       
11          -3407.7062928327191      
5           -300.56854008011618      
11          -3748.6848511371222      
7           -2430.951231609567       
12          -4506.1274555034552      
7           -271.02501038570415      
4           -70.988549150679503      
17          -5248.6645797890496      
10          -450.27781107977535      
11          -3657.5066580936968      
2           -5.7663389823942781      
7           -428.51172221131981      
5           -238.86973323914907      
11          -1984.6802311749248      
9           -1479.9981644741447      
17          -5058.3839841549916      
13          -2920.3413667490267      
12          -6788.9024598376354      
13          -4060.5484986540296      
2           -5.7663389823942781      
10          -1308.1032094703353      
8           -1699.8122066734043      
6           -729.86311678903758      
15          -3296.8917919621613      
11          -3406.7029339543719      
5           -483.29593975184298      
9           -1233.8293282502827      
6           -331.12897070613656      
17          -7221.7317095939361      
13          -4477.6368546873655      
15          -3888.5048317384917      
12          -4361.5190111556421      
14          -3622.160841023705       
14          -6992.3065949658649      
1           -1.4415847455985695      
6           -203.04529236423008      
11          -1532.9407373748434      
8           -501.10352752729989      
6           -119.45789945386421      
13          -1810.7308579026694      
10          -4264.7014466464007      
11          -1369.3805304762402      
16          -3536.3265333628983      
19          -9495.5901475987175      
10          -1530.1071327626767      
4           -43.762907365512163      
2           -5.7663389823942781      
3           -12.974262710387126      
5           -707.35993694835554      
7           -1128.5839566091306      
7           -1641.4938602374561      
12          -3716.8850617708204      
13          -3639.5498634266123      
