470 1 -4127 35 35 35
13          -1368.9343528780789      
8           -556.5378571376956       
7           -538.26512679490691      
5           -162.6266063893928       
8           -724.66884363680163      
7           -251.49963770569224      
12          -988.77208568364142      
5           -166.14890420775353      
5           -196.59741566699591      
10          -503.21128170379831      
7           -791.67814030730256      
6           -242.76108745709101      
7           -755.80777850837194      
7           -689.38988898698938      
15          -2016.2722562111985      
9           -474.08080721644791      
4           -54.872968994806726      
5           -1051.8925102239486      
8           -834.9969484923048       
7           -131.96691228858322      
17          -3303.8453619362563      
5           -13.6531847203377        
15          -1220.8405654349758      
4           -8.7380382210161294      
10          -1410.6779197688322      
10          -521.77906305617614      
10          -442.20297840432937      
11          -1124.5046492222982      
10          -751.90210248934363      
19          -2853.7913658165689      
6           -22.181468118715991      
5           -13.6531847203377        
9           -423.80273764627822      
14          -639.30161386520365      
8           -66.308088189697813      
11          -627.16336580414486      
9           -401.84344426269814      
13          -921.17076481512015      
11          -466.68794288946168      
10          -512.95865295331907      
17          -1868.4083294725228      
11          -1026.9123950288438      
23          -3956.043934205074       
23          -5474.7816030256045      
8           -467.43113759784313      
6           -199.5242382238072       
5           -294.75734770983348      
9           -718.44272499243664      
9           -86.365679840500974      
9           -281.97940895763287      
12          -1171.661014296807       
9           -1135.362990630314       
11          -260.60361662467039      
9           -337.40244238752206      
12          -1253.8218151767351      
15          -930.97321081573148      
18          -2278.6887178252337      
11          -515.6325659835328       
10          -547.41487403473536      
15          -3613.8366067250845      
13          -1924.5370653418765      
8           -190.93546506212186      
12          -523.65448809385907      
10          -307.00519557242791      
8           -343.37553461445344      
6           -84.867008517275778      
7           -155.48056030049992      
5           -124.84050368921923      
11          -1217.0683166542481      
6           -23.716169804182371      
16          -1199.8549086267758      
12          -1708.4860502215911      
14          -929.41744422018246      
4           -8.7380382210161294      
5           -42.73886253762457       
4           -8.7380382210161294      
8           -546.40812029397341      
11          -796.22444533249575      
15          -1102.5895098836295      
10          -801.59834021134043      
12          -580.93597114815589      
13          -2426.5452860166238      
16          -1715.9937885517293      
3           -62.999733314051007      
13          -426.05571704941809      
11          -651.58841644154916      
10          -567.71900426858974      
8           -205.88878559599146      
7           -69.209872968534384      
8           -351.84058140851613      
11          -456.12363712937167      
10          -557.94842386485755      
19          -3427.128076548574       
7           -87.635278748155031      
7           -1026.9257656323641      
16          -2729.7097941404127      
10          -308.66146100848874      
12          -1560.4745674457927      
11          -1161.6088980044851      
8           -262.48952749572635      
8           -474.79158645526883      
