470 1 -4127 35 35 35
9           -104.24085289466601      
18          -961.25580064146095      
4           -81.37834506202779       
9           -326.9657133548771       
7           -90.550726760229196      
13          -838.27465017476379      
13          -409.4944046355551       
6           -67.209335418399192      
12          -131.03416701895787      
4           -139.84183597101756      
4           -78.740157443528915      
11          -653.7279538282545       
9           -115.03830332956906      
13          -392.17509481719782      
10          -377.34848134017608      
12          -379.87218846802693      
7           -200.61483106145664      
6           -90.533434179001091      
11          -586.29210428558804      
9           -148.75054525250528      
7           -195.47418795418886      
8           -432.49922863917885      
2           -0.80944354447203892     
10          -407.7455547290707       
9           -214.53367816643041      
9           -507.23692746513956      
9           -184.26985565954371      
6           -30.805602170185658      
15          -1021.7223207232554      
3           -1.8212479750620876      
6           -162.56780152251113      
14          -663.97122901677517      
18          -1157.6289944905698      
10          -153.2175988593763       
3           -179.02684375133734      
1           -0.20236088611800973     
8           -244.20058483702894      
8           -50.31098974137268       
3           -1.8212479750620876      
8           -218.40479139211391      
7           -278.80941041733848      
9           -599.14582468084086      
18          -969.88859102866888      
8           -74.388910672237017      
5           -13.754021946452271      
10          -428.56049347369424      
13          -388.74556942218135      
10          -624.9072854179193       
12          -267.69254699669051      
6           -47.127578372713828      
10          -536.11200138570541      
8           -108.22610299387999      
8           -31.083050175426528      
7           -16.843034299026073      
12          -333.33250079130335      
5           -97.84467210683701       
14          -654.68703724423881      
14          -407.92868811522277      
7           -429.79354392360341      
11          -760.52970889541791      
10          -307.25653956304797      
15          -444.61640361353841      
9           -246.93194190159502      
4           -446.1929691041671       
11          -174.40976917095824      
9           -315.63258960808287      
5           -5.0590221529502433      
14          -725.68680245308303      
10          -63.355309911898246      
10          -472.99693270331983      
11          -516.95323915276106      
6           -69.783920309595402      
4           -93.244881414582551      
9           -704.38746187713832      
14          -1133.0762272134482      
12          -655.79930570947556      
14          -679.52981901303599      
9           -410.11066706686347      
14          -271.73382101505484      
10          -369.41921194781145      
5           -44.153249703858286      
9           -301.41773345211914      
8           -173.67251855143104      
6           -125.53905835871495      
9           -210.92949692195305      
2           -46.129350271716113      
11          -591.89304269603747      
5           -327.79300362591295      
7           -154.44411445630578      
13          -554.6054801087937       
10          -446.80544112142184      
13          -868.65699304659142      
3           -3.2606363514493175      
12          -438.39003547480797      
15          -609.50415090731576      
7           -182.1881068792855       
6           -11.847579440278643      
4           -79.374281637758415      
3           -1.8212479750620876      
6           -207.97235880470282      
7           -127.36960039594312      
