470 1 -4127 35 35 35
14          -871.07945724014519      
2           -0.80944354447203892     
15          -935.42953580435778      
6           -152.19899138113584      
9           -228.79754373901997      
6           -61.544014813378631      
7           -486.70293610623452      
25          -1763.8703034756732      
25          -2594.3551229195728      
12          -827.69834157433093      
7           -43.435771597026019      
9           -225.03495931225495      
9           -181.42195427612239      
12          -936.07474598188708      
16          -1854.3527880562208      
14          -731.73364402836171      
7           -97.332081768495186      
7           -44.608888040921677      
7           -113.17973494755554      
9           -274.27120230398089      
7           -140.86758633882911      
7           -274.61421990522933      
16          -581.32398828467592      
13          -950.68856829147865      
17          -1733.8146112618842      
14          -623.30578417731647      
8           -106.27522033214009      
7           -508.59459272833732      
6           -57.847850463804278      
4           -100.18363113778788      
11          -490.16349210863075      
8           -149.35342234389995      
11          -356.83664806175921      
13          5.7005827350520448       
9           -54.285357709656687      
5           -41.997322731430224      
10          -422.74303959228558      
9           -691.91307880428462      
10          -119.92894245212548      
5           -131.05929013376186      
3           -3.0527006191845949      
9           -281.17218351764461      
7           -15.397965658719373      
3           -29.289963647998455      
3           -137.1766402508936       
7           -24.149248860851319      
20          -502.39205377792246      
16          -443.98450208392734      
7           -158.52573314465127      
11          -545.1483622283572       
8           -111.18420484898991      
12          -231.4983808156764       
8           -283.21334019369255      
3           -3.1810521266076308      
8           -151.01725656808466      
8           -251.75253793092011      
13          -167.41569524492863      
9           -830.87235295250662      
6           -18.69903109112208       
11          -287.07541542533704      
6           -35.102645491634192      
8           -217.70585984879182      
13          -401.31673375640196      
6           -66.648700269867277      
3           -4.6880546654474333      
11          -440.87724066001078      
22          -2003.3067531578727      
31          -3290.9057174738614      
16          -1475.3097222696979      
12          -315.35881009041827      
6           -102.7627535814205       
6           -40.039986664312579      
12          -306.55415114650043      
13          -143.75297722970976      
14          -337.44284791226136      
8           -64.482735938969142      
7           -14.036128617528725      
5           -105.85201112201018      
5           -301.69618083860917      
6           -107.12885917585706      
13          -509.13968358546197      
8           -194.03039307092379      
7           -615.59758287940542      
13          -809.39831306381279      
13          -599.90625073952822      
10          -244.50337501977813      
8           -162.79743089642454      
16          -1324.1263714360987      
11          -209.70025647104703      
14          -521.68533593765915      
6           -247.05751894207216      
6           -376.95189451410835      
7           -28.517839741288597      
5           -52.73881249448803       
10          -116.2161872878975       
6           -17.150234897822479      
12          -479.46076747054269      
10          -160.00264705024895      
13          -345.31140773412199      
9           -246.3780960353636       
16          -162.26022373954046      
