470 1 -4127 35 35 35
8           -1450.132922670495       
8           -881.16684636140246      
6           -911.85324058474669      
8           -3253.5838012092677      
12          -2366.3138815241441      
9           -1177.6298296156679      
14          -3371.9465621592699      
13          -2355.4935486022341      
13          -3547.4326150771471      
7           -217.44229863028158      
22          -8664.2587828154919      
12          -1429.8046347671766      
11          -963.36534575214966      
9           -997.45020478772483      
17          -4898.3094926857548      
17          -6941.7822147927736      
4           -207.96719797690105      
13          -1684.353689548195       
7           -841.3065356401089       
8           -1804.5260837777942      
7           -1223.2801539669922      
13          -4084.5287206911153      
13          -3423.2708745447712      
9           -1500.0205594909889      
6           -679.74102243358527      
9           -3325.367097986104       
8           -1035.7086042460483      
3           -13.939178383678428      
8           -732.87074940205252      
6           -117.08318690568296      
13          -3975.6027424232416      
17          -6018.3073464425815      
8           -1044.2141236026641      
12          -2762.4867492906242      
7           -1011.9415654808518      
3           -12.974262710387126      
5           -798.21200081242489      
7           -1846.4553476213405      
10          -1696.6324900301624      
13          -2198.9763680433839      
12          -2053.0963993181449      
10          -2269.199099392712       
5           -39.103123512788322      
9           -247.01270909467905      
18          -6660.4291275650903      
10          -2928.2104173063617      
13          -1306.8863570865742      
4           -31.885542816718655      
7           -1211.6917561442392      
10          -1438.1392083486403      
5           -313.239490793686        
11          -1164.6309415999417      
6           -1280.7494573475478      
7           -266.26007230434914      
2           -277.26096402591236      
13          -7231.5308449272952      
4           -56.009161714870032      
16          -3978.7108722726089      
4           -900.93987249488725      
9           -1523.9477978403143      
11          -1319.3210297409314      
5           -36.039618639964239      
14          -3557.3576167167557      
5           -252.41621267487085      
11          -1813.1845352532785      
8           -1328.5748993837531      
20          -5942.148299857944       
14          -3966.416893718485       
14          -3197.596196784978       
8           -1556.2716266276302      
8           -1156.048914565946       
9           -1651.9856390468562      
13          -1055.6695634080725      
8           -770.90160889913022      
9           -1825.0376551347695      
15          -3549.2696486379464      
15          -3629.311013650512       
7           -866.69276454668807      
8           -2139.8969549750127      
14          -1479.2611289081026      
6           -1651.0588494282927      
5           -496.47175505814545      
10          -1289.6851546935882      
13          -2684.4315970095631      
7           -1708.1211493234046      
16          -7503.7112804450871      
5           -126.2517772770598       
5           -81.014095588621217      
13          -3698.7188232630729      
8           -245.42179827684282      
8           -3108.4466572449487      
10          -4248.9845217989305      
8           -879.15034561131097      
9           -146.88564504129377      
6           -947.59713828401175      
14          -6839.2645322065082      
6           -1168.4013272026054      
16          -4369.896090110301       
16          -5437.5090139476979      
13          -4442.4668491465518      
10          -1119.2566799134333      
