470 1 -4127 35 35 35
13          -626.13310487398428      
4           -238.49667691088277      
12          -244.30474489551858      
12          -1355.4090524704441      
11          -446.13469338265128      
9           -472.17268834468388      
13          -1043.6678041722432      
15          -678.30091458633251      
9           -32.130176570886306      
14          -389.51544376354593      
12          -420.26852298452286      
8           -304.56642222086185      
8           -268.683913225352        
7           -258.85375571565925      
7           -67.78483320554966       
7           88.586749645217537       
9           -527.37752367419864      
10          -155.39284854114177      
7           -145.94876029527057      
2           -0.78415103688527188     
11          -316.0058667081189       
18          -1581.4460828944557      
25          -2308.9474108888435      
7           -40.880595666788508      
11          -675.72285518404817      
10          -399.64953139311086      
10          -415.26394501278463      
11          -314.80289138690239      
4           -14.526082329332777      
6           -52.317934957978636      
5           -136.95015250595549      
8           -850.32292036021659      
6           -131.74184169206387      
13          -1478.0971156367766      
13          -481.99292962064283      
12          -591.35465132472279      
9           -271.16354604066174      
8           -101.73580263800818      
15          -1220.8325630289635      
14          -706.67166301182078      
17          -1059.8367244214212      
16          -868.36389377364469      
20          -1595.0581151978051      
18          -798.53405448225851      
8           -393.23587429390699      
9           -377.62322541964238      
15          -1023.2070463367625      
18          -1019.3259288682613      
7           -218.44822655212946      
11          -673.75777170270351      
14          -835.3813916915044       
12          -610.01699101119925      
6           -56.032884312698712      
9           -718.90292488830005      
13          -1478.1831518526694      
11          -706.81324099866617      
6           -550.81546032220251      
7           -143.6537505174536       
9           -277.51158139583896      
15          -879.23854447044732      
15          -707.69509468744889      
2           -0.78415103688527188     
1           -0.19603775922131797     
12          -448.29711463880949      
7           -213.44052777455798      
19          -1324.3206497900294      
12          -500.12225062818993      
20          -1077.5049354966202      
11          -495.69642958181527      
22          -1384.156983990335       
13          -493.50660297767479      
10          -317.55950472411882      
9           -179.73255199540995      
6           -249.1727873293342       
7           -53.634213585285075      
13          -563.85714008309981      
7           -407.25752228336444      
3           -1.764339832991862       
8           -373.11448533675173      
3           -1.764339832991862       
8           -242.26119020434086      
9           -392.29696874208696      
9           -135.73533572006951      
8           -251.38975560487302      
14          -717.53795659058164      
5           -47.655418934505278      
11          -99.261557854850366      
16          -647.22018304545236      
11          -374.31549642021548      
7           -347.01682847308422      
11          -423.46190155094035      
11          -617.04967357253781      
16          -431.05117576375301      
6           -138.00312065751135      
9           -196.30758814308592      
10          -353.30719883965907      
14          -549.41024765596262      
11          -267.00189546001963      
7           -102.86893084493121      
11          -315.64596081449446      
10          -565.85510235346874      
