470 1 -4127 35 35 35
8           -186.03315180728049      
11          -2080.4749408148887      
11          -1395.989051563366       
13          -5715.7243749251684      
6           -2721.7717553371285      
16          -4371.6735769589986      
11          -4707.7074102223487      
6           259.69599480908812       
7           -2754.8446845824014      
4           -128.81874997441719      
6           -498.6469945875981       
8           -1313.7271781314378      
10          -3880.3142660553603      
12          -3088.9698685008084      
6           -371.863335088947        
9           -1674.8547563216425      
8           -1048.4839193011783      
11          -1894.4887282767952      
6           -250.64832721147462      
14          -4385.4923107602053      
8           -1305.2576886488182      
11          -3341.649648325515       
8           -1041.7233692800287      
5           -79.146003265168702      
8           -910.36940686071068      
10          -3041.7420996053529      
20          -10217.919408141393      
10          -1274.6015338731931      
11          -3151.1839513892296      
13          -3132.7510400952701      
11          -1134.7267258512495      
4           -137.50763366389461      
8           -1054.5430771722513      
8           -1697.9770791147484      
13          -4125.7430055884479      
13          -5877.7611303841059      
8           -626.19730934977065      
7           -186.86234109036724      
3           -67.203786140576696      
5           -36.039618639964239      
8           -624.38104627526695      
8           -1705.5879676068894      
4           -150.53928194242175      
3           -114.37321976255285      
13          -3186.7766230549159      
9           -710.82439290128775      
13          -3881.6631397152241      
11          -1611.1537790547322      
12          -1622.2244041966203      
7           -805.72162713176772      
8           -277.04510396827271      
10          -1449.0652465536134      
7           -354.45386198528951      
10          -1445.9725018594402      
7           -1099.3417715305668      
12          -2800.4072490940353      
8           -876.79533384375691      
14          -4139.743008589332       
9           -405.75086193129823      
12          -1118.7004784322946      
12          -2232.1422583258145      
11          -1932.7375414158173      
3           -12.974262710387126      
14          -3155.6570464999286      
10          -1603.3530179561708      
5           -479.29997612651829      
9           -837.33735233815514      
8           -1272.9212040341686      
3           -12.974262710387126      
12          -2278.723445266513       
4           -462.44196353262254      
8           -1393.8061583155968      
6           -253.40557199303282      
13          -4314.3812220109912      
7           -335.07006450314373      
12          -4909.4866942753133      
11          -3296.7017963942139      
12          -4196.876895350124       
7           -779.41772389630819      
8           -1357.524574122511       
14          -5033.0777591978776      
6           -286.70713208547852      
13          -1604.2540904184491      
16          -7191.5877624830482      
12          -2344.7542054241439      
11          -2417.3069274750546      
14          -5355.6010784384998      
3           -598.89397514233588      
9           -530.15450829916983      
9           -1212.5429408434916      
7           -1597.4243599440729      
10          -983.66573036467958      
6           -720.68009291224462      
19          -5037.0590830398405      
8           -481.08372533220387      
6           -108.71739665862619      
10          -1695.1025409138929      
14          -2203.3867063189391      
17          -3762.375748544102       
11          -2153.5491661062852      
7           -345.98573670758844      
