470 1 -4127 35 35 35
2           -5.7663389823942781      
11          -1691.1474107369411      
5           -623.70810993965006      
8           -1016.7951331717491      
8           -1713.1439038848605      
12          -3522.5378236695651      
6           -686.72980055435085      
10          -5152.9134178816594      
8           -336.66093102078804      
8           -357.18580583823052      
17          -3053.4314420964101      
10          -2180.3568003424693      
9           -844.74680368890643      
12          -4787.1299040086897      
7           -775.14327969447072      
5           -460.78584356571645      
6           -1266.0914731388925      
12          -1952.7702554121531      
9           -672.86471226323056      
14          -5900.7604281759568      
7           -457.07037605533617      
15          -3586.406327300514       
11          -1330.691011502126       
6           -489.77976350939679      
12          -1724.7915454121571      
11          -1840.4564199123301      
8           -1442.8892913074219      
7           -627.83946785827243      
13          -4329.2244582892781      
16          -5823.0591143715556      
19          -7841.3119598042358      
14          -3560.7014619624006      
3           -255.09194136418455      
10          -1662.2863811497191      
7           -1993.5250000550684      
10          -2084.0415949177059      
10          -2970.1397971530464      
21          -9326.3905233707974      
14          -1997.6072186215267      
4           -34.01073255158876       
8           -1553.3157901765751      
15          -4852.4868000088291      
10          -1691.3392969570587      
17          -2993.939708505502       
11          -2514.4624012734848      
17          -5747.9751311094815      
13          -3428.1262689582964      
10          -855.81568957743798      
10          -665.62275964690969      
4           -116.22223741279416      
11          -3902.3176862410191      
6           -706.90977336885692      
8           -861.91510201617109      
8           -1703.0376442706681      
4           -368.45884357285223      
6           -2261.5947639886936      
7           -2387.7511588117859      
18          -8172.6656081887068      
12          -3395.3934824685289      
4           -600.17076083423888      
4           -23.065355929577112      
15          -4106.9344333603876      
8           -251.01708024684569      
15          -4162.129228535674       
20          -8239.594662210251       
9           -3165.7494290527293      
11          -787.59580983592889      
3           -85.534867382703311      
17          -8138.2154576038511      
9           -588.5859896436682       
9           -276.49857686053997      
9           -1537.6258976481654      
8           -434.87909567702587      
9           -2092.0280427555767      
9           -1612.8797552292431      
9           -2274.3364644447188      
8           -1364.8095447533144      
11          -3307.3010997897272      
13          -3033.3003349663077      
3           -12.974262710387126      
8           -249.91693673280656      
13          -3310.22683583348        
11          -3543.8473629725913      
7           -610.26369443561543      
6           -420.40780047651737      
10          -1394.1230689127472      
11          -2981.1088734663545      
5           -1067.4917310076537      
8           -568.01832527510908      
9           -3178.4617325810336      
6           -127.95383386083348      
11          -2085.0225747626255      
15          -3748.5880727866561      
9           -3489.914410342989       
7           -1038.3914256604173      
3           -16.803035736349944      
9           -902.55429287773973      
12          -2430.8463168852236      
7           -1387.448828801776       
9           -2003.7893257446663      
15          -9212.3740524929563      
