470 1 -4127 35 35 35
12          -1318.8777010884226      
9           -930.93842091951683      
6           -77.044894604770505      
5           -244.53593764377632      
10          -1011.9893535375149      
11          -1245.5453530389052      
7           -317.05459506309404      
9           -566.71371559457509      
12          -1433.4362893361665      
12          -884.88374993773391      
8           -334.06587874244099      
7           -101.34527586173928      
9           -147.09167433538391      
15          -2288.8233392079023      
4           -211.47376660250771      
4           -27.974082767589696      
5           -22.494515731226777      
17          -2155.7668943446456      
6           -116.28164169919935      
8           -399.07848585177771      
4           -18.084411415193728      
11          -667.96220912921694      
11          -349.46898346329442      
9           -1709.3277303490295      
17          -1392.544362336155       
10          -977.62003963558516      
12          -610.62874810845392      
8           -473.21853849470847      
11          -441.68273910048401      
10          -1465.5922864228801      
9           -971.5050161921846       
10          -965.76519818506517      
11          -361.68031248492377      
7           -36.307769720319186      
11          -2031.0809181940024      
9           -308.31077929768907      
11          -293.27768084240563      
6           -520.78696058228377      
14          -1282.0675374553571      
15          -1917.4604808258828      
6           -775.89039458456352      
14          -820.04748163904048      
13          -729.83334052500993      
3           -295.02403500055885      
13          -1611.6541059831061      
7           -176.87726545451414      
8           -966.53722515919458      
10          -653.52902689213863      
14          -1540.7369287452652      
13          -966.9831181406405       
13          -1497.2380035506405      
10          -809.30572727826359      
11          -1328.0463372852862      
6           -315.50764917352785      
9           -843.63575824596251      
14          -848.4320808941161       
11          -1165.0764465551592      
6           -51.501686875605714      
13          -709.89049302595777      
25          -4271.2058435822328      
11          -626.7767819994001       
11          -1005.5231094352529      
16          -1925.8066670117996      
16          -1340.8544361798176      
7           -447.61431244841395      
8           -881.96804242123369      
9           -472.3629839703687       
9           -677.26426193930024      
5           -884.17599622024511      
5           -26.219248602089465      
8           -490.05163186626703      
7           -538.64324709758796      
10          -768.06738271116717      
14          -1898.9363606046879      
8           -1479.5944612468243      
10          -293.84052348269535      
11          -713.65696428314823      
9           -704.10330419328989      
9           -902.6824627062756       
12          -1084.1670845158301      
12          -513.24600319305637      
13          -1935.5848027198924      
9           -406.43744971570732      
8           -234.89307844509915      
12          -1168.4486116931023      
27          -4560.322716246701       
16          181.76515904226602       
12          -762.24494848143786      
11          -834.96232891207592      
7           -517.70206597261074      
10          -805.68627400683772      
6           -35.473683641595173      
12          -1305.5248434089265      
8           -377.7413989962306       
6           -256.8906512729373       
16          -1463.3845635294128      
13          -778.234946758197        
14          -1301.5274131188642      
4           -33.752917947065811      
11          -1033.0197207352926      
8           -313.78243268409767      
