470 1 -4127 35 35 35
6           -7.0573593319674481      
8           -21.334601824192269      
7           -12.988215547075422      
6           -17.65817153362427       
10          -503.00799301897479      
9           -319.38464819017713      
9           -305.47946529508351      
8           -345.334352807963        
6           -149.86763811910393      
7           -76.618096793564746      
9           -152.73440480069749      
14          -1040.8907827223352      
8           -61.75106694803231       
7           -116.33970370831989      
15          -714.81604090117492      
12          -411.31632074764406      
15          -1082.0829694445126      
18          -391.73877850252586      
10          -159.73164751859568      
4           -3.1366041475410875      
5           -112.94121885386018      
3           -156.01539520271953      
7           -178.26531093619786      
6           -13.5154261602567        
13          -630.21605646657429      
13          -394.56018373847576      
5           -6.0211129647817989      
7           -169.41765616179848      
13          -357.24906992987826      
12          -301.95842453954344      
10          -321.74897476535847      
3           -5.4270448890081067      
12          -397.69026880430374      
11          -106.2438684145836       
13          -328.20799751235813      
9           -191.07031717289854      
16          -751.05969858167259      
9           -501.47355062481478      
9           -324.98498878686343      
7           -65.201349560924172      
3           -60.989011465767561      
10          -231.97353740342015      
6           -151.58560780836783      
6           -16.269417247128839      
4           369.22849396936101       
6           -25.353192571576429      
5           -78.422382889908633      
8           -136.87017779779566      
5           -237.37103985019004      
10          -359.42883835928831      
14          -440.86735746293016      
11          -750.62143133675931      
8           -85.402648860659482      
7           -246.50682614763716      
12          -512.04489875614127      
9           -83.011180707570958      
7           -442.80910940269194      
12          -538.02474138405682      
13          -335.9297898451257       
12          -446.59069531179279      
16          -821.92822948882952      
8           -46.497714628378148      
6           -172.5260669736258       
8           -156.42494924804552      
8           -91.647520479977828      
6           -24.19656519972046       
8           -353.64622142462912      
9           -440.14243543349357      
3           -1.764339832991862       
6           -36.20688535584199       
11          -339.01057002619797      
5           -34.998234654197027      
8           -176.09948184843194      
4           -8.4103269083367636      
12          -175.98505538853365      
17          -647.42432928769711      
9           -214.80999769415885      
9           -169.45165722028548      
6           -266.97422971680317      
12          -883.88469870928327      
8           -138.85447191422324      
8           -240.44634108789103      
12          -576.00517228561216      
11          -454.6962161697158       
7           -261.7974179150242       
5           -123.83286830554847      
11          -869.20465557498858      
14          -852.98044760991252      
14          -534.15582643792266      
6           -120.0638555545775       
7           -128.41397006468017      
9           -117.56708864130003      
11          -317.02696889020865      
10          -309.50795870891358      
17          -756.78899691112667      
6           -66.674254061483239      
12          -343.51595842123805      
6           -109.93101342915108      
7           -277.13126729367775      
11          -425.49663168896785      
14          -853.24050964016226      
