470 1 -4127 35 35 35
8           -594.89267872110145      
10          -1702.640639271485       
6           -431.73668924980365      
9           -419.53918988387733      
7           -61.082151850428687      
9           -403.93616292701739      
10          -1808.7544548349358      
7           -199.0754094952031       
5           -226.83809243300732      
6           -356.225875714148        
17          -2389.7117649107972      
9           -500.52073139667561      
15          -2570.3633958611722      
11          -1174.5711551115792      
7           -280.51649973332576      
15          -1347.2327857723815      
20          -2940.0545895494288      
8           -601.66827880500739      
10          -1965.5218567351778      
8           -1234.6783225358079      
11          -1233.0826145555598      
10          -862.44267330341495      
7           -155.65094044653014      
7           -292.2531614760934       
10          -1559.8180177430022      
5           -618.89166233095136      
11          -371.16917337879443      
23          -4465.7170852211511      
15          -1906.1955960414205      
13          -1092.6724103224474      
5           -14.070028196554507      
18          -1877.5121655680355      
17          -2014.3395439238054      
11          -1512.2162219858103      
7           -289.70187681095382      
8           -334.27623953508692      
13          -685.51685718822739      
6           -44.866356007568513      
8           -552.45194060775123      
11          -1205.548729918818       
11          -537.68633824642006      
8           -592.30120239757809      
8           -372.59203175370499      
13          -1472.5015682949172      
15          -925.30011682787188      
11          -645.68190794086559      
21          -4788.0625385479398      
9           -562.85161057371135      
8           -774.97980431870167      
10          -883.25352489282602      
13          -1070.5536304280297      
3           -5.0652101507596221      
5           -606.05208987599212      
4           -170.53573266290439      
8           -1163.0961547424085      
11          156.07470016786894       
15          -913.56763051301562      
11          -1051.6735922154928      
11          -1086.9019884854604      
9           -584.42460128037544      
10          -1102.4471722417986      
11          -576.59943440188192      
7           -240.82011618941308      
8           -495.62490854663474      
15          -2105.0109003408575      
7           -328.30146637114569      
14          -891.26892621837146      
13          -1383.6795261053944      
7           -87.362686994994874      
15          -1282.6341980854345      
15          -765.05377054930887      
5           -19.668138831420215      
9           -462.18401084938216      
13          -986.53870532389658      
17          -2862.9593334191586      
10          -957.16962274028117      
10          -896.30313038330348      
14          -876.16843315204858      
17          -1909.9082084828726      
15          -1572.6736347977096      
8           -688.55395463720583      
13          -905.3747252727419       
7           -66.180254016829494      
9           -130.58435772268729      
5           -20.742571420416141      
6           -498.48146230062144      
8           -648.26591222798993      
10          -79.971351195547157      
2           -2.2512045114487211      
10          -911.27649808248054      
6           -362.4396223670858       
3           -6.8457010599072046      
5           -62.254815737502256      
7           -380.42355734566394      
15          -1785.1061295326188      
3           -5.0652101507596221      
5           -297.26077142347737      
10          -1181.9856991575291      
7           -695.96017479454406      
5           -26.231338139879597      
9           -134.73539613626087      
