470 1 -4127 35 35 35
13          -1029.2079031165617      
11          -259.00504513913472      
11          -1388.6755656371067      
15          -1049.3661050098463      
7           -37.127828447491012      
9           -324.34934085862767      
10          -1179.4969115243434      
6           -1033.9386700868604      
7           -937.1343372420381       
12          -1264.9301907688255      
17          -3779.4668632917533      
16          -1099.2023149378742      
13          -1553.2943758961201      
5           -13.6531847203377        
11          -506.26804354233445      
7           -158.51948990395599      
8           -570.03843760524455      
13          -1665.2234881633258      
9           -542.3962860877989       
17          -2594.7917975268215      
11          -1967.8834027163682      
14          -1222.1705979789585      
6           -104.1777536634023       
10          -1190.3036944797805      
12          -274.62782408226457      
7           -300.64879864955913      
8           -860.8091515375296       
7           -250.56418616161409      
10          -371.63099406579738      
7           -350.23826152642977      
12          -863.91480638443807      
17          -1936.6743952628995      
18          -2938.0503752413638      
6           -137.76297637087075      
9           -1081.8688240604956      
11          -1670.5328409512842      
5           -335.66908061935453      
10          -1098.335314167244       
11          -1974.2894639742271      
2           -2.1845095552540323      
6           114.9712713754223        
9           -706.65843649635315      
8           -371.058025468832        
12          -1552.0922035777894      
13          -2562.0281527355105      
15          -1017.0493224307737      
11          -1990.2792530800493      
14          -1612.2790637147518      
10          -732.70156160040995      
9           -219.78087139302036      
10          -334.93892772272824      
12          -708.30391732516057      
10          -1377.3617124342773      
11          -1666.1153271708206      
5           -589.9181165729409       
12          -1443.2354201484632      
11          -738.86956532779607      
13          -1212.7982410886327      
14          -2307.1254424012832      
12          -1694.501259475926       
3           -8.3772689550031672      
14          -465.6539506950021       
12          -783.24479429768155      
10          -170.60124924376302      
14          -1540.6124656350494      
14          -1097.0666508010272      
15          -1837.6375593041562      
7           -523.47742570804007      
8           -480.51274777103373      
12          -515.16171397845608      
9           -837.32494911852575      
5           -30.682480213100675      
6           -649.54121521112813      
7           -160.70054960157384      
4           -8.7380382210161294      
8           -320.81582383418925      
6           -281.8693090120338       
8           -375.14361322275164      
12          -575.9289989709946       
12          -858.66450550750733      
10          -1765.3119381685412      
3           -14.559201203381841      
10          -689.01922864637379      
8           -927.334488764399        
9           -460.87759302451309      
12          -1269.1652982976202      
10          -1013.4596858106196      
16          -1078.8628434824257      
10          -377.01745488340487      
10          -472.95357857934647      
9           -302.74380820210121      
10          -635.57127172331218      
14          -814.81462382823543      
8           -75.823320925261854      
14          -977.70050465586735      
8           55.461763283606814       
6           -134.09168407401796      
6           -389.52746299301305      
12          -739.60985000062828      
13          -1410.4987204428692      
8           -779.01511394546844      
