470 1 -4127 35 35 35
7           -442.48337819961642      
20          -2171.7306482836607      
5           -338.19177809809639      
6           -101.08895620891579      
15          -1060.8494228107033      
8           -940.75426561656184      
6           -238.99021710136668      
11          -521.16551994643123      
12          -767.94102231084378      
6           -26.363837115492871      
14          -1888.8141764947788      
5           -37.632882302472893      
7           -26.760242051861898      
8           -59.162566768716715      
15          -2049.4703466586498      
8           -68.443969695323034      
2           -2.1845095552540323      
11          -1094.0116767937334      
6           649.42760152250003       
11          -1384.5376177379662      
6           -360.51874965015679      
11          -870.89105828737513      
7           -479.19213071616838      
7           -1060.0626809146372      
9           -603.61372868688625      
12          -1016.6233227387378      
14          -1748.0386593784074      
14          -2415.4522800205791      
17          -1975.3483178857241      
7           -355.67236367121393      
12          -236.25432675574066      
9           -372.11532910398512      
17          -1561.1595802330417      
16          -1930.5249755829097      
6           -77.071230083966611      
4           -382.98294723143471      
10          -645.01602489871016      
6           -67.96592374435015       
8           -206.57516845489221      
10          -514.64234917510555      
17          -2053.9786877797287      
7           -56.80604036299826       
8           -319.49273665468962      
15          -1480.1783806833796      
9           -820.83335435835204      
5           -45.820926859315513      
8           -145.61500658900599      
13          -1899.961824147          
13          -847.59453002704095      
10          -751.19357469986676      
12          -1511.1163625566742      
7           -559.00490409465954      
10          -315.47816916715732      
11          -1079.7423849410502      
13          -2190.5911134499584      
6           -254.08023281993704      
8           -574.75868997874682      
6           -510.06570948481942      
5           -13.6531847203377        
4           -57.036198677658945      
3           -212.85380933409394      
5           -14.54639142206852       
6           -609.4674319205327       
10          -335.90620782517487      
9           -365.96629745448126      
9           -891.40287822355435      
12          -1391.7299252912417      
4           -9.4638811755527321      
8           -135.84390139070439      
14          -1080.9676019236144      
7           -275.62460241950396      
13          -1203.0245186126974      
4           -28.090292746211116      
6           -587.86459105524136      
9           -1685.9425863939196      
9           -361.79586663757891      
9           -1005.1255263104823      
10          -571.71841516484233      
10          -394.36497766365306      
8           -229.00494464856826      
3           -20.187611734285678      
5           -67.780307134713652      
12          -901.31503140372058      
10          -216.56436270860669      
8           -579.10676825303722      
12          -530.80539894640219      
13          -1507.8988597855678      
8           -581.46778096517744      
10          -471.04632061046846      
13          -1021.8563182883946      
7           -45.763036918638015      
6           -19.66058599728629       
7           -421.78596318068867      
7           -303.19818985028104      
16          -2023.0319094379406      
8           -153.23180659500224      
8           -1502.2382257219365      
8           -860.87592348118403      
11          -502.28028716028263      
9           -162.6830120052594       
9           -504.29966052813859      
