470 1 -4127 35 35 35
10          -1312.7226057318196      
9           -566.52539613959527      
11          -230.25872899148058      
9           -780.65508650100787      
5           -28.532293101991549      
10          -1648.8614674224034      
7           -535.34403859776012      
9           -466.06464202411996      
12          -1266.9970242575669      
14          -1076.7880654447315      
5           -692.3493121617131       
7           -228.90244638978479      
12          -711.26682389141649      
15          -756.51016416079847      
15          -1792.0572745356733      
12          -1294.9829401189845      
4           -568.49310746077049      
16          -2516.7875722309482      
3           -175.73804536837628      
10          -1013.7935910710074      
6           -532.4508385450564       
11          -600.96554811800968      
12          -1174.9705063949318      
8           -282.08696410320482      
9           -890.98430058226018      
8           -741.14940495780456      
10          -777.29565153512715      
15          -1439.7596275752317      
13          -1048.7582007577637      
9           -1078.2540692557727      
22          -4136.404568075548       
6           -776.82300190924536      
11          -680.08354087121052      
9           -770.77973128140525      
12          -763.42579598328155      
10          -688.774201032257        
14          -1510.4550671168763      
9           -844.94301362402325      
6           -20.645622232733661      
7           -191.38996081838368      
2           -15.014799103644691      
11          -996.39184335272262      
10          -580.9898016477166       
14          -1257.5084030183089      
8           -195.47542888087406      
8           -1188.3049060105304      
6           -512.33254002007357      
7           -26.760242051861898      
9           -623.17712767544072      
12          -903.51521351813903      
11          -262.00290017980706      
4           -195.21210148163655      
11          -956.50531612885391      
9           -62.69547017321252       
8           -527.51317579685519      
12          -456.68380501713068      
11          -851.35438175678655      
12          -1290.5221435440535      
6           -301.59286571703421      
3           -4.9151464993215725      
4           -78.618131062212001      
6           -19.66058599728629       
12          -932.01920218588009      
9           -1131.4350026765883      
9           -192.54014021647788      
9           -407.10055863045147      
5           -455.74646638636301      
3           -7.4530317499580594      
5           -13.6531847203377        
10          -1038.7281030496074      
8           -731.67546865336624      
6           -20.562611991011714      
12          -721.17309615415149      
7           -611.74767592785417      
2           -2.1845095552540323      
13          -1547.1732600290284      
15          -1985.3917177449352      
8           -413.46865194098933      
14          -1039.4554796506379      
10          -910.90909084342627      
9           -111.05938007271646      
8           -132.48170401341713      
9           -757.53678559462287      
21          -3944.9334890073446      
16          -2343.3376016339084      
19          -1722.0973969852414      
4           -56.996568855572377      
8           -842.64442028610836      
8           -70.470811928877822      
6           -157.7009608426861       
11          -422.57193640666793      
10          -1736.6315666719333      
12          -973.32951944124568      
9           -396.48792049394029      
14          -765.49454573983212      
9           -2256.5312294837436      
6           -366.32035134001092      
18          -1754.2900886299369      
8           -546.41947650409577      
9           -513.45908685204415      
6           -220.02699115581973      
