470 1 -4127 35 35 35
5           -49.685511886844736      
7           -308.87191030004936      
12          -108.40241564506724      
10          -151.20661575766209      
8           -154.83931915546233      
9           -509.9770372626034       
6           -102.26889348903644      
8           -81.14493950040081       
10          -176.68546689771017      
14          -942.20854925312403      
22          -1174.4086460985006      
7           223.44867829000603       
4           -9.8307252486141401      
4           -3.1366041475410875      
7           212.20491450439866       
6           -260.8241823230191       
7           -111.17286665543003      
14          -665.05227247144978      
10          -375.26111378867387      
10          -441.49351420141704      
9           -220.23004916727345      
6           -11.590002149289338      
8           -279.74371201530045      
10          -297.76595860476522      
9           -83.034463131621337      
12          -938.0863229124202       
14          -850.82968737527813      
13          -896.98585826671365      
12          -357.38490554548821      
6           -85.688383074935587      
10          -304.51988461341097      
23          -1608.8211101990134      
19          -1507.1533258223903      
13          -472.65485163847393      
19          -325.15446802665332      
19          -1148.5399676298025      
12          -506.26823457634868      
9           -137.39006709969294      
4           -73.70049949760606       
12          -488.97956207385204      
2           -0.78415103688527188     
14          -654.05700083130682      
27          -2367.8944712690677      
15          -1268.0082803528671      
18          -2046.2425395770827      
15          -798.98276768341361      
5           -4.9009439805329498      
11          -610.05323937602304      
6           -551.83610407333333      
9           -398.21592546897392      
12          -832.16482595440402      
5           -4.9009439805329498      
4           -3.1366041475410875      
9           -56.391929099813737      
12          -328.32915088598492      
4           -9.8318287058786638      
12          -318.38700374072505      
15          -917.92780291225768      
7           -35.321231205280576      
6           -169.89738718640189      
5           -8.263144589555699       
10          -466.55443065334731      
6           -12.095794668052999      
5           -67.119070248066478      
14          -586.63099625346103      
17          -1196.1839935089586      
8           -14.72888698689137       
12          -575.00701684985529      
8           -161.00045712020068      
13          -431.77506363764616      
3           -1.764339832991862       
15          -477.66290213751665      
5           -32.905936923085427      
9           -241.02489790499379      
10          -185.53758914202299      
8           -130.35341318957808      
9           -191.05064002653475      
11          -378.93099532462975      
14          -733.09950403640528      
10          -490.94514350542244      
8           -24.850048893888221      
6           -103.13939657303824      
6           -70.798926387114193      
8           -86.38882695610377       
8           -86.626476685847251      
8           -235.32321813851635      
2           -3.7379532699248248      
9           -298.68097745037448      
13          -484.2755815888417       
8           -178.90481291414503      
13          -434.36584404372957      
14          -651.8404353482573       
11          -223.02998804606736      
9           -273.48011546222995      
6           -52.200791157498564      
14          -415.71681033733535      
11          -337.69652617970098      
6           -158.53808359978623      
10          -136.24989199511273      
7           -215.54740653667542      
10          -591.15405619806779      
