470 1 -4127 35 35 35
16          -896.2956419355711       
9           -301.13688852443039      
10          -503.42966717371712      
9           -494.96799781248177      
17          -1127.6416825265051      
4           -4.6255972829267362      
13          -557.79463232577257      
9           -28.914642616982782      
10          -412.76274925160169      
9           -216.69097078003549      
5           -10.882035865370097      
7           -94.728786921284268      
15          -767.41944162201469      
11          -155.84163040600205      
10          -600.46521936147269      
12          -920.98359973895992      
19          -910.01217688690645      
12          -647.26242139412636      
15          -868.7136099730925       
12          -103.70619888935711      
12          -311.5009107526588       
7           -74.993267038169662      
7           -24.829441283063915      
7           -28.974137255833995      
4           -3.2377741778881557      
6           -8.4657103544614891      
11          -317.10886387025676      
6           -246.1010925603718       
8           -24.765806580245115      
7           -176.49806305929965      
8           -73.850804410139077      
7           -38.47681267084532       
6           -240.08582135239823      
5           -25.338233224178033      
8           -154.26050611973415      
8           -62.408378907304851      
8           -113.16410213485119      
4           -102.17152355057969      
6           -146.56267653670136      
8           -347.37453507240485      
6           -123.07053966765309      
7           -60.40205226273337       
4           -192.03074498882549      
16          -597.88179001719584      
12          -320.54007088258879      
5           -16.439915602342889      
9           -543.4092908637557       
13          -569.99137967815693      
9           -207.72532637029502      
4           -8.0145035314474278      
16          -1086.0052982542604      
11          -401.57902218684296      
7           -341.36388061416022      
7           -113.1444662654138       
12          -559.14370530032727      
7           -51.967567729559626      
8           -114.29543954417829      
11          -469.92015496721996      
11          -381.81614469632427      
7           -159.15664169488133      
9           -276.75989825497169      
9           -478.22069329690316      
8           -214.52907388408275      
9           -324.22703538716837      
5           -5.0590221529502433      
12          -571.11268462085286      
7           -139.68750529748954      
10          -654.86936922668554      
4           -23.348155708894843      
12          -464.6651280092043       
11          -310.62344381374891      
11          -518.62454290499556      
6           -19.334962564810802      
14          -812.14206429814669      
12          -432.19451427215574      
3           -1.8212479750620876      
13          -369.68851162864553      
11          -71.233107647118985      
9           -376.92767554728994      
6           -47.08125149386553       
9           -393.78553669481181      
8           -299.29670721113001      
6           -36.147562849414527      
9           -322.2605971663678       
10          -180.1174650731362       
12          -495.61434884453524      
18          -701.28098562991181      
7           -24.400784282474639      
3           -32.858092534117795      
7           -163.09169745382422      
9           350.79336889600864       
4           -5.1164735037095905      
8           -307.16561568882543      
13          -421.46760908386108      
5           -13.188880356004438      
8           -246.01574223201899      
12          -400.66871166721239      
15          -752.60287974767732      
12          -757.7583215044383       
6           -12.769488292168939      
6           -7.2849919002483503      
