470 1 -4127 35 35 35
5           -11.876876611679018      
5           -51.801501247661285      
6           -187.34703376611841      
6           -71.381036980189336      
9           -314.31897050150866      
5           -137.30556893025033      
16          -992.51873830011164      
11          -408.54181002365544      
10          -136.94523949254329      
11          -606.57510592923097      
10          -248.21442717144384      
15          -1288.9440819848166      
13          -419.7804728253783       
4           -282.36984382633921      
8           -130.81974467919011      
4           -116.88284119494023      
14          -1044.2781048591619      
12          -669.57669876631951      
13          -691.0336619353086       
9           -304.18673673671498      
12          -416.67187849904093      
12          -522.12764113468302      
8           240.00817985091604       
15          -788.20883069744491      
8           -34.191958466268041      
8           -87.852952913396379      
10          -483.35483745875956      
4           -3.1366041475410875      
9           -365.76396199845033      
12          -287.80064837409111      
22          -1566.5779095423886      
14          -586.25616124533872      
8           -369.14504196847435      
19          -1415.4380607188216      
7           -131.01844990849506      
7           -150.99804919621445      
6           -113.73433297974474      
10          -350.36241453047376      
10          -343.38874966729497      
6           -123.29460526320348      
2           -0.78415103688527188     
7           -110.42368717239913      
7           -105.91173125514376      
12          -581.21696824537128      
10          -455.53074626886286      
5           -126.6217608910589       
9           -452.40848682850077      
9           -412.94115830136838      
7           -141.68576184211747      
5           -14.219880593320191      
3           -39.487670268679139      
8           -134.12803069501061      
10          -392.44843930389374      
8           -74.926995804540354      
8           -125.08548288582489      
5           -24.245325205270113      
2           -16.097066735292344      
11          -371.20888878892106      
12          -579.07553462232147      
9           -266.42424948900026      
5           -42.205607094403433      
10          -178.69031129331762      
3           -7.3404386590762583      
10          -204.31198946971546      
9           -257.72109455177048      
8           -193.39517373259847      
13          -845.74457050702131      
11          -345.58981374973524      
8           -62.566734993977128      
4           -3.1366041475410875      
5           -52.884815946819451      
9           -28.248242661721129      
5           -4.9009439805329498      
14          -538.40183015690184      
10          -467.22179442643426      
11          -519.26734699767201      
7           -161.91262282870181      
4           -6.510788928558048       
8           -111.48874413088916      
12          -411.12983653501061      
8           -328.38574292493888      
4           -135.36800707307989      
9           -344.44472031196995      
8           -113.35097417170908      
22          -1665.4711704425652      
9           -99.188988521664498      
9           -117.67649105169842      
8           -404.69220406324968      
7           -81.26152932755582       
4           -5.1559077789014136      
6           -534.2705251498237       
10          -297.97308606675705      
10          -189.38134334943837      
7           -93.639530851945381      
5           -8.2561814741022097      
10          -181.9989294136673       
13          -561.75585488754166      
10          -310.16353888687479      
14          -322.28905571251198      
13          -741.65038729759817      
7           -134.57850574517934      
