470 1 -4127 35 35 35
14          -3513.6009639509166      
10          -3024.2358143150304      
4           -29.106367202062053      
9           -2381.6609432214809      
10          -2333.9139575935633      
7           -673.91269846776254      
14          -5463.4184704210456      
6           -918.33548097983726      
12          -3563.4811867843878      
8           -755.44613245306743      
18          -4466.1127432377061      
11          -2629.3855370686329      
6           -191.57078441782573      
11          -1227.9098693107348      
8           -1074.3091754122893      
7           -2287.5083051937645      
16          -5469.0389154019567      
16          -5757.1040352203654      
9           -786.26793394796402      
8           -1060.3504308042757      
8           -901.75756477615653      
10          -1310.702936921615       
10          -1031.1050139732395      
11          -3202.5373204688995      
8           -1368.6605515996357      
10          -2384.0864823522697      
12          -3922.4041224263246      
10          -2798.6163388766499      
19          -5045.667858824213       
6           -746.95850455332618      
11          -1730.6088141523674      
7           -1056.6602876004017      
11          -3240.8713529426263      
8           -265.61474184386032      
11          -1297.0235495520462      
13          -3055.2306428796246      
22          -7179.6062560292603      
11          -1870.3356131720809      
6           -2377.3347247283768      
9           -1689.6219565837409      
10          -2270.6578574161358      
9           -2001.3995421971508      
12          -5843.4778635201437      
17          -6453.7731281504048      
19          -8181.8735432533103      
19          -6391.8173591796121      
14          -3262.6112267425087      
13          -6032.3752998869595      
12          -3094.5562262565718      
19          -6074.4900864233887      
8           -2135.7807181177491      
8           -695.35967450969588      
16          -3194.7935221285511      
14          -1681.613630847547       
5           -196.43561563784036      
7           -1314.1330645111057      
6           -601.26254420378359      
11          -2363.9552309316905      
17          -4144.674493313054       
10          -4164.1554371797365      
18          -4681.3911040408129      
8           -1197.3266600521256      
10          -1171.041799857888       
10          -1157.6443575718536      
5           -239.91930723141047      
8           -796.75302560693899      
6           -838.55619875417517      
12          -1893.4899423536745      
8           -1253.8751883052553      
13          -3547.2305374366283      
13          -3353.7087189742897      
8           -2409.2901684326403      
12          -5510.0722902402867      
10          -3848.1502071251707      
1           -1.4415847455985695      
11          -2723.134980913158       
14          -4268.3184398761787      
10          -1689.1955967606175      
4           92.920221474573168       
3           -12.974262710387126      
9           -880.93375117769051      
18          -4283.4119310867982      
16          -7158.7411994661661      
19          -6826.6743514120026      
12          -1205.2949039216326      
15          -2554.0781466580174      
8           -1091.3674367706924      
16          -4100.8704461849466      
12          -5332.4976564266608      
12          -2511.9304096311639      
9           -1409.4304288354201      
7           -637.33065259071236      
9           -3505.1170211066324      
3           -12.974262710387126      
7           -348.4077147160794       
7           -1035.8565078555332      
13          -1939.8495471503838      
11          -3381.1392534629999      
10          -1354.3330489175128      
9           -2947.7894419856389      
13          -2805.6114763787646      
