470 1 -4127 35 35 35
6           -53.448029533423544      
8           -144.3006890348355       
7           -81.748639090563913      
6           -129.70045398017737      
10          -3070.2944534655348      
9           -2725.8866345462138      
9           -2241.2453719236914      
8           -1914.5765424825677      
6           -629.09033301935699      
7           -863.06650110065095      
9           -789.55595570753167      
14          -7340.1526281931237      
8           -328.02839927799488      
7           -807.47497105674336      
15          -5136.4522116930448      
12          -2386.7480860471228      
15          -6305.275502812945       
18          -3921.652843190268       
10          -744.9879005601515       
4           -22.754481142626439      
5           -351.95377866316255      
3           -778.28952280552892      
7           -1366.8259237387679      
6           -64.909831015190804      
13          -4095.2398923070873      
13          -2436.6920204775502      
5           -39.70927203916748       
7           -959.10973898187922      
13          -2982.3748715896095      
12          -1978.1462406240648      
10          -2386.8904953861115      
3           -21.093378333972471      
12          -2023.0416687679067      
11          -509.12397424619877      
13          -1649.7553150266394      
9           -1375.8641778730375      
16          -4821.4514885113804      
9           -2763.5900075080062      
9           -1458.7629055458549      
7           -246.71254633597266      
3           -642.77442131722955      
10          -1184.0671616376244      
6           -1144.568435220848       
6           -103.94745580156257      
4           -638.37752288830745      
6           -173.04969459563154      
5           -283.07546867254325      
8           -1110.9738423415988      
5           -1102.7736862761144      
10          -2242.3207538730121      
14          -4475.3897324098807      
11          -4560.5733076353672      
8           -530.51552925864564      
7           -1290.4491367385338      
12          -2086.1443060298479      
9           -795.5279159661518       
7           -2001.5650627126083      
12          -2730.6915411796972      
13          -2851.5776089301216      
12          -2439.2441755164309      
16          -4682.286161937981       
8           -534.64663408882654      
6           -486.6840146083166       
8           -783.40718180419856      
8           -740.56697919792862      
6           -108.89259138483898      
8           -1340.8926791377842      
9           -1725.1264645587496      
3           -12.799395642727369      
6           -651.16227903693618      
11          -2168.6151462749485      
5           -312.85811636786411      
8           -1144.4908962680499      
4           -32.49664808274855       
12          -970.92419314813424      
17          -3671.7984140920644      
9           -1435.3555472988321      
9           -853.64590707671982      
6           -1797.4613876848218      
12          -3843.4368632946362      
8           -864.24942420033256      
8           -1754.4540522941929      
12          -5377.7479167301308      
11          -2317.6141735424039      
7           -2037.8039283449875      
5           -681.87728791151824      
11          -4962.6416531745754      
14          -4504.4031060007528      
14          -2421.2284309328538      
6           -376.78297373310329      
7           -468.82285231775847      
9           -410.14364355311682      
11          -1978.7139244047912      
10          -1253.8686855949236      
17          -3928.0373810555175      
6           -615.42047874520426      
12          -2163.1353911943697      
6           -502.11748989679165      
7           -1054.8233675714609      
11          -3057.9656547579839      
14          -3690.531599662293       
