470 1 -4127 35 35 35
12          -2135.805536252758       
12          -3979.2463368637059      
3           -85.50899350240158       
11          -1145.5781380007847      
15          -2349.9331823155062      
10          -836.5793115180893       
7           -1695.9806983970016      
14          -5562.9866005391395      
14          -3833.1363410730232      
10          -1089.5557964709913      
4           -815.56604572383662      
8           -1760.9725384723397      
11          -934.16969967569264      
9           -1596.0411987910147      
13          -2696.7559783473298      
16          -5576.515735069097       
11          -2173.2291079822526      
5           -469.00048878347053      
20          -9735.3113345444945      
4           -22.754481142626439      
4           -22.754481142626439      
9           -3327.9817329366792      
6           -633.75188330257413      
7           -598.49586543433088      
8           -440.93153234016995      
6           -51.197582570909475      
11          -1811.0245868639186      
13          -2476.5887025411002      
14          -3251.2565620552405      
9           -2676.8083141669695      
10          -2294.3795581418376      
5           -1231.9420398676784      
11          -2178.0084083026818      
10          -2608.3486098948024      
6           -1669.5621159135637      
8           -1097.0200148642257      
13          -1663.4111897081107      
8           -369.26255847606251      
8           -1374.8629178232561      
5           -38.670869404008606      
8           -215.54044125041173      
6           -1201.4781394812974      
5           -409.70009802158779      
13          -1163.9046051301032      
4           -25.254816063709807      
4           -22.754481142626439      
9           -953.20312345938623      
10          -983.68587012973444      
5           -740.4280684362102       
4           -22.754481142626439      
10          -1738.0161512594175      
13          -3720.5304884065467      
11          -3139.3081100092882      
10          -2516.4631905583306      
8           -2172.9976203154974      
8           -1591.25282303988        
7           -1176.2188190942038      
7           -2639.7329466427691      
6           -164.02337379959937      
9           -1392.639039480948       
8           -1156.2043387365893      
16          -5943.5431310007143      
7           -943.77418656243583      
5           -62.830406580650241      
4           -881.69221490088592      
15          -6501.3957684080888      
8           -630.64893929120785      
1           -1.4221550714141524      
12          -1517.0896140616874      
14          -2633.3513192450155      
12          -4038.5850688945138      
9           -1628.4183740387577      
2           -391.0683143442476       
12          -2348.5734781099268      
11          -1763.4916609740658      
14          -2059.8323802789246      
12          -3780.6140504476557      
13          -5369.8802507980809      
13          -4402.6631273110652      
9           -1182.844478502233       
5           -96.998755523002473      
11          -1781.5976236242095      
12          -3410.0969839041786      
15          -3371.0875395540634      
17          -6924.7500794298521      
5           -903.85664992045088      
13          -2547.5105956190873      
9           -3681.5018356343371      
7           -660.82170676600845      
7           -2407.636191779719       
4           -22.754481142626439      
7           -1930.4570099559428      
14          -4374.6066372084088      
13          -2205.7310532531255      
6           -202.47646171265538      
12          -2259.5155101324153      
12          -892.48209534375439      
7           -1487.2151833380983      
9           -1104.6078051448847      
11          -2045.8743117139152      
5           -246.77109427220773      
