470 1 -4127 35 35 35
14          -3533.6478368636458      
7           -415.00146232684415      
10          -2634.8589709384914      
10          -993.44096928825081      
7           -948.41117863237582      
8           -378.67253284174024      
15          -1799.6753962505722      
6           -2090.3479415515508      
13          -2169.2120202789001      
9           -932.96697289799886      
6           -52.429843985310875      
7           -1081.0860282743486      
10          -1869.9405121736204      
4           -95.842670439613983      
5           -508.92907176043485      
2           -59.761714059362212      
9           -1293.7347980416007      
7           -821.41701171988291      
10          -2190.8115259699666      
8           -1584.031202889169       
8           -919.81324794878583      
11          -1130.2650686664049      
8           -889.85558268681234      
9           -1411.5032742550407      
13          -1273.5250458499791      
6           -206.02783775167399      
18          -5280.2513973571631      
7           -507.84484393234652      
9           -1368.5390154831459      
8           -122.42568437458453      
14          -3435.277085068893       
12          -6117.9971208451698      
6           -601.11733410190493      
12          -2425.0897493324019      
9           -1980.9038979106231      
12          -1316.8843376322793      
7           -1006.016683752347       
6           -412.67029890454887      
8           -792.34169188870101      
15          -5222.1300224678544      
10          -2411.3097539890737      
14          -3511.2159270983275      
6           -90.772355372044501      
13          -3694.9531122444264      
15          -6254.1318068943156      
10          -630.06289147263817      
9           -2655.9660635998171      
2           -5.5920578388213498      
8           -1558.2610607774091      
10          -3320.6260577696621      
5           -892.62790650363422      
13          -5844.8857175544317      
12          -3783.8891270394543      
11          -1931.7745873348133      
6           -53.829059960777371      
5           -460.35814439917363      
7           -126.28202668562514      
14          -3026.7827107879698      
9           -355.42429778106833      
5           -735.37886825088026      
6           -1897.2289375082819      
18          -5779.5901947751818      
15          -2765.0827641565215      
6           -138.03400524296438      
7           -556.12898237279308      
8           -1155.3483982300695      
9           -328.87465007382866      
14          -3809.5443492111076      
5           -424.41724888094814      
4           -331.36920231423022      
12          -5435.4405028780029      
12          -2540.7354162191004      
14          -3346.6698647528192      
7           -686.86050637441133      
8           -1381.0871153730182      
4           -389.12997428415531      
8           -2262.8725356944651      
10          -2038.2767971553376      
4           -1189.9918037419345      
13          -2011.5316440788811      
17          -4645.0002206694426      
9           -1069.2195096529906      
12          -3230.1427071246667      
9           -2038.372439888597       
9           -292.62094739594011      
10          -3234.2335949519083      
8           -1738.6375684333404      
12          -2653.6170903752272      
9           -1813.0754540088749      
3           -316.45242316800028      
6           -134.26521758496753      
11          -1060.0029846606171      
12          -3513.8655292203766      
6           -521.59010480967459      
9           -588.68174679396498      
10          -1274.3375609543489      
7           -101.40545049352332      
18          -5532.5057873269516      
16          -4843.4123989693544      
13          -3711.5350912101617      
16          -5411.8660924819023      
