470 1 -4127 35 35 35
5           -731.78732766477469      
9           -859.36364769399802      
12          -3098.2567310224836      
16          -7604.5431252354174      
13          -3823.6799987627901      
5           -37.034102662321153      
10          -1317.7882499733889      
9           -961.49637038729111      
9           -1771.477407836667       
5           -993.10675251212717      
5           -200.92109012812466      
13          -2257.0241354539871      
4           -27.131244856321192      
13          -2618.8528955767429      
9           -457.54672533876862      
14          -2712.6115904412177      
19          -10018.535181418345      
10          -862.88546107754223      
13          -4645.9383198620853      
10          -2725.2284105991912      
13          -4921.4749895388004      
11          -4316.6720602250125      
14          -2995.4185724807994      
17          -6471.440293333987       
14          -4234.0291609607675      
7           -1967.3203775177167      
11          -1613.122273407786       
4           -32.444125181901256      
10          -993.8657455709731       
8           -1322.8424013420433      
6           -587.00040695729615      
9           -296.46160734665978      
8           -933.51651917072491      
7           -1553.9037126416226      
6           -1275.7080529618631      
8           -715.9377458448763       
10          -2248.236374456023       
16          -4942.0870491691458      
10          -2122.1958289352133      
13          -2265.5407887407455      
7           -1187.799733666021       
11          -3284.6897165211749      
2           -5.6886202856566097      
8           -1595.6481560123063      
8           -1206.3539839037514      
13          -1307.1249322767271      
3           -12.799395642727369      
7           -2013.4996581499574      
13          -5160.3344804828375      
3           -51.77712084595516       
11          -1412.1868605926675      
9           -357.58851366428451      
11          -2067.1734085913627      
16          -4667.4505037111649      
13          -4808.1597714606196      
17          -5527.8443704095744      
6           -192.31514480731846      
8           -1190.644580218971       
11          -1728.7789299440838      
15          -3596.0956575749992      
6           -845.43084241696511      
10          -836.50225452740301      
13          -4904.3868522287594      
9           -2073.9185140574032      
10          -1290.2156614080557      
6           -2066.5365854672891      
13          -2483.6181385668679      
10          -2472.4068656454297      
7           -924.4106246357361       
8           -747.36209081399988      
6           -328.26809046301503      
9           -2022.392967491802       
6           -972.23333469775059      
10          -2573.7648442993896      
11          -3039.451646375684       
10          -1313.8528007542611      
10          -3124.8187102000666      
7           -554.3938118621403       
6           -381.68100791822758      
8           -857.90178180767498      
10          -2487.8739810682332      
8           -929.66158604048053      
7           -1080.2057284753928      
5           -690.92644879691818      
5           -288.59837589472698      
10          -2933.905856768889       
11          -3709.103947560347       
4           -39.553639126464191      
7           -333.82747784993791      
11          -2230.5789952415048      
7           -3391.7841784483908      
12          -2276.8497176448968      
11          -3701.692988533187       
10          -1272.1718872332708      
7           -909.75553299994317      
4           -22.754481142626439      
13          -6450.5405348031873      
14          -2675.5214974976684      
19          -5423.0359393938215      
8           -1252.7552922082818      
12          -481.88667010253283      
