470 1 -4127 35 35 35
10          -321.63917933485192      
15          -1246.87203816796        
5           -13.6531847203377        
8           -659.97255147409703      
10          -917.61087863084413      
9           -975.02260213067245      
11          -839.14216844830867      
8           -962.20354061493583      
5           -397.09514817675597      
11          -1053.7680545833625      
9           -644.52992395825538      
8           -442.27918623486119      
8           -380.71829702945655      
10          -988.70068263784276      
8           -604.38004097210887      
16          -2180.5727837012437      
10          -871.11890680148883      
9           -667.71258317003435      
8           -168.99436631673672      
16          -1666.0083183676413      
12          -748.38770716181659      
14          -2118.8018380281592      
5           -721.25491081502355      
8           -289.3298053747165       
12          -758.27033502637084      
11          -926.65699659374968      
18          -3461.0319055312375      
16          -1202.9870501931787      
12          -1124.2332656004114      
13          -1616.2659128297691      
6           -54.681967134481482      
13          -1409.2038960407535      
8           -119.62622297925149      
10          -57.826589655051535      
9           -1082.7376218316376      
5           -511.83419412717012      
10          -2079.0779420599474      
12          -2130.1066499234034      
15          -1211.8120195825472      
6           -41.429701368095095      
10          -29.705535001935306      
9           -1314.9779738421016      
9           -284.62705849602236      
2           -2.1845095552540323      
11          -472.37760947196136      
14          -1263.7506072284266      
15          -1784.8070037266698      
2           -2.1845095552540323      
9           -391.35741832148716      
5           -13.6531847203377        
7           -44.955810541400922      
7           -922.56295807931031      
13          -627.96240533536638      
3           -4.9151464993215725      
9           -755.64596186906124      
14          -826.51330494713022      
7           -509.73144377647895      
12          -1636.887122995453       
14          -2000.2700039199042      
7           -368.58785493111606      
4           -120.80127062847181      
7           -449.85229928089387      
11          -1331.1923884736427      
12          -206.50253915777463      
8           -640.96584011642722      
7           -669.9786698030116       
15          -2126.7793653218505      
10          -1248.6718994239752      
11          -1152.6015590813718      
5           -131.07612914789027      
4           -25.796896201438447      
10          -1079.9136418772155      
14          -1799.3353867593471      
12          -716.34419081900489      
9           -779.98478483031511      
7           -238.41930206200919      
11          -775.44119903322496      
8           -1088.3035017681359      
15          -1541.2494360332748      
8           -658.13788556390978      
13          -1063.6361042486044      
8           -701.17653773590064      
7           -122.30635775235299      
10          -739.45125689634131      
7           -249.91818103089651      
7           -98.703359040044916      
7           -602.08654145273397      
10          -700.56371188102173      
6           -77.148252152058149      
14          -2535.0535493422872      
8           -119.39796856524802      
12          -524.54993720902621      
8           -173.54405306277715      
8           -285.88217990615129      
9           -93.00121670585105       
10          -902.15204205532837      
12          -182.57447236040792      
12          -824.75803911848857      
7           -99.491148723725132      
8           -995.51778338586337      
5           -164.07770168621292      
