470 1 -4127 35 35 35
8           -779.01511394546833      
8           -355.44494595851836      
6           -391.55803048648306      
8           -1276.34522289963        
12          -1187.7937778098121      
9           -539.74886730575076      
14          -1225.024861191341       
13          -736.7082535068381       
13          -1041.1734048538835      
7           -72.574842919071529      
22          -3003.5980089143195      
12          -587.28612742967402      
11          -313.62887507601312      
9           -32.629992626795904      
17          -1484.1624206458787      
17          -2476.0183966392096      
4           -85.483062462930505      
13          -417.73236579873122      
7           -213.0647353575024       
8           -534.7791609659065       
7           -466.71763171726326      
13          -1357.3196354266881      
13          -1389.985720010736       
9           -655.39095177715637      
6           -264.22927288839492      
9           -998.51372998792112      
8           -338.35790774534223      
3           -5.8514819637609143      
8           -305.85682514368762      
6           -39.45724077851883       
13          -1411.2292125247243      
17          -2454.739881323615       
8           -287.37069658391613      
12          -1138.0272608526861      
7           -508.23029719308414      
3           -4.9151464993215725      
5           -258.66085911589295      
7           -710.3446185125548       
10          -529.42800082380643      
13          -973.2612737998686       
12          -807.63585382583017      
10          -849.52791394923736      
5           -13.6531847203377        
9           -97.127119627047108      
18          -2384.1708513030067      
10          -1350.8407787729609      
13          -441.24935220244396      
4           -8.7380382210161294      
7           -350.09803959285171      
10          -474.83698738398527      
5           -92.480431559897184      
11          -324.20130502864106      
6           -513.04582999982711      
7           -87.920797225849824      
2           -63.081035506759854      
13          -2602.3985916235988      
4           -15.134494232444345      
16          -1548.6799081384215      
4           -412.40347211432453      
9           -597.44912740714346      
11          -361.7933919872728       
5           -13.6531847203377        
14          -1295.7354146627031      
5           -73.895577357669623      
11          -573.07264611468122      
8           -314.16589260062847      
20          -1870.0407576272073      
14          -1408.2309788931257      
14          -1056.9578943450201      
8           -794.76946365115509      
8           -387.51902905224711      
9           -681.50953665822362      
13          -335.64399517283869      
8           -378.78061059534429      
9           -866.81172395384635      
15          -1320.4367707014969      
15          -940.88474109983474      
7           -221.66475302551027      
8           -1065.6295353981782      
14          -466.4202558532225       
6           -730.21656072200688      
5           -105.45716037401998      
10          -415.15347921443038      
13          -1024.9707944478948      
7           -503.63073229578339      
16          -2536.7447586404305      
5           -37.794499905224491      
5           -26.228432551260767      
13          -1141.1327496045435      
8           -94.655989179150083      
8           -1107.2541829690172      
10          -1669.1829020363427      
8           -354.05205729190567      
9           -395.59515436322357      
6           -363.12929187445081      
14          -2311.8615221875257      
6           -504.55820073939321      
16          -1642.5195228694743      
16          -1684.9550648515687      
13          -1476.4604369926174      
10          -302.14557258362026      
