470 1 -4127 35 35 35
10          -610.86474824976733      
10          -387.45501921190709      
7           -46.798355852346006      
12          -506.42587439318669      
11          -959.64917183833745      
7           -313.48243801902782      
8           -170.00751354374495      
5           -269.87092129249947      
7           -159.218889685254        
10          -785.79284759259804      
9           -667.76161130719447      
8           -480.2348881539931       
8           -178.9149306537609       
4           -40.705028530647553      
8           -327.89430920677796      
15          -1572.7275660938565      
6           -66.97955622896319       
9           -203.82842979359248      
10          -386.94740743500898      
16          -3237.7460858646573      
5           -282.31404140317574      
12          -351.14682271771323      
5           -429.34843350596486      
14          -1287.4136919848736      
8           -222.93026940393787      
4           -318.88929130789336      
14          -1268.1280493713971      
15          -1024.7186893870316      
8           -555.67058108068989      
16          -1734.0341125664065      
12          -1423.7400357349829      
4           -37.986266382627988      
22          -3108.0837719889905      
8           -650.76581858628958      
11          -1203.5283990397934      
9           -726.60625748886298      
12          -820.22175130679784      
5           -37.593647528411537      
13          -1321.3100556876823      
9           -260.43002151778126      
8           -322.49610947280576      
6           -205.21093886082275      
7           -322.30088148894026      
16          -2021.5719603521304      
7           -434.05874381335548      
11          -1832.4358654622083      
14          -1912.1697066759659      
10          -213.72204701235341      
4           -149.91828754476273      
6           -35.628382606448845      
13          -1252.1757617841465      
8           -544.30867974369482      
5           -48.757489500694419      
20          -1902.9412576406455      
11          -751.61691991572388      
10          -1159.0501875188577      
11          -360.32328549496179      
3           -4.9151464993215725      
12          -878.47367745240842      
15          -2742.8069659442217      
8           -868.92698568578635      
5           -16.436025928311157      
5           -105.01643432081259      
7           -935.03187412478621      
10          -1342.6262625257064      
11          -1762.6667369150784      
11          -699.41046445572078      
7           -304.60274898932647      
7           -297.39095597072117      
13          -725.73845661648159      
7           -456.32416390049514      
3           -4.9151464993215725      
13          -448.02531717697877      
12          -1555.230102773236       
13          -1072.963338480753       
4           -51.588045677194174      
8           -287.89371221681051      
10          -1064.1267111345614      
10          -741.97279196243005      
9           -462.5931383734312       
10          -212.41449629838993      
10          -958.49810542114653      
11          -472.40741116989039      
7           -400.77650798043334      
8           -806.94006736793324      
17          -1853.2256387639873      
7           -331.00409130185272      
4           -8.7380382210161294      
7           -343.97762159616957      
4           -10.810860918546442      
10          -1285.0355754873674      
9           -424.87035499286571      
9           -478.3451708324273       
6           -24.3207591541954        
15          -1662.3374302146119      
11          -540.36213175687521      
13          -863.24764276581277      
5           -151.02869520459046      
16          -1670.7220773331562      
6           -310.11473338115991      
12          -1295.1145312756826      
