470 1 -4127 35 35 35
21          -9812.5785577419338      
17          -8452.6208830260293      
6           -182.35272788630564      
8           -2836.6540097219172      
12          -3558.756468212307       
22          -8589.7345603168651      
14          -6808.7968201275708      
15          -2917.6697005606579      
6           -200.54265952933054      
9           -2015.0437081052107      
11          -2118.0020700172945      
14          -4214.2986413133103      
16          -5804.7704543324235      
12          -3552.9213194696113      
12          -1878.4088691052052      
12          -4587.4701309030361      
9           -1356.7795668826029      
10          -603.95535591186103      
15          -7300.8026243976828      
13          -4975.9176908378286      
13          -4770.1849837878799      
6           -217.1515104362355       
8           -1808.0636591797768      
8           -1100.702929455892       
10          -1597.5419327002669      
13          -3622.9333282043981      
12          -5406.7094147956204      
8           -2703.3982750753021      
21          -9693.4640340412916      
15          -4019.777200973454       
10          -1153.2735217106272      
15          -5245.1934994342337      
13          -2366.9063885951359      
6           -814.4656922957231       
10          -398.95238527154845      
10          -1243.2790960173083      
7           -149.06552311812999      
8           -685.00313964246902      
12          -2421.9917781565232      
4           -146.29156844336538      
17          -5081.3829750371133      
15          -6744.7198115934352      
14          -4623.5660716658158      
13          -5678.1081240388394      
8           -827.53073958899938      
17          -6940.9540324439822      
7           -399.02976298309943      
12          -3184.7744856033346      
10          -2805.7731045541227      
9           -1993.7613896081289      
10          -919.65426819427739      
5           -154.15093733428139      
17          -9778.8496004685676      
4           -71.397188310761067      
7           -69.357425992740914      
24          -7858.5410696403542      
15          -2738.592434604851       
10          -2001.0009785259952      
4           -24.514204182996632      
6           -804.70326076106255      
8           -819.85692034503643      
12          -1860.4432390136872      
8           -2337.9900581231341      
8           -1162.2145727653278      
7           -1489.7308508031431      
6           -1522.1852401050721      
10          -1724.5168475721055      
6           -103.98062851905551      
6           -658.02516011356272      
9           -550.73170077378313      
9           -1755.5998357671533      
9           -1718.9521244965183      
6           -3384.4643914843723      
13          -3557.3929471472943      
10          -1851.4193187975204      
7           -1047.7006498049777      
10          -2913.7824826410206      
13          -6045.8670576798713      
5           -629.56311872385959      
7           -1550.1697327390141      
20          -8303.9850850644452      
8           -2575.4281430723972      
10          -1939.0159518926607      
6           -343.79367645727041      
18          -5022.4454218067858      
10          -1630.7359234491057      
6           -254.45746963344072      
8           -1697.7386133724963      
8           -413.38371057635965      
6           -202.67408158425852      
5           -880.98298282296764      
8           -666.02302552887966      
10          -1584.6516829007203      
6           -271.28120719011781      
10          -1745.7093659817062      
15          -1388.4690213123563      
9           -875.81940849263628      
12          -2524.1624690289418      
25          -12328.498777221801      
10          -1441.0929558372159      
11          -4423.3679546764433      
