470 1 -4127 35 35 35
7           -43.340197196208265      
17          -671.55482622162435      
10          -55.057359045129822      
12          -540.67423640092011      
6           -19.103346225014171      
5           -18.773525247441068      
13          -775.43659068150157      
14          -562.1105544113168       
10          -369.52475007671569      
12          -826.40601727197213      
18          -426.86631954188408      
7           -241.6175818747121       
10          -386.75940596748666      
9           -263.24913516799768      
12          -410.02800741093529      
13          -733.88475060735141      
10          -234.37616879481479      
6           27.619130779734768       
12          -169.5202343445165       
15          -955.94027546123152      
3           -67.175054799967455      
11          -96.547665241137835      
15          -1173.5377064004142      
12          -331.18691518578657      
9           -215.34178422763898      
5           -289.64194576077307      
11          -440.72834333245589      
9           -320.149826752612        
10          -381.04777977590498      
10          -475.56653409738698      
14          -619.86437150230745      
18          -586.09859658521066      
8           -147.21701601922345      
9           -603.50211016604931      
14          -1040.0667130334261      
16          -612.88337754886174      
11          -343.13525887850591      
11          -276.05566797177613      
10          -640.52827555541285      
15          -432.09562364480365      
17          -1213.1566432030256      
12          -432.14712279855496      
9           -205.7983836737157       
12          -750.40391454620089      
12          -320.01734004359082      
5           -5.0590221529502433      
11          -713.93460319466431      
14          -338.86950685046429      
9           -379.74850953716208      
23          -1495.439853056376       
9           -441.356644838948        
6           -281.66126141860701      
8           -114.41412601460615      
10          -307.43638367617655      
11          -158.59461631534973      
7           -73.230001891127557      
7           -57.172096624257883      
5           -136.5262491468126       
3           -3.3852408835176027      
13          -247.80499669942455      
17          -1377.8151198649487      
8           -132.26100720970535      
6           -197.51044723771588      
6           -11.463536068063338      
9           -405.92304572924212      
14          -543.0009820088161       
12          -598.11164639694402      
12          -375.94854096015013      
8           -272.60435370801912      
14          -181.44182995793065      
13          -660.43788824143871      
16          -1065.9189686035093      
17          -1255.8260209354139      
2           -72.009325560023711      
11          -76.172956000961335      
12          -384.98061191164197      
12          -530.03533124375281      
9           -133.19378436779121      
16          -978.19950212508695      
13          -889.47925409555569      
8           -236.6682423287497       
11          -416.29040101726446      
9           -177.85752227616533      
22          -1205.2125162547293      
8           -149.67518025263072      
5           -11.892911873464037      
6           -204.24749226875574      
10          -318.50249641367981      
12          -311.66158815100482      
10          -378.47998587875372      
10          -512.41315464770844      
8           -356.00302333062615      
7           -51.413316031191421      
9           1183.5487970370737       
12          -599.55853778240566      
8           -83.857910827141197      
11          -523.93767663550693      
9           -396.8326357075772       
9           -532.18487537410658      
10          -358.88416102455199      
8           -72.827171981489698      
