470 1 -4127 35 35 35
8           -229.83842504938536      
3           -1.8212479750620876      
7           -175.05769294437619      
6           -17.638907695577632      
4           -21.070764166693582      
5           -12.204662728088795      
4           -123.45485176764529      
10          -363.23546574285558      
10          -299.81628035633724      
3           -9.3577893286328298      
8           -25.82611800850098       
11          -420.74635853515252      
13          -778.69852738157215      
14          -490.93309197723693      
10          -828.99220341608498      
11          -410.06822078913206      
11          -102.28833100075114      
16          -1130.9483723448921      
10          -500.76209600862461      
22          -1000.3913674768546      
12          -676.60456721321611      
9           -159.58771166752277      
10          -206.5580508378786       
7           -216.13081237374573      
7           -64.228778511583243      
17          -844.24018205383834      
12          -137.24527557187554      
14          -595.41402886341734      
14          -1287.5009837419841      
7           -214.40339207915827      
18          -974.92788498323216      
14          -588.65453262072549      
8           -407.32505642589149      
5           -9.5969190514018585      
6           -19.486525234467777      
7           -206.14785687451393      
8           -45.380616088803819      
11          -396.18686021547228      
4           -12.289947017562595      
15          -712.3293412185011       
4           -3.2377741778881557      
10          -233.85250425711121      
8           -36.324647350776807      
3           -124.99078708736653      
8           -31.934776285160112      
1           -0.20236088611800973     
8           -187.77011692412148      
11          -357.14976567934724      
6           -70.031758262589278      
12          -262.51557677069673      
11          -378.46800978172109      
7           -150.35511669891488      
10          -454.84275034625352      
11          -601.35643926452849      
11          -577.13968350289622      
8           -133.7849989304782       
13          -686.517735315712        
9           -323.49591365396009      
11          -672.00353646357212      
5           -56.872322758962795      
17          -468.40011114615669      
5           -5.0590221529502433      
11          -276.58193579816782      
17          -926.85770867432666      
10          -139.88089962247903      
10          -357.30032569924589      
12          -359.85029610171648      
12          -706.32395113359257      
16          -826.1204941572388       
5           -158.74490461966658      
15          -694.97149859609272      
6           -32.06657445695302       
16          -694.75358573053359      
7           -31.006648150745754      
8           -241.06969360232043      
7           -43.621513455526426      
7           -155.94761661865223      
10          -367.05069651596733      
15          -434.32816556229818      
7           -157.71767118086805      
7           -120.51972409986756      
6           -35.240116342006928      
9           -218.39853682891911      
13          -827.63042810737579      
7           -278.56013451514713      
10          -355.62646830713913      
3           -1.8212479750620876      
6           -197.40129808110211      
14          -687.3457073175399       
16          -1130.3240493828969      
13          -386.75372526230115      
12          -327.34928117150343      
12          -633.21217125516421      
11          18.499573311970767       
9           -317.97897420428535      
7           -156.37125869915937      
4           -10.448291955996657      
6           -141.2025445482349       
10          -167.66533586997861      
5           -110.28772464146473      
6           -116.00363570763921      
