470 1 -4127 35 35 35
14          -1590.5620180855976      
15          -1728.7871537940839      
5           -379.85522608137944      
14          -1338.3628690656037      
14          -1662.8984899397587      
3           -4.9151464993215725      
5           -45.394599250488582      
6           -381.96549726982732      
12          -1104.3009068432348      
14          -1467.9416467396288      
5           -410.22218915016765      
9           -771.09707086754645      
12          -1634.9631739899301      
9           -836.54474564838551      
10          -1209.9831451041921      
13          -1714.8395401717737      
5           -19.522123916602816      
8           -501.68831628627834      
6           -975.75058228871023      
13          -1357.5592906424083      
8           -540.1958043434272       
10          -372.71731761038632      
10          -718.59560424050574      
9           -165.3072816776974       
15          -1082.3501193049019      
13          -1075.6676708828268      
7           -914.46831391160367      
15          -1727.9737396310234      
11          -1801.6839922116123      
7           -144.74717072080048      
8           -169.50245359319803      
13          -1184.9761961966967      
10          -320.16208524577519      
5           -53.504937007749682      
7           -244.03369982306148      
13          -1726.4638749480923      
4           -214.36204674198672      
10          -855.42122499893026      
11          -945.06192984789539      
13          -1080.9077854835955      
19          -2664.962217036084       
7           -76.427183171353562      
13          -1179.6830034858538      
20          -3222.3020802456731      
12          -412.44388000306873      
5           -236.03460361208786      
4           -11.582227556633395      
8           -487.17329974736498      
5           -13.6531847203377        
5           -791.58868384419623      
8           -275.18139183942515      
5           -82.650680120166598      
12          -964.84870641440125      
9           -187.6372524405829       
9           -694.86053003981385      
5           -353.01481099788828      
12          -1740.923288195841       
13          -1032.8947493393314      
9           -1297.3777963316406      
8           -590.53698669475943      
15          -1281.8046474840837      
7           -204.89076029618235      
8           -445.47414430679487      
8           -541.09651119309262      
7           -33.414282647585175      
11          -1581.1333360552919      
11          -1184.8025498307866      
10          -1278.7048659100287      
8           -924.31482935138592      
8           -864.33868492564272      
7           -858.93226290611824      
8           -337.28048909155802      
13          -1463.4184997878808      
17          -3313.5903158434567      
10          -627.88966183681407      
13          -1132.5611111632829      
10          -1671.9217399340853      
8           -239.21551571102958      
13          -1137.4500032463397      
8           -164.59698940528386      
11          -433.92311003048474      
7           -81.566057286556429      
2           -2.1845095552540323      
13          -710.78410884265315      
11          -1178.2032730838484      
10          -509.16690412584137      
9           -647.2204017864326       
10          -670.97662889707897      
14          -1817.2017674969579      
16          -3461.0409743626933      
18          -2898.0425466455818      
14          -1259.3863189023691      
10          -567.95598929384403      
10          -1568.3837334628433      
5           -349.52691863345717      
13          -1465.2742644657608      
8           -110.440519220952        
3           -4.9151464993215725      
8           -456.27375490553243      
9           -694.98976556104617      
13          -1767.0133618934904      
