470 1 -4127 35 35 35
5           -8.3133521794490406      
19          -1162.5715192723642      
9           -472.95016831638998      
10          -288.73307636065317      
8           -263.97159079006951      
7           -205.43300171284869      
7           -195.77858141911307      
10          -450.83454185342566      
10          -644.22822897703179      
7           -114.51783848967506      
11          -513.82966320925755      
13          -257.62951192361709      
7           -158.24436389903815      
18          -865.01275474362319      
13          -301.39324888702691      
8           -147.15637764580265      
4           -23.133113363437197      
12          -396.85205348216073      
14          -593.49747509425572      
14          -621.3071977485406       
12          385.71942693465473       
10          -561.5936973807045       
5           -20.444029254920224      
3           -1.8212479750620876      
10          -66.102245344624919      
11          -345.95794242791737      
9           -38.706121771607471      
15          -604.28039280742689      
8           -269.76181122671682      
7           -97.006648247380426      
13          -554.24834033009802      
11          181.44082493605583       
6           -245.59317640158383      
4           -4.460253551576864       
9           -444.15820611705891      
11          -1203.9655475203454      
6           -54.712980466209238      
15          -766.85664759619704      
3           -23.062355695993389      
16          -676.99987343444366      
8           -336.81446686986942      
3           -3.6439608736703115      
12          -364.54341783061125      
8           -516.90886113779618      
13          -560.49316901159614      
9           -275.13924313045248      
11          -475.31893143187614      
6           -190.23478003715138      
8           -282.72680063477969      
6           -147.15591557007309      
6           -14.654183258317756      
6           -107.03794342208229      
8           -562.82795924390007      
13          -257.95053507713226      
8           -169.58621280751419      
12          -888.86965947860551      
4           -3.2377741778881557      
13          -601.49469173025443      
9           -213.11343357696404      
4           -169.92914729964036      
11          -304.6534800682503       
13          -697.091104282022        
9           -399.40152257896108      
8           -226.61541715584914      
13          -548.34483048083371      
12          -463.92038540462079      
11          -341.17696393618945      
10          -481.66273754243218      
5           -7.8087436352862385      
15          -731.0011987566852       
5           -32.767986734638669      
7           -161.13768362211351      
6           -32.358510713828807      
4           -3.2377741778881557      
5           -5.0590221529502433      
11          -309.88938668768395      
12          -223.0615216963173       
7           -52.462256968543443      
12          -839.57292885751076      
5           -113.99050038417708      
11          -626.72361082098314      
8           -336.04112950949701      
11          -295.75267217540988      
1           -0.20236088611800973     
13          -96.501561433304929      
5           -27.036981428748753      
8           -179.71266343363405      
7           -340.35758957481272      
5           -151.39596433753442      
16          -962.57801431251755      
15          -1257.8010782043928      
15          -446.87166469142642      
11          -657.23878416308742      
11          -271.4946372190135       
10          -332.47530652581912      
5           -6.9125302845776488      
10          -122.26811514422064      
6           -19.701042814728627      
9           -163.32352549412963      
5           -56.548285635637299      
1           -0.20236088611800973     
