470 1 -4127 35 35 35
5           -246.77109427220773      
8           -1529.8361266291022      
7           -183.97947516100177      
7           -1002.7163912952136      
14          -6038.1008401100744      
12          -4719.635140950516       
11          -2790.93678822942        
8           -1402.3368538526404      
9           -1091.7896414843563      
8           -3680.0681995720361      
13          -2278.069917651077       
12          -3304.5807764380161      
18          -7472.1280087336627      
10          -799.70260206664102      
17          -4670.7461946979556      
12          -3218.5193594132465      
10          -2293.1264370199046      
15          -3082.2753583093336      
20          -9512.9263620451147      
15          -2437.0990263790509      
17          -5465.2294371103189      
11          -2145.0737490318702      
18          -4090.6543733650005      
12          -5033.7707725855307      
24          -15242.925510382049      
16          -6665.538061305343       
25          -11339.298370949336      
13          -6039.4772249243861      
11          -1742.9616016131154      
9           -2443.9241775976298      
10          -1803.2161202352891      
11          -884.63963107591064      
15          -5738.8571847374842      
15          -5141.9256930899755      
14          -3468.5383807380763      
13          -3473.2477337474338      
4           -148.47367759678443      
16          -4038.0723681274185      
13          -3752.7009191873499      
6           -1362.482091265721       
5           -337.17531654812831      
14          -2885.1694421735283      
8           -1376.2166689993828      
5           -264.27910701771549      
7           -1255.5720964125524      
10          -1597.4862198546434      
10          -2334.1086764344955      
12          -3128.3736149817914      
9           -1658.4467970364867      
12          -2382.7978389272166      
3           -57.644749654189781      
15          -4518.8972373151355      
13          -1962.7153602009485      
10          -1445.0163362800411      
9           -2254.6711352199195      
19          -6212.0189748974663      
19          -8296.1987040517452      
18          -13085.081532151897      
12          -3136.6265558141899      
11          -1729.6415923301279      
9           -2728.2715746443237      
21          -6697.0478793970615      
8           -834.85915796924814      
10          -1189.930659211667       
5           -270.165729699819        
3           -19.243161230295311      
9           -1976.3519683234001      
10          -2993.6344372881599      
11          -1959.8019563334178      
9           -1717.4425011503645      
11          -1991.097603408095       
8           -1325.6531431682588      
15          -4545.8194805064286      
10          -2716.0878133243054      
9           -1968.5432017832056      
15          -6616.0395050052311      
13          -4212.6589114846702      
9           -1787.0601868201607      
8           -1582.5049536733532      
9           -3610.3228206983681      
10          -2313.7237555459747      
16          -3247.9972065816587      
18          -6594.3417010567691      
7           -208.75496892300981      
13          -2827.0292747916965      
9           -799.2571199450565       
5           -111.81409236165152      
13          -4272.4140816524614      
11          -3172.8015054437169      
15          -4548.1242225522956      
13          -2831.8771135239299      
16          -3407.5382925249228      
9           -2223.7583181455852      
4           -104.35282213102562      
10          -2209.6924559434137      
8           -964.50180412612212      
11          -794.39431842569059      
10          -820.96605708773859      
14          -3661.2889571716682      
7           -75.888027189150563      
7           -515.23240110970983      
