470 1 -4127 35 35 35
5           -349.94835450006241      
7           -1661.6683302316651      
12          -638.72999324384693      
10          -552.74969353155177      
8           -872.61820666878509      
9           -3282.1670749774862      
6           -799.33112831674543      
8           -981.75333092811445      
10          -1032.7198073813265      
14          -5390.6281096356461      
22          -10998.940360661492      
7           -1458.8551300805352      
4           -48.031065727021144      
4           -22.368231355285399      
7           -631.20055626747785      
6           -1038.6654856008804      
7           -921.75490723507164      
14          -3788.8627878709476      
10          -2047.8322976641991      
10          -2702.5413202613618      
9           -1491.6589207758093      
6           -97.734675519201176      
8           -1615.4110443540128      
10          -1911.7831737693768      
9           -646.78618717347217      
12          -4513.1733258130498      
14          -4541.6377375088041      
13          -6318.4139024665974      
12          -1889.3987502737909      
6           -388.77390204543178      
10          -1363.6568648259145      
23          -11225.567430546387      
19          -9517.3467478598996      
13          -3086.4232898060436      
19          -2738.6695926304192      
19          -6229.4760482450483      
12          -2489.9788779836194      
9           -767.19801907510055      
4           -285.00183152104483      
12          -3259.0388565064322      
2           -5.5920578388213498      
14          -3288.8397391671028      
27          -13535.884343943633      
15          -6680.6338172796277      
18          -11424.560627653387      
15          -5615.2755393754387      
5           -34.950361492633441      
11          -3000.7014695371149      
6           -2500.6830211654733      
9           -2809.5700174274102      
12          -3071.3191504407596      
5           -45.34692955118669       
4           -22.368231355285399      
9           -434.26107531841603      
12          -2632.8646334815903      
4           -36.845512298574491      
12          -2429.2170915321503      
15          -5479.3023525318131      
7           -469.39050832455246      
6           -609.74164846425219      
5           -45.300301740175264      
10          -2193.7683598779658      
6           -80.944714479642386      
5           -687.31153711954278      
14          -3555.6625637745506      
17          -5595.8180791496616      
8           -104.6334559411773       
12          -3115.4946243604959      
8           -1135.0058783957516      
13          -2481.8274500114617      
3           -12.582130137348038      
15          -5148.3298660789787      
5           -103.59540646618984      
9           -1411.7750196433424      
10          -1246.601533899827       
8           -1231.9921559516656      
9           -1012.6807298599367      
11          -1738.2031667987369      
14          -4290.2907588736271      
10          -3325.9632176253194      
8           -163.18796440504906      
6           -1133.2848104379336      
6           -938.54078016541814      
8           -549.97046492251741      
8           -488.4870988415795       
8           -1389.7448633842455      
2           -11.567016915863567      
9           -1666.4543000506631      
13          -3046.3204286401642      
8           -1248.4829522524469      
13          -2948.1869460626358      
14          -3955.4489815723678      
11          -1672.6095556681857      
9           -2889.2393048911476      
6           -305.26886904986725      
14          -2956.6474895451001      
11          -1202.0981780732543      
6           -1542.9956188852932      
10          -745.19427729560903      
7           -1454.7806317289183      
10          -3591.4660865579654      
