470 1 -4127 35 35 35
11          -4423.3679546764415      
11          -4208.9355365052752      
8           -2369.5989283626959      
6           -632.47097723377374      
10          -3838.5759376159936      
5           -310.12889134821773      
5           -248.69285759751412      
9           -2040.8029102177516      
11          -2846.1274391288966      
11          -3335.986114081285       
16          -5088.1732733797107      
15          -3742.2603020234483      
8           -621.35259980086812      
7           -1209.1916084886736      
8           -1899.1546293794445      
4           -53.1965355702823        
16          -4674.2030395036172      
11          -2948.2310318107679      
4           -658.98620857435969      
16          -3535.071962132929       
10          -2000.8016604907843      
10          -1104.1913242286789      
8           -925.9679119705844       
11          -4964.8733477997775      
4           -160.76470015579011      
11          -2978.7232659428864      
8           -302.73255011026083      
16          -4884.9698551262854      
15          -3971.3449300546408      
10          -733.31915679093368      
8           -1554.4556093340327      
10          -1367.7447621806193      
12          -1490.5576151646815      
7           -443.99658697555287      
9           -2781.3884057216005      
5           -622.74042284786924      
9           -1774.4936534060216      
12          -3416.5841090817316      
9           -1764.9015870338703      
9           -2474.3458013731042      
7           -435.26354389497374      
9           -2254.1640581305905      
9           -3621.700087116501       
16          -7458.1813003561165      
18          -5756.1591495285802      
15          -4434.7852385251254      
6           -546.2685542834646       
14          -3484.2104343963097      
12          -3358.2719578379556      
12          -2755.7866504986864      
15          -2985.0367401335366      
8           -1218.0303687972992      
5           -690.22765160533993      
11          -4662.7280796622081      
14          -5135.9555738967138      
9           -1026.0985151687485      
17          -6021.7259486539488      
12          -1796.5771468514231      
4           -22.368231355285399      
6           -1469.3260300190479      
12          -2721.4618439888877      
8           -949.05489007200595      
7           -531.5546415943769       
6           -329.04058958818791      
9           -3090.2557208555754      
9           -602.62369741871794      
7           -239.72356900656354      
12          -3420.0057711923164      
5           -34.950361492633441      
9           -886.08189241388618      
8           -910.63766973313068      
8           -1173.3404694896037      
10          -654.6323296255282       
4           -118.05441764645302      
8           -1466.4624747653111      
11          -2210.1462998097113      
8           -1799.6113806341411      
5           -50.11772657361648       
10          -1545.062919949876       
9           -1172.3616941044679      
12          -1612.4601392219802      
4           -453.62504096411556      
6           -383.92099968076002      
6           -985.0724407287023       
8           -3533.0254529973527      
7           -281.42401671680778      
3           -812.02110850403517      
7           -801.92506934966468      
15          -3713.6618803635929      
5           -43.925678263857961      
9           -2376.939643371069       
7           -1027.5906530580544      
9           -1431.0060168130572      
7           -1149.1187239647561      
14          -3832.7946043861743      
12          -6089.2343301746168      
15          -7213.6404336911683      
11          -3671.075083516886       
10          -1771.233866675457       
13          -2187.8089692639819      
10          -348.35483232991027      
