470 1 -4127 35 35 35
5           -406.4133848662791       
9           -227.51605559073647      
12          -793.65382041495718      
16          -3304.5619410763416      
13          -1226.2598941197678      
5           -14.070028196554507      
10          -502.64657099533974      
9           -433.62044434245831      
9           -479.34360997290213      
5           -438.96954291747602      
5           -70.045031172387468      
13          -649.93771527044328      
4           -9.0048180457948845      
13          -1058.9478479272259      
9           -151.39681527702055      
14          -910.90843935527198      
19          -3539.8804141794403      
10          -218.27020338832671      
13          -1930.5822568218164      
10          -1002.662096623866       
13          -1837.5820475367154      
11          -1570.3118391153257      
14          -938.40196267019905      
17          -2405.833173226672       
14          -1572.7231593066417      
7           -744.01021549581014      
11          -698.99448025795903      
4           -10.462180815859501      
10          -337.82206379928954      
8           -599.07111862829424      
6           -204.75466031295014      
9           -101.2515540670519       
8           -485.23381129100369      
7           -474.93887096923032      
6           -407.86749063639809      
8           -183.10347781789221      
10          -866.81194086947414      
16          -2066.9797394282018      
10          -725.49781880200419      
13          -777.44233525940115      
7           -299.54444620329781      
11          -1227.7359556505976      
2           -2.2512045114487211      
8           -442.04735780267868      
8           -564.04331988528941      
13          -353.02073022848975      
3           -5.0652101507596221      
7           -816.11257710142741      
13          -1775.6381856399389      
3           -21.662799312585552      
11          -592.95972957436447      
9           -119.72260671721241      
11          -768.44573306689404      
16          -1700.6480354058544      
13          -1783.0382770753063      
17          -1850.2702906714865      
6           -70.955234258756093      
8           -402.12458897586657      
11          -656.56101146754611      
15          -1105.2039426302783      
6           -230.87166309505329      
10          -193.30216909175016      
13          -1980.3135238461361      
9           -557.64384370769869      
10          -399.65786165118112      
6           -793.65169953774478      
13          -927.83059344020262      
10          -730.92973373167706      
7           -107.52510412976173      
8           -416.32955711586146      
6           -153.10338560177848      
9           -625.31163186156243      
6           -213.75630965087606      
10          -850.28084553142628      
11          -1096.1569706972571      
10          -506.47356201964436      
10          -1293.1393934838832      
7           -190.79665844344015      
6           -86.096291312856565      
8           -258.91542721442676      
10          -875.50505214472059      
8           -268.7938439449382       
7           -509.56187714704879      
5           -286.48310060794597      
5           -119.67602389778307      
10          -1283.8144139719032      
11          -1247.7555046087127      
4           -15.159226590139944      
7           -118.49313620049031      
11          -820.07016715635802      
7           -1201.601345472671       
12          -485.37531943577278      
11          -1519.8937808894593      
10          -483.63278054550597      
7           -259.96877351953657      
4           -9.0048180457948845      
13          -2197.3885064709361      
14          -930.52078718469716      
19          -1089.9131615001529      
8           -541.33758842015936      
12          1735.4153535590874       
