470 1 -4127 35 35 35
11          -38.993752201633285      
6           -29.208951990289389      
10          -429.84027642167143      
8           -274.74848033605224      
11          -472.43259357052716      
6           -138.70232214059044      
16          -442.94124524037113      
13          -270.80344667479676      
10          -232.62124366487998      
11          -97.125959710551001      
14          -1128.8611087473107      
13          -319.96295471789773      
14          -675.88109156640701      
11          -430.85993199484523      
9           -156.8232542765133       
18          -975.02384011451943      
4           -131.07349062759099      
12          -42.835572638404344      
10          -461.95819953931266      
9           -410.29215567288338      
13          -517.96510524585756      
8           -546.40891521281935      
12          -416.19985974417364      
5           -6.9956904454601592      
7           -0.6853653072965038      
8           -340.90866383036018      
7           -33.544790659667463      
16          -1241.0899038843404      
5           -129.84143677326909      
12          -834.38251274691584      
7           -196.73013804746992      
7           -26.263965023447497      
14          -849.23892751226003      
14          -585.18149259131724      
12          -596.78890059570506      
8           -116.96024330429506      
12          -656.63272564375711      
10          -416.75722535577489      
13          -579.92304320855817      
7           -128.4891266739001       
18          -1070.1279469536569      
9           224.91255278945343       
11          -302.63551596800727      
12          -323.28862256914499      
7           -169.49972213002889      
8           -141.35384226318396      
3           -4.2610793888627763      
9           -320.24947580917751      
9           -106.8316774473785       
14          -822.44042247018353      
5           -120.37607834418328      
3           -1.8212479750620876      
7           -202.70324376259751      
12          -238.61509110784786      
11          -214.56170295898553      
5           -5.0590221529502433      
12          -528.94938600470709      
13          -620.3112624166107       
19          -1299.3516280161825      
14          -310.35493257221378      
7           -35.261394974553646      
13          -517.1034492339445       
10          -462.13010307965533      
13          -1235.0199535943088      
14          -455.24520579107423      
8           -241.20159821842549      
6           -12.620048547446437      
10          -368.21673554802391      
12          -284.23838722023822      
9           -238.00060412885554      
7           -121.32378002316375      
9           -181.2474426362846       
7           -455.36585984175372      
12          -902.110272544488        
13          -248.55909065898797      
17          -807.57940616657243      
6           -173.67700043849138      
6           -104.43562208735085      
17          -567.6936372485319       
10          -121.08528329964676      
9           -20.619077962367875      
9           -341.22822645223118      
14          -542.43600466142198      
13          -635.40980202272306      
7           -294.34059269003876      
11          -516.3281319370268       
15          -1066.8320399984814      
8           -192.59440782904034      
10          -224.9676384010144       
10          -105.53621003526024      
15          -449.9859555836681       
10          -67.865095421881463      
13          -575.66989277109667      
7           -25.105698088734165      
10          -245.30346678345839      
12          -15.293197326530784      
7           -357.9671110233628       
18          -616.45976605270175      
6           -151.65176784952686      
6           -11.695043195409525      
11          -344.28782903734628      
