470 1 -4127 35 35 35
13          -1253.2816595322638      
8           -825.51337071235173      
14          -2431.7955961613857      
7           -361.3947072093801       
9           -452.92280149893242      
8           -210.26965054209552      
8           -617.55321008248268      
12          -2061.414805608305       
6           -409.2119674254642       
8           -64.213707718694877      
11          -891.37429322629566      
12          -846.72385715003452      
7           -31.979033842316539      
6           -360.73462906216105      
15          -1364.5647426909472      
7           -333.83568909278705      
17          -2433.8073451766904      
14          -1709.9134319876212      
9           -265.67498025904143      
8           -626.73848815210806      
14          -1270.3088008896345      
10          -649.80203375201484      
10          -248.06834224596633      
6           -89.823948244508301      
14          -1724.53008317438        
15          -1393.0033215594224      
8           -151.95909208938428      
14          -718.01378053046994      
6           -214.26791889516193      
9           -743.28354057416038      
7           -743.3247279337138       
6           -35.925596636435642      
6           -90.808088636013977      
9           -478.81337910383792      
3           -638.72316215011483      
5           -300.77111636271752      
12          -1456.1731030249339      
10          -1104.7830126460462      
10          -1148.398420455932       
15          -1271.0564101809978      
5           -603.68396379075853      
3           -151.93341234815497      
6           -599.22594367751424      
11          -940.02394837661222      
13          -1167.4918240590303      
9           -820.35172266828954      
12          -2273.5294532501771      
8           -303.97750764393095      
14          -1133.9247463827905      
7           -533.13771113355267      
10          -718.51793742053371      
7           -115.63595920484775      
16          -2548.6135630650851      
8           -485.12403253828904      
5           469.86471100715283       
11          -680.54453315506214      
13          -501.09249690542873      
16          -1027.0213356996328      
8           -605.68022269913308      
9           -531.8201863308982       
14          -769.75506858666847      
11          -1279.8393724605041      
8           -328.20721448772429      
10          -564.53146244433924      
6           -257.54336839810708      
6           -35.096574520269826      
13          -1362.8009762885069      
4           -57.913664940398391      
18          -2794.0017377274721      
7           -681.06230759446544      
11          -1243.3365387573383      
11          -1759.256249617408       
17          -1949.8708236107909      
9           -793.14157800892565      
13          -1023.943746794513       
11          -458.5173568090014       
9           -763.44091212256626      
6           -49.792772728258697      
10          -1371.2286056641049      
6           -20.260840603038488      
11          -486.78365987544896      
8           -93.443130309546092      
7           -545.06695904132278      
11          -430.12908002248253      
13          -2364.5104099175874      
5           -43.572834825940632      
8           -66.203271254338418      
14          -1330.8248825066748      
11          -984.44906459905167      
18          -2416.8872564434232      
18          -2388.9360103472591      
2           -2.2512045114487211      
8           -725.10195351696234      
9           -152.04991242794887      
8           -827.24112364284031      
3           -81.818191368567128      
11          -1217.8634148699794      
10          -1746.3609466670609      
15          -913.00160174005714      
5           -530.73681129805584      
2           -591.88675364621781      
