470 1 -4127 35 35 35
8           -183.55934323770487      
11          -2070.1157951244354      
11          -1378.583346733536       
13          -5657.4882268275414      
6           -2706.0099222729277      
16          -4329.1302260830898      
11          -4698.8013033179604      
6           227.02787525048981       
7           -2744.8543455738945      
4           -127.0790866213064       
6           -541.89233876359742      
8           -1298.2118978394674      
10          -3847.6766819927902      
12          -3057.0675821404575      
6           -367.41563402816894      
9           -1658.295383480644       
8           -1080.0950505266489      
11          -1872.6773427333155      
6           -247.31902284608216      
14          -4386.143725440571       
8           -1306.2856374556882      
11          -3315.0418473515224      
8           -1032.9855270520475      
5           -78.09339366998168       
8           -902.61208074781689      
10          -3023.3287937322666      
20          -10122.255921509886      
10          -1267.7279695293696      
11          -3158.1484948920856      
13          -3102.0343241065793      
11          -1122.0641876435323      
4           -135.73626267152477      
8           -1047.6354852798204      
8           -1681.2187937755139      
13          -4148.317675198381       
13          -5855.6779368632733      
8           -648.28383348609816      
7           -184.35582825947506      
3           -66.335333042934991      
5           -35.553876785353808      
8           -616.23673426174992      
8           -1707.9079008693266      
4           -148.54073642385535      
3           -112.8099310519645       
13          -3203.8915483192395      
9           -702.11895048204792      
13          -3916.8247085034068      
11          -1603.2155329119701      
12          -1611.6403256766744      
7           -796.18957173620981      
8           -273.44348755744966      
10          -1434.3822414745966      
7           -349.88177716124511      
10          -1427.4645840164699      
7           -1085.1172012754562      
12          -2796.8036091920362      
8           -865.39524879624526      
14          -4103.3255062319759      
9           -413.1511043507935       
12          -1105.897054060244       
12          -2211.6185727758798      
11          -1919.044382278777       
3           -12.799395642727369      
14          -3149.3417072311113      
10          -1583.9913927384916      
5           -473.54556946110642      
9           -844.79921845159561      
8           -1261.4022130261826      
3           -12.799395642727369      
12          -2258.1363283732817      
4           -457.43715091790392      
8           -1380.7688153721022      
6           -250.03192322084553      
13          -4332.8347261850859      
7           -330.57064436341324      
12          -4865.7289963199637      
11          -3285.4694336996326      
12          -4166.780595568388       
7           -777.30458260659316      
8           -1346.3308274303481      
14          -4993.9770172523577      
6           -283.04281998997982      
13          -1588.044546136186       
16          -7157.6367171575184      
12          -2343.1757881582398      
11          -2421.1466287881385      
14          -5305.5435642195662      
3           -592.28968741086942      
9           -523.09354735077295      
9           -1198.4158080562167      
7           -1584.3569037843458      
10          -970.8676343070988       
6           -711.54905907776822      
19          -4992.4207276595798      
8           -474.6452627367604       
6           -107.24040436585057      
10          -1677.3372947513565      
14          -2183.5995891054049      
17          -3756.3337184894363      
11          -2196.4717803327949      
7           -341.29050939212181      
