470 1 -4127 35 35 35
8           -519.08390605695843      
13          -2047.539100991303       
4           -9.0048180457948845      
3           -5.0652101507596221      
14          -2251.1060411315716      
11          -180.01244168476512      
7           -83.773828735483534      
13          -614.52658011597964      
11          -1159.8384798342581      
7           -48.629101425009871      
7           -321.36843327281917      
12          -539.12656336846521      
4           -11.552943885222462      
19          -2268.6127678783287      
11          -1602.0406954247969      
11          -1175.5043527382093      
12          -1322.216612188879       
9           -310.7869891261908       
8           -513.93259509704762      
5           -120.38648507858687      
6           -392.06809287904065      
12          -435.90554634250782      
11          -1233.9721208862384      
3           -5.0652101507596221      
8           -287.24733985948467      
10          -544.35566825522619      
11          -1072.7966220879564      
10          -863.87634862903792      
9           -421.87143118153614      
9           -411.46404993793584      
10          -411.86087201554409      
9           -378.72918617540211      
10          -342.20008557658105      
12          -327.95169927933483      
13          -776.8919103343934       
5           -120.68749975129998      
15          -2250.2191913726679      
6           -676.32251627392827      
12          -1117.93967343185        
19          -3556.3147072120587      
9           -105.88745669579298      
13          -1704.0657027736745      
6           -27.620873824794685      
9           -500.85085887185318      
9           -187.41785837612696      
3           -5.0652101507596221      
4           -9.0048180457948845      
5           -19.291599458535067      
9           -197.34835203734229      
10          -1975.0159248041607      
7           -207.86672866939921      
7           -288.68950116973912      
11          -921.06532447858444      
4           -9.0048180457948845      
6           -432.29290507948633      
7           -136.84916035783132      
10          -786.22650064676463      
4           -9.7726425552584626      
16          -1610.4880642466924      
11          -1115.2830664336379      
14          -2979.378626986259       
10          -1181.2428389085701      
11          -968.10367509965317      
19          -1994.9692153483118      
8           -134.78488047510146      
10          -286.06964998053843      
6           -310.97626852512479      
14          -1574.2172113771787      
14          -2324.55934435683        
14          -1769.2805307271681      
9           -689.90826965286135      
5           -141.30108011586253      
7           -276.62778761795062      
14          -3081.7418317025372      
8           -299.93358018474112      
11          -390.8067730341138       
5           -317.71237687035904      
6           -88.369050163224259      
11          -488.64261413430063      
9           -1025.6285228347563      
7           -161.99342022384778      
8           -350.3502241235891       
11          -1416.1117375544709      
12          -388.72341365427644      
22          -3112.046369236301       
19          -4165.2186349287813      
14          -1965.4809438938016      
14          -1521.5600851996403      
9           -663.66572536287947      
7           -625.85765964278448      
16          -1592.3223765344619      
9           -522.36350741161709      
11          -1017.4191236188478      
5           -91.880905992362742      
9           -516.96896196486352      
10          -321.11963032613528      
12          -368.72697297913294      
10          -268.18013309369428      
3           -561.29770031238377      
15          -36.617409748491326      
11          -906.1684435462962       
