470 1 -4127 35 35 35
14          -853.24050964016214      
2           -0.78415103688527188     
15          -910.25238249559504      
6           -160.62009664827085      
9           -224.20177862243037      
6           -59.631086423998198      
7           -477.32100915321843      
25          -1805.9258624529832      
25          -2633.82318640618        
12          -810.00850531055664      
7           -42.080861123957796      
9           -226.38061698382617      
9           -176.07995617772437      
12          -915.01623159013354      
16          -1807.7155404042101      
14          -713.42721095635557      
7           -94.397637641561147      
7           -43.21754799588048       
7           -109.96310019972236      
9           -268.13535655887614      
7           -136.86325980020499      
7           -267.16351509621251      
16          -567.44777527067833      
13          -942.37854571331252      
17          -1717.0191926141256      
14          -630.52178374560174      
8           -103.02566935191301      
7           -504.566216688986        
6           -56.05181656993161       
4           -97.09658639551678       
11          -475.86445456049131      
8           -144.93129574296407      
11          -352.20938780031452      
13          -54.110527911862022      
9           -52.596476523603627      
5           -40.690501207186372      
10          -421.05560009906441      
9           -692.16651217550361      
10          -134.59559368856432      
5           -141.06278029922336      
3           -2.9573176929994096      
9           -273.62339302706278      
7           -14.916881079629285      
3           -28.39030469013008       
3           -137.17511873320086      
7           -23.395366000193299      
20          -546.8957840880455       
16          -460.18313952102892      
7           -154.16309616537359      
11          -531.10886139165416      
8           -134.4711949825157       
12          -224.40971562155971      
8           -277.37886476545322      
3           -3.0816600571210397      
8           -147.29817691094797      
8           -244.88407840661         
13          -162.24604476053281      
9           -819.13528243214932      
6           -18.114871522265748      
11          -278.8767254966678       
6           -34.01693376627145       
8           -231.57215104165093      
13          -390.27350552119117      
6           -64.585338289026907      
3           -4.5416138175474874      
11          -460.30994369000064      
22          -1981.872945109568       
31          -3331.143650695185       
16          -1461.1221866019059      
12          -322.07749033341378      
6           -99.588293557163823      
6           -38.801049591536774      
12          -297.31864355330822      
13          -139.30119420610745      
14          -327.26764258559285      
8           -62.492120887586331      
7           -13.597586063165911      
5           -102.73176477354178      
5           -292.9355212636774       
6           -104.52190479898283      
13          -494.89331482815498      
8           -188.12399417621214      
7           -609.01957078973601      
13          -790.28583504939081      
13          -582.76185720923877      
10          -249.58475843397017      
8           -157.81111521404304      
16          -1304.4761554197728      
11          -221.20659820413488      
14          -511.88354820939617      
6           -245.7414675204509       
6           -369.85456182975258      
7           -27.627993839441324      
5           -51.127259018245361      
10          -112.64303503553182      
6           -16.615636471099684      
12          -479.48572795800669      
10          -155.06357365550079      
13          -350.69864144264722      
9           -239.15664856761353      
16          -220.86316416441363      
