470 1 -4127 35 35 35
9           -101.04978710037673      
18          -989.36290145939449      
4           -78.897241768862642      
9           -323.3895820446437       
7           -87.770824734752637      
13          -817.23785004522222      
13          -401.67930560169532      
6           -65.144390291813437      
12          -127.02431134537751      
4           -135.86473576921489      
4           -76.321828752555362      
11          -642.63167733770058      
9           -111.47362391411501      
13          -384.52638765048545      
10          -383.96809539591283      
12          -385.21088888931348      
7           -194.96609842853263      
6           -88.109048280562007      
11          -575.7499754343371       
9           -144.23753108953863      
7           -189.87396470960232      
8           -422.47441492602024      
2           -0.78415103688527188     
10          -396.71897078236083      
9           -208.00137232014293      
9           -493.92468774812653      
9           -179.14527684072183      
6           -29.844875964553413      
15          -1023.5452548889602      
3           -1.764339832991862       
6           -184.15230440739148      
14          -646.2276596436476       
18          -1132.7651140539917      
10          -148.63572701993087      
3           -176.14775160906916      
1           -0.19603775922131797     
8           -279.37154681112031      
8           -48.740311972495078      
3           -1.764339832991862       
8           -212.05262716332351      
7           -271.61313667969489      
9           -592.33727464947299      
18          -947.14768111074454      
8           -72.075211651920611      
5           -13.324481502455953      
10          -416.65124797074208      
13          -399.24319620453292      
10          -616.81851726340733      
12          -260.08923849493112      
6           -45.664736580916021      
10          -522.17712822324359      
8           -105.07517347268497      
8           -30.113070658153617      
7           -16.316778878813295      
12          -333.71406306625983      
5           -95.077861660280547      
14          -637.46851505764027      
14          -395.9947923811402       
7           -422.59670935529664      
11          -744.03933259424218      
10          -299.63939169102849      
15          -431.04389506040934      
9           -265.87366701640991      
4           -441.55638879671284      
11          -169.93680918393142      
9           -307.62904069351055      
5           -4.9009439805329498      
14          -708.25762495674246      
10          -61.38925707003159       
10          -493.10884007683103      
11          -515.06079790933916      
6           -67.639936819333045      
4           -90.485323131348466      
9           -727.61448171733423      
14          -1108.465023931208       
12          -645.17127640878914      
14          -678.06142606049639      
9           -412.39845228617583      
14          -267.47097657371933      
10          -361.66616859190532      
5           -42.796177877869823      
9           -292.55119607769802      
8           -168.6973908701749       
6           -122.00248890928111      
9           -206.05382400729607      
2           -44.75522463836726       
11          -576.4869405252831       
5           -321.19734561852653      
7           -151.78259295552166      
13          -541.05947245917628      
10          -438.33968526595606      
13          -857.95785830061766      
3           -3.1587585456671619      
12          -426.42099584258426      
15          -601.63029144486052      
7           -176.96032547370976      
6           -11.47744570177862       
4           -76.952529197624912      
3           -1.764339832991862       
6           -205.71817296015192      
7           -123.4678939581984       
