470 1 -4127 35 35 35
11          -1402.2784735739117      
11          -1085.4072023195708      
8           -814.74851394194991      
9           -1027.2113048686758      
8           -421.42882771123215      
15          -756.1353441742051       
15          -667.68904904152055      
6           -420.8126019869236       
7           -433.61685652146565      
5           -24.949607198625181      
8           -891.29679099682164      
9           -573.46029550416415      
10          -1052.3305609623383      
12          -1779.056853067746       
9           -1212.6708847024015      
7           -244.05792303755427      
23          -4042.9362656401117      
6           -55.965864604513428      
9           -103.07562604424594      
4           -17.552057523776504      
15          -1648.2313790943024      
13          -999.67945054834661      
7           -123.27321312442477      
15          -1096.8325005859824      
5           -243.28001741902443      
6           -19.66058599728629       
16          -1146.5118898663688      
9           -408.77223364870582      
13          -2072.1451089234142      
12          -1057.8221467684866      
7           -91.859917422010625      
5           -13.6531847203377        
12          -769.19477240342519      
4           -36.292988282951782      
7           -380.39631662487636      
17          -2808.4981409744728      
7           -470.29470420996893      
13          -587.05231123949613      
10          -784.48566018234681      
15          -2030.9813637538246      
5           -184.26840479803434      
10          -425.31079641533188      
7           -935.11440957437037      
5           -98.885178558017742      
8           -1037.5529015094605      
7           -740.98469794492098      
10          -1362.613999396224       
8           -426.09912006790103      
8           -668.16325961393568      
10          -1481.2139424866464      
10          -258.56394423235275      
7           -326.98177799309559      
9           -808.0718771017049       
6           -368.56420779376606      
15          -636.77140691153591      
12          -1271.6601948332591      
7           -504.33156983955394      
7           -184.84102812739695      
9           -600.85094114313381      
7           -403.75605856735939      
16          -2479.6258194479165      
10          -429.28761814679643      
4           -37.723952978666816      
8           -385.61365117857378      
15          -2029.8031990495722      
6           -44.311200855960884      
13          -729.57933534674089      
10          -272.9556858722396       
10          -658.16469068579715      
7           -298.99823087980172      
10          -1011.151433536874       
6           -168.05814506344481      
11          -1168.2746644256106      
6           -280.95388732490005      
8           -1009.1399628177921      
6           -403.25453523525437      
12          -320.94901792889527      
10          -2065.4455677832912      
4           -226.00872029543015      
13          -1115.037441439993       
9           -280.13096119397966      
12          -470.54363562927341      
5           -13.6531847203377        
5           -226.61593827023086      
3           -4.9151464993215725      
14          -1481.629735528752       
9           -85.912781080103969      
16          -1130.5196372753185      
8           -97.063428332802374      
9           -748.98173546161433      
8           -170.6997220438347       
9           -472.78475088406833      
8           -205.03607359606343      
7           -459.14424193873555      
6           -590.22559873973216      
5           -601.26542075198324      
15          -909.72827946697964      
22          -2599.9388141263676      
6           -53.824001577892901      
13          -1380.0060057983203      
5           -15.290262209930201      
