470 1 -4127 35 35 35
10          -629.01578665634986      
10          -398.05734346486497      
7           -48.226014450067808      
12          -501.19938031471918      
11          -977.88264641365095      
7           -317.72309300499984      
8           -175.16510456246428      
5           -276.0453972094341       
7           -162.81326751075105      
10          -792.00827661360995      
9           -681.5848332611389       
8           -491.70071804237045      
8           -184.30500310711616      
4           -41.945562536343537      
8           -337.6111006445667       
15          -1612.0068574926079      
6           -69.020998093718731      
9           -210.00417111262681      
10          -398.13648341746369      
16          -3263.3020224243924      
5           -244.01854729603477      
12          -361.711353441266        
5           -438.64827625011537      
14          -1295.010722976479       
8           -229.67144367925593      
4           -328.00655739003565      
14          -1303.1733933931348      
15          -984.56708056622301      
8           -569.86410477949948      
16          -1776.9056878253482      
12          -1412.1973732967413      
4           -39.142222582068186      
22          -3189.9463207225645      
8           -665.72044543965023      
11          -1211.869060070273       
9           -735.16553118947388      
12          -841.78268161145797      
5           -38.740344784260657      
13          -1344.1514493052489      
9           -268.11396233732091      
8           -330.92650649182383      
6           -211.14775580038781      
7           -329.54820826097222      
16          -2061.093636480738       
7           -445.82443837217176      
11          -1843.2979460932161      
14          -1960.0268848083545      
10          -220.15423088017047      
4           -154.29246359951125      
6           -36.71546572050525       
13          -1287.3626357873079      
8           -559.91323534457388      
5           -50.243737048543935      
20          -1921.857787493421       
11          -770.74294705143427      
10          -1172.1650625025572      
11          -371.26337210899715      
3           -5.0652101507596221      
12          -872.97629321527234      
15          -2807.5277016905438      
8           -890.97447981552136      
5           -16.937811048095231      
5           -108.19196193169242      
7           -956.26854605174469      
10          -1375.5066145984861      
11          -1780.8129590856565      
11          -713.65048093728342      
7           -313.13422396531189      
7           -306.29824041489076      
13          -741.34605009952975      
7           -446.64249572609754      
3           -5.0652101507596221      
13          -459.35335172250569      
12          -1594.1415758035753      
13          -1081.0513517383467      
4           -53.155044433257494      
8           -293.95506386564477      
10          -1063.0303810116484      
10          -753.93202667756805      
9           -475.83991860608819      
10          -218.83771282909703      
10          -985.63091628033487      
11          -486.37456991324575      
7           -412.39886643111981      
8           -827.86094625412773      
17          -1895.2950359136603      
7           -340.09909104748965      
4           -9.0048180457948845      
7           -353.7400422972496       
4           -11.140907081712189      
10          -1303.617706598701       
9           -437.29379328533031      
9           -492.22279169315158      
6           -25.06323074926997       
15          -1708.8226861520757      
11          -555.7159426909501       
13          -888.22001091704954      
5           -155.39425821590163      
16          -1670.147947323172       
6           -319.42461753893684      
12          -1318.8777010884228      
