470 1 -4127 35 35 35
8           -176.05624992366174      
7           -19.744092715179807      
12          -285.03816431786532      
22          -1348.3632074205539      
8           -149.02162884272855      
12          -564.2611688684168       
7           -250.73096255653428      
4           -21.914059925633534      
10          -362.60266708904572      
8           -99.385147083926384      
20          -1350.7347962771832      
8           -25.35538282327942       
7           -78.154379639996762      
11          -255.127664588079        
7           -217.58730466134085      
19          -1320.3624922032084      
16          -664.02936548590367      
8           -147.42762250487985      
17          -1105.3237447346792      
9           -677.97761071898299      
10          -369.44009398413721      
9           -504.69486092843448      
10          -609.50137009174659      
9           -410.64298215798766      
7           -111.64820967526585      
4           -3.2377741778881557      
6           -466.70274185734576      
5           -57.352419701249893      
11          -938.79132069480318      
5           -5.0590221529502433      
7           -98.873902187697965      
4           -119.56412270151357      
2           -0.80944354447203892     
11          -347.07475072705074      
19          -1196.5364644435463      
9           -325.68422019049558      
4           -19.482281872655445      
8           -247.18867666225907      
12          -665.7154520691721       
12          -341.28374904474538      
13          -707.85316275650814      
12          -433.78364174357773      
8           -1003.3455960323291      
5           -5.0590221529502433      
11          -481.18071150796862      
4           -86.482090333199409      
12          -249.17736509805806      
9           -284.56426074145804      
7           -145.1859791527859       
11          -564.01347674835199      
15          -746.49002288139195      
6           -326.68112180762103      
7           -83.487087060275826      
13          -429.12963647469883      
8           -121.58000475230855      
8           -164.84587795537587      
11          -558.34098052770196      
5           -7.8496363253972676      
13          -551.88465506650596      
15          -1010.5570307476607      
18          -1174.2693057687304      
13          -99.459853362321439      
8           -52.390202396035015      
9           -372.80251315567722      
7           -196.99929812112353      
3           -1.8212479750620876      
6           -186.96937164846875      
10          -487.48192277335693      
10          -276.95094484868201      
10          -692.98712132116759      
5           -12.521137928728223      
8           -187.43305518103884      
8           -63.786095322070203      
10          -356.24473287259747      
8           -240.14239173006649      
4           -4.3383879232722267      
8           -163.66892287475625      
6           -58.966884927877707      
18          -875.76663446273278      
8           -311.61254682162212      
12          -666.23128639709296      
6           -263.31549805328922      
2           -0.80944354447203892     
8           -181.33609075213491      
5           -9.3387609797076561      
3           -3.5128839840024204      
11          -720.45212931407912      
6           -96.150794996132419      
9           -615.82662732446761      
7           -161.56643859847367      
3           -1.8212479750620876      
8           -59.2917639400087        
9           -178.44147178857577      
2           -2.8861678764805654      
11          -336.28260272923035      
4           -3.2377741778881557      
14          -1398.6150014165119      
16          -958.54393049177156      
11          -293.63865153876935      
5           -88.406985202254006      
13          -239.71513293167908      
