470 1 -4127 35 35 35
7           -521.11673258132362      
15          -1174.5779852751612      
13          -1466.1382952974207      
13          -659.78178395196937      
12          -1702.9304037822419      
9           -136.97874894484605      
13          -805.50837598490739      
27          -6747.4247672271586      
14          -818.02550579650097      
9           -658.15060106912188      
11          -1523.2546265913206      
11          -192.52359705007126      
10          -1486.3790188009091      
20          -1986.1018567129629      
13          -1159.6240113163415      
8           -1238.3447298259498      
7           -89.378466699969579      
9           -657.41560114845913      
6           -20.260840603038488      
6           -113.9081149882134       
13          -756.22408462591693      
9           -139.17886720052718      
6           -31.13519765889918       
20          -2595.5976052623055      
13          -1509.2700770063916      
10          477.42154631785246       
11          -1110.193279586983       
8           73.340931984709883       
8           -374.31312772034585      
9           -912.77175686125474      
9           -579.13177999857714      
10          -623.9764434913493       
13          -1398.4208152652909      
9           -216.06888247044179      
8           -170.7295828145561       
6           -609.24594183258455      
12          -1460.9501845012737      
10          -404.5144907793038       
8           -656.7504147874231       
13          -977.0916824228932       
5           -14.070028196554507      
6           -43.942980130971428      
13          -917.72730089258209      
6           -436.11168390788038      
9           -402.46221817500162      
7           -1013.2760813159023      
10          -527.16395770644044      
13          -620.03050684428911      
13          -733.74480748569351      
10          -323.3807102700697       
12          -818.53714923704592      
13          -2293.5041908815301      
5           -80.239919497041711      
7           -418.6124524085842       
8           -45.182154520459427      
4           -250.10939530602428      
11          -350.80075337995595      
8           -211.68521045549338      
5           -187.34195090921102      
11          -1333.664171189323       
10          -766.27249783778416      
7           -177.9390274831606       
8           -165.18523404996992      
6           -138.43183840394158      
7           -97.799968199301958      
9           -511.28543435535943      
8           -1255.8039726120937      
13          -2130.5335665072121      
9           -449.62584539296319      
10          -1252.6653497495445      
3           -5.0652101507596221      
8           -96.533317965799881      
7           -125.19238584624449      
6           -255.05451915548139      
13          -575.01152288422895      
25          -3004.2151205751361      
11          -1199.4093024446254      
4           -9.0048180457948845      
11          -573.87004501020499      
7           -84.481633081378334      
3           -12.976031887110578      
15          -1230.5124034434241      
5           -41.835221158905995      
16          -2038.0947067110051      
13          -756.68267752019892      
4           -9.0048180457948845      
8           -799.48478601901525      
6           -471.64002276949492      
11          -263.41177500528715      
18          -2878.7426937847154      
14          -1517.7088729495317      
7           -687.76240057234781      
4           -527.47143899824835      
11          -1659.7062342198585      
14          -2124.7271417445641      
11          -1024.8829368022598      
15          -2322.0251426338018      
2           -2.2512045114487211      
11          -626.0391107771278       
7           -575.19649440487638      
14          -1309.1985942504314      
