470 1 -4127 35 35 35
10          -304.39933082298074      
5           -122.39551002790935      
14          -2068.0005543851112      
15          -1735.7162161014378      
11          -704.20738118906411      
14          -1794.0829944588152      
10          -835.11522432018887      
13          -566.77749678664952      
10          -460.32550074122844      
11          -127.4366084490787       
7           -40.30190198585985       
15          -1020.0551654530594      
14          -2521.0697052751375      
6           -129.17115558876478      
8           -218.27932948944425      
16          -2673.1923433926713      
10          -567.49891758140984      
9           -890.97503136580121      
10          -939.43232086731518      
18          -2255.7710834069535      
15          -2327.4436082942098      
13          -3396.7458077422216      
13          -2633.0481774473924      
5           -32.831184050339573      
11          -997.66320880492572      
10          -301.42928955152507      
9           -443.39070069239301      
10          -740.05349662106278      
9           -394.37486964647587      
9           -687.31821679334075      
17          -2538.8577934526083      
15          -2549.2767712653431      
10          -854.52040392810511      
2           -2.2512045114487211      
7           -119.07004121122947      
8           -167.282258861548        
8           -429.78318305501239      
11          -544.50022238044323      
5           -57.046073550688945      
9           -395.21428420299316      
4           -19.132501692482631      
7           -411.77085512102553      
8           -270.20803947461434      
8           -190.08740544680219      
10          -1354.3354093524242      
3           -25.497668298963859      
9           -962.79335688480342      
6           -491.86449285295112      
6           -377.62324274480545      
12          -842.72573147120374      
14          -1697.167653505629       
11          -2244.4639162684912      
15          -1193.4181007855104      
11          -1300.9898740382453      
12          -1135.3461449081915      
3           -93.912084390591303      
10          -1275.5950732150891      
12          -289.94125822445574      
11          -751.58802053862723      
11          -438.80673683314126      
10          -849.03167550956653      
12          -1720.7270023147414      
9           -1070.2878717024544      
13          -1280.6961863187641      
9           -241.38419095416452      
15          -1165.6183458108371      
7           -291.64832814549783      
9           -567.93478411011222      
11          -641.20718642729514      
13          -1296.8334175624093      
10          -470.65098308782757      
10          -1065.397693604401       
17          -2634.3268041885531      
6           -116.50255131948296      
11          -2428.1972488288411      
12          -1107.3041358646603      
8           -1123.2162643212337      
12          -1674.84119888226        
4           -479.15780059146948      
9           -598.4816204099327       
15          -1064.6222955946782      
6           -67.791885181298085      
14          -465.51514825002266      
11          -1176.6608946380279      
13          -2275.1830663370542      
7           -224.41788055043781      
12          -422.41653578442299      
17          -1893.903826315485       
4           -364.59972615341633      
8           -299.40062904972456      
5           -22.792085840948047      
19          -2081.3484044484221      
14          -1463.2592693082406      
19          -3331.3773307821034      
14          -1403.7252707685225      
11          -701.30477970262177      
18          -1657.3111723592626      
12          -852.91193214374493      
19          -3431.7625865520004      
3           -306.65091087326516      
10          -629.01578665634975      
