470 1 -4127 35 35 35
13          -607.43664065395558      
7           -216.83281169704779      
7           -27.228597113925495      
7           -102.26954603625938      
11          -304.02126358292782      
6           -40.321936746295741      
9           -270.84182500463675      
6           -126.02328771014055      
6           -159.65894351948688      
7           -130.51417760308371      
5           -72.621875385800593      
8           -69.571322529971454      
8           -223.76824923292725      
8           -72.004781158795254      
9           -199.46026285742505      
12          -457.94724078776869      
8           -225.54381557797004      
9           -388.83967419102913      
9           -269.22667203231521      
11          -303.65046013308245      
10          -213.83559755782261      
9           -465.59343243918192      
5           -88.927139181538294      
5           -43.470173264893731      
13          -457.52448841726704      
16          -904.8195390839287       
8           -647.53637938640793      
8           -184.40000126158611      
4           -35.484363849569704      
8           -142.84791408228844      
7           -391.49575171928484      
5           -11.544050249933145      
5           -358.59046962373594      
16          -538.08563813866522      
9           -478.59998137778535      
8           -124.3728453755342       
10          -245.40270104258721      
14          -811.41072483933408      
6           -17.364656620114641      
11          -654.12139720264429      
11          -335.65243783367282      
13          -474.95594266655729      
11          -394.87633102635255      
5           -5.0590221529502433      
5           -60.758338567575642      
3           -108.06414463899576      
5           -70.116576611331453      
7           -60.666897655737039      
13          -876.5897079671762       
10          -686.43132963841765      
4           -4.9921043993384924      
10          -137.47540992029948      
10          -330.44478791110055      
14          -753.72854820967018      
9           -623.49077373860564      
8           -261.30881426378954      
12          -979.44372746894396      
17          -1334.6255755761956      
7           -397.61467283771509      
14          -702.2077768190245       
17          -960.323711981462        
14          -684.0873720399494       
6           -33.037666573631014      
8           -587.44851265063107      
8           -298.12583925205178      
9           -260.03291395280655      
15          -857.8040078893531       
10          -143.61334691283633      
15          -680.43659400542174      
7           -55.6511650154645        
5           -54.038284018405783      
11          -253.85585032420434      
4           -13.286204894323969      
6           -10.43414279895136       
7           -19.682376792632443      
7           -145.69355014026877      
4           -31.757303477473538      
14          -1158.1315961163939      
3           -4.3693789758523014      
6           -35.135965020495817      
6           -253.96798355074654      
19          -944.60583549820296      
19          -1153.4924190285176      
8           -164.80491844524616      
18          -1246.2293056582823      
12          -203.16285429574634      
14          -371.38712039120298      
7           -119.46612289685029      
10          -378.47763909266229      
9           -89.223298696017991      
8           -474.65599338427813      
10          -505.83530325079357      
7           -54.720116232129101      
8           -52.681492492351239      
11          -388.72942896035869      
8           -240.99412275192196      
4           -12.959528280026959      
7           -124.59937087300369      
7           -111.55039784608826      
12          -241.23971657863831      
8           -259.81915978717382      
