470 1 -4127 35 35 35
16          -4267.2922574440145      
9           -1570.2859861939596      
6           -1602.7745827168301      
5           -979.87421106888712      
6           -473.22474574147338      
6           -61.69877929564457       
4           -166.22203797134208      
9           -867.02348724706894      
6           -80.170466032465328      
6           -88.760362626102477      
5           -631.96709128567466      
15          -2456.5259219552081      
9           -2152.201866843795       
12          -2773.9951086356923      
5           -1686.6798635164957      
9           -2886.2465240187516      
12          -1634.9714504637809      
17          -5837.9097178620077      
3           -38.41912933649354       
12          -2164.395028795132       
5           -232.79245716471172      
11          -3019.2706241329493      
12          -4120.5182728785612      
9           -931.71831048976151      
12          -4048.7252627263788      
2           -5.5920578388213498      
7           -516.93554128779215      
9           -377.26244692705467      
11          -2980.887102692167       
7           -468.59543349188812      
2           -5.5920578388213498      
9           -872.65906870279241      
12          -3332.5999865249332      
6           -1491.7683295053735      
4           -45.535203958624109      
6           -2020.1749325847004      
8           -1145.3100127068228      
17          -2999.7887232444755      
11          -2476.6840190276107      
10          -706.73132001177123      
10          -1640.337062261252       
12          -775.67315129829944      
11          -2074.5389548583062      
12          -1704.4161279274613      
7           -399.92221171134304      
11          -1347.9862073153965      
6           -798.87433785298413      
12          -3883.5988653028571      
7           -465.17729049094589      
8           -1294.8648912283513      
9           -3615.9525319429872      
6           -460.0442155524488       
9           -465.59103063716759      
12          -2161.4608685759995      
14          -2848.5114112260435      
11          -1935.779491121411       
8           -457.26718755096636      
7           -1785.819068127746       
11          -1527.1616420719563      
6           -879.48245684532696      
6           -537.14442644318615      
15          -4707.2517747430556      
13          -3732.3873980331118      
6           -866.75978873193924      
23          -9105.6868064473911      
6           -277.89747406407309      
11          -2151.4111568851481      
18          -5886.1903165180811      
5           -34.950361492633441      
9           -1748.2611963080219      
12          -3664.8332572491026      
9           -1326.8735033479375      
5           -52.96851019739907       
9           -1063.3230607010257      
13          -1645.9083939260927      
5           -143.11188445294709      
8           -209.81244329210978      
7           -1146.1686648596215      
9           -3602.2086580432124      
5           -55.370256544585914      
4           -24.909996426855084      
6           -674.7166156730018       
12          -2435.7312324626123      
8           -992.88997278310467      
5           -239.89502260333884      
9           -1425.8941200222107      
7           -1274.1437564795792      
8           -1320.9844419450353      
7           -460.94121987306698      
7           -1444.7017304113026      
9           -1256.8689972246502      
11          -3831.6716284948129      
19          -9038.0847380570922      
14          -4621.7256148304559      
11          -2197.4845603235326      
18          -8293.8235994050483      
21          -9840.9079520379746      
6           -295.76486742934514      
14          -3428.2624341593428      
11          -2762.6063029971228      
15          -3463.831668457527       
