470 1 -4127 35 35 35
8           -115.37988175306307      
10          -858.43275005129931      
8           -113.26432261192598      
10          -703.41351881589526      
8           -87.518568479594251      
6           -231.7107812572101       
15          -1737.2025810072776      
8           -594.79059672621702      
9           -1058.4785420645389      
10          -473.52931858167869      
9           -78.28362960970702       
7           -727.68483856432204      
8           -478.21792278715168      
7           -63.368982360722597      
8           -489.67020007082311      
7           -100.44578546877929      
7           -734.78702000985015      
6           -160.04514342314607      
7           -113.09632232343586      
9           -226.12533950526324      
4           -8.7380382210161294      
18          -3291.4209500441452      
13          -877.6543389384932       
11          -615.68552030645014      
16          -2064.040517512899       
18          -1780.0033805418632      
5           -392.21428683544605      
9           -756.65612992389663      
11          -379.32545665445207      
7           -40.024982422034199      
6           -421.19298666293787      
14          -1302.488235606482       
11          -1334.6013330938506      
7           -56.62701343054465       
6           -341.18307931641266      
12          -604.16883343834536      
24          -2799.8253066539901      
9           -1616.9112116093029      
8           -540.31351155314314      
17          -1927.7180656520859      
8           -451.98970660581898      
4           -13.943458512324558      
12          -1264.5380412933605      
5           -35.978981737970763      
3           -4.9151464993215725      
9           -570.49403319975954      
7           -299.09657716559786      
5           -16.477606245667992      
4           -9.9196505644561555      
5           -186.35677237154371      
7           -79.285039811494613      
7           -169.76601891078965      
8           -178.33870794952247      
10          -2149.5621842225578      
11          -1484.6210347503625      
20          -4023.5869662693622      
22          -4555.9996807780217      
11          -478.07452681156622      
10          -824.37529669321043      
8           -287.04347804650428      
7           -228.21924413614843      
5           -125.13642609069277      
10          -1110.8135948025338      
15          -1780.0237370006403      
12          -1134.8436713333363      
5           -30.121815237864254      
4           -16.600051346728101      
5           -19.336254186437905      
13          -1820.4649253977143      
19          -1866.909610000137       
6           -31.629216914365799      
12          -303.27758214432095      
5           -46.482790448938466      
14          -1134.8152399762616      
7           -437.65256110955164      
7           -273.03081396722973      
11          -436.97937824905603      
8           -470.76705727574421      
10          -926.73318667641399      
6           -111.91572270165602      
18          -3335.4521235282195      
6           -188.28594352905353      
15          -2241.8586189202279      
11          -934.44637958455826      
6           -174.26847848632087      
7           -408.23353067005525      
11          -550.56631475126926      
11          -308.49257551078989      
7           -1008.9798754788245      
17          -1182.8643201301429      
11          -1295.4687485198804      
7           -209.90626974613934      
8           -186.67689847214149      
16          -1745.7992536851179      
6           -97.121320978916003      
10          -970.82130418781298      
2           -2.1845095552540323      
15          -1005.5526628013062      
8           -69.758070776773877      
8           -381.74187157496601      
7           -252.60354911146868      
