470 1 -4127 35 35 35
8           -519.52884596660419      
9           -123.20687611119334      
11          -334.40747076797152      
12          -153.80125247129564      
1           -0.19603775922131797     
6           -11.777650223898984      
16          -615.69397572369883      
8           -341.99650893830159      
15          -860.2529362002482       
6           -281.55940070883139      
11          -272.9280807886787       
8           -78.197421805391983      
11          -385.31709688499296      
6           -162.49898928497558      
8           -190.99783413696261      
12          -320.79516405274666      
14          -574.43344476164259      
7           -41.207126585692862      
12          -324.2640661920077       
12          -325.17602569023381      
13          -664.19717329951709      
15          -966.2341961338509       
13          -955.27302942623282      
13          -391.36977970340212      
17          -922.98170584769787      
14          -523.52545673188058      
9           -544.47869864354311      
12          -264.33847460790952      
7           -166.70358600235178      
7           -87.670924132645666      
13          -551.96480637473633      
14          -601.57537022179235      
10          -215.47494945121394      
14          -1550.4685851121276      
16          -721.13332637725227      
13          -348.3552819717122       
15          -741.95639832613892      
8           -322.11623257796481      
17          -511.02374906697122      
9           -397.61091403849696      
14          -827.90847304912097      
8           -416.81399758406911      
12          -277.49706001213474      
9           -221.23603435676569      
11          -112.64991906565851      
8           -62.139822887979392      
7           -342.5909999627338       
13          -434.09037391170307      
7           -66.210255316445         
16          -726.78198837031357      
9           -245.69347762532772      
15          -483.95172891203407      
18          -966.4208538733925       
19          -1229.7850874604269      
5           -121.87020385421212      
6           -101.70403538343056      
7           -99.612532601609473      
4           -14.462096412944698      
7           -85.951545137150589      
12          -342.38112274637365      
5           -10.204927796024165      
6           -136.68623578727173      
7           -152.72484075221942      
9           -69.707887687916269      
7           -91.705360477583838      
6           -75.240012411853229      
7           -122.87637711565046      
9           -171.32751847327145      
20          -1125.2375491578298      
9           -314.096328427439        
8           -169.34890554504619      
10          -529.84712859928152      
10          -549.23186044518707      
5           -181.34331841390198      
10          -299.20326376191548      
8           -268.25166583518546      
12          -610.83502606858019      
5           -66.171062457531519      
13          -630.1097781600854       
13          -707.13918472098771      
6           -10.251979425350561      
7           -134.92811117601391      
16          -795.12505306155242      
10          -263.21623203796918      
11          -677.90225412756502      
18          -711.91599097262019      
18          -1153.644745132422       
9           -77.319198032024019      
7           -180.24946252684893      
13          -532.40835803968776      
11          -166.37999677266535      
8           -123.20210451171461      
0           0                        
10          10.804885743353907       
6           -233.44693341292077      
6           -80.370227040384933      
9           -340.68775523141892      
11          131.75424272268333       
12          -464.1335122839501       
9           -420.21124120367091      
15          -823.15291941447344      
