470 1 -4127 35 35 35
13          -239.71513293167908      
11          182.86037176461963       
14          -562.66727306068935      
9           -260.75325851805576      
4           -158.27047660045244      
12          -723.64102889867809      
7           -224.72815216550563      
10          -391.44933371525963      
8           -14.916356442979763      
11          -627.05789280206909      
11          -365.78521654178195      
4           -4.2764893036924319      
5           -95.087154006811915      
7           -130.57648479877679      
10          -279.35665379772087      
6           -12.80136225352984       
12          -538.79865071675442      
22          -1686.1555498347025      
19          -830.13655814646654      
5           -126.24534601641317      
5           -173.58797879596568      
9           -364.8838901772649       
4           -45.495860385918057      
6           -295.75645403292702      
7           -193.01223369617995      
10          -409.43284452229778      
12          -542.82621126728031      
13          -371.87474125942902      
12          -369.98013251780139      
11          -526.86775926231473      
12          -308.84911130110481      
10          -254.41265744216184      
11          -406.23969866415592      
13          -668.10660863227838      
9           -372.35002299220099      
9           -598.66479377166934      
13          -599.50602308379553      
7           -43.322058872002351      
10          -221.1237992052709       
10          -590.70970608443508      
15          -764.80460516500648      
12          448.20346294249066       
7           -31.707433857517572      
5           -5.0590221529502433      
5           -44.760894842946414      
7           -503.95500460588289      
16          -957.5955316520093       
7           -153.71494461597601      
4           -13.130509524897757      
13          -654.85241992938029      
11          -195.50049632730995      
12          -309.42894004736013      
10          -100.1290564019761       
10          -210.08758158056375      
10          -140.37158975507825      
14          -317.63513696925571      
7           -136.57698711470485      
7           -135.87428191861301      
11          -245.19298869112086      
8           -505.72199894648435      
15          -980.69754924813412      
11          -556.34961015156227      
8           -233.23310882694472      
9           -122.2831555323757       
16          -210.70709352660845      
13          -506.67629799643294      
10          -226.02586264441689      
12          1385.6335493098018       
12          -493.8514214239583       
8           -230.45454528235868      
8           -228.31673372963286      
12          -604.98913988197808      
22          -1334.6631571086068      
14          -841.46438425425674      
12          -552.68608394426315      
7           206.90378661730207       
9           -208.56879039054246      
12          -543.91190518452538      
15          -742.31766077750342      
11          -500.15303627897759      
19          -18.575956459420489      
4           -3.2377741778881557      
12          -574.29463509740572      
8           -363.94094418105942      
12          -324.3283426158722       
11          -209.17596241323361      
12          -641.48746684314574      
16          -682.43529983074563      
8           -264.71672582362703      
18          -1716.5783021100497      
12          -971.04926282893507      
6           -244.30657928132015      
4           -17.516575802193557      
13          -581.32304049182096      
19          -950.44184665565967      
16          -992.76583407821897      
12          -663.35874645207298      
21          -2108.1067721993786      
18          -953.24731988230815      
8           -721.83209061642231      
6           -119.03278376565214      
