470 1 -4127 35 35 35
21          -3844.1251376878013      
17          -3234.0643075616131      
6           -52.260229545310622      
8           -1091.7376203835702      
12          -1433.2202454981418      
22          -3275.3764065871146      
14          -2881.1596528182799      
15          -1224.4239652542542      
6           -66.498921504662263      
9           -767.89406972617451      
11          -719.81333132234943      
14          -1513.5258259137918      
16          -1907.4248367630703      
12          -1327.0579452459235      
12          -713.81696500493945      
12          -1519.8373415550916      
9           -387.39086787679656      
10          -220.69563870164075      
15          -2872.1920607587176      
13          -2243.1714338206161      
13          -2063.9680181073963      
6           -93.480160728524964      
8           -1053.5139781551995      
8           -322.68350734231899      
10          -506.10482366215865      
13          -1306.0997666272467      
12          -2036.0143671200108      
8           -873.22930014712858      
21          -3738.7164882571433      
15          -1301.1955753368723      
10          -472.75076691019149      
15          -2114.6287872924831      
13          -711.95075088602084      
6           -216.56396883323004      
10          -98.447276395787227      
10          -449.76870775631869      
7           -65.924305832488415      
8           -188.11944595449754      
12          -893.19812087036826      
4           -51.764127496217036      
17          -2248.7661215901153      
15          -2269.8016375757502      
14          -1468.4460861090781      
13          -1679.394677053675       
8           -328.06710580230754      
17          -2449.5397735909723      
7           -142.64058278076865      
12          -1044.3677461546572      
10          -1034.4658601206495      
9           -783.05633287705086      
10          -209.81004015354057      
5           -63.327005538348871      
17          -3457.2559472877683      
4           -26.335692692160766      
7           -27.577255265246826      
24          -2032.2493299105893      
15          -1378.3275414202108      
10          -1140.2573561499541      
4           -9.0048180457948845      
6           -378.88641035357921      
8           -208.37069576113984      
12          -915.04538333148093      
8           -761.40308851246823      
8           -370.35863660370649      
7           -462.50849091261802      
6           -779.15143876850675      
10          -657.1996490173434       
6           -29.46280177746117       
6           -278.07100239781073      
9           -149.14935598706819      
9           -680.09094622786131      
9           -733.95271081463829      
6           -1320.13851035878        
13          -1576.880993082232       
10          -813.56579267884433      
7           -359.94208873099296      
10          -957.6351153369103       
13          -2074.6449730752693      
5           -214.63882709848508      
7           -571.21333142756077      
20          -3113.7889890176189      
8           -1076.9360961185084      
10          -284.71324640817102      
6           -148.01294813499914      
18          -1831.7341495676658      
10          -621.36864500507318      
6           -79.845154088431968      
8           -746.65193872668101      
8           -88.316997037444665      
6           -53.250693369518018      
5           -108.86065516243927      
8           -197.50133020713145      
10          -556.63164672160758      
6           -88.885087927362719      
10          -690.48543625853381      
15          -287.37193309474617      
9           -524.50916171524398      
12          -866.50798480076924      
25          -4499.4037994039763      
10          -423.8780571132794       
11          -968.94863720409262      
