470 1 -4127 35 35 35
8           -260.16488887768173      
13          -942.19535538757486      
4           -4.869186545073843       
3           -1.764339832991862       
14          -204.53452700115474      
11          -169.09986767027283      
7           -101.80457533422174      
13          -288.77248428702603      
11          -297.44561457727241      
7           -19.401575213058173      
7           -78.472062131403561      
12          -246.60620123976926      
4           -5.349062398552741       
19          -949.58240504832816      
11          -188.06836857631717      
11          -778.9485991887542       
12          -773.28990266423295      
9           -208.85933711978197      
8           -179.21138065875931      
5           -73.461562413569183      
6           -250.24765186327636      
12          -50.191729530461942      
11          -571.70852341306625      
3           -1.764339832991862       
8           -213.21199273802026      
10          94.84024890627758        
11          -353.90718272741583      
10          -221.32508506087598      
9           -350.59256682173481      
9           -278.54787109913093      
10          -167.15881428744515      
9           -201.03923148671348      
10          -235.83128737619708      
12          -167.63301842626294      
13          -337.9993983757409       
5           -31.70425444480491       
15          -947.90054519048999      
6           -328.62396861079708      
12          154.15863493601043       
19          -1647.1210825510443      
9           -109.26247069725919      
13          -747.47971704085012      
6           -11.920749615989621      
9           -230.78616596202073      
9           -86.480107195900146      
3           -1.764339832991862       
4           -3.1366041475410875      
5           -9.4821116255688409      
9           -179.57893547590197      
10          -510.54010901525385      
7           -169.0972272206827       
7           -262.37904028741497      
11          552.48502101897714       
4           -3.1366041475410875      
6           -234.6812346786069       
7           -85.769080624163735      
10          -164.73355651389389      
4           -4.2947033793733045      
16          -736.5352143671472       
11          -590.27730146383567      
14          -1092.8579055067066      
10          -327.95665459222147      
11          -490.11785391990219      
19          -765.44304864469325      
8           -82.115296097605992      
10          -233.51130045689797      
6           -175.62949217065386      
14          -547.87471239761794      
14          -911.46924917134493      
14          -865.32786253976406      
9           -465.34080924732518      
5           -156.06394478646783      
7           -144.74075059369946      
14          -830.12122359982584      
8           -267.99054767616326      
11          -126.78374075061714      
5           -44.370595319174754      
6           -56.958984673869423      
11          -224.61797624385127      
9           -285.25457642503034      
7           -111.16681323943726      
8           -107.99583807328453      
11          -509.09353788696757      
12          -296.00791603055666      
22          -2012.3003504472201      
19          -1411.2252848263922      
14          -756.8673624757613       
14          -830.49829668730274      
9           -287.93914969067612      
7           -280.06805483619297      
16          -669.29420945282743      
9           -138.36431389595336      
11          -521.36801661536856      
5           -125.81256469168048      
9           -224.98368190921229      
10          -72.485027337763199      
12          -334.7605142576524       
10          -147.98912978733097      
3           -206.82188283332948      
15          -635.87485111958927      
11          -512.96609383935993      
