470 1 -4127 35 35 35
6           -52.53931660455283       
8           -141.84445975864253      
7           -80.349999067489009      
6           -127.49886903820838      
10          -3029.9389760826944      
9           -2714.2326414834797      
9           -2214.4027062530545      
8           -1891.9571394977127      
6           -618.88054389763897      
7           -849.93515699683996      
9           -776.39062023653241      
14          -7278.2834392862887      
8           -322.36632615947673      
7           -794.11046402256011      
15          -5088.8059378776643      
12          -2368.2968128301159      
15          -6272.1371061164509      
18          -3905.4783367708169      
10          -733.03421034518544      
4           -22.368231355285399      
5           -346.67155707225476      
3           -771.19505988039361      
7           -1348.6894100880065      
6           -63.785317536010389      
13          -4089.3764863823476      
13          -2405.578149490565       
5           -39.029322819953968      
7           -943.81124771895304      
13          -2941.0990526657292      
12          -1950.39051451248        
10          -2358.2677676155281      
3           -20.719488567164312      
12          -2005.9289032686202      
11          -500.3268736576872       
13          -1628.6958664139306      
9           -1354.7203746367045      
16          -4790.1779951649114      
9           -2747.3856766943613      
9           -1456.0695526667332      
7           -242.36871531406334      
3           -641.23784171095895      
10          -1184.0657970989623      
6           -1141.1623329564161      
6           -102.17792282007589      
4           -676.50648227859244      
6           -170.08715550718105      
5           -278.1324927763917       
8           -1102.3157931303344      
5           -1117.533692830164       
10          -2226.0708434435683      
14          -4423.2399765787095      
11          -4520.1721782032791      
8           -521.55372678301057      
7           -1281.1619300233715      
12          -2078.7820074199926      
9           -782.80926760940656      
7           -1972.0353346640507      
12          -2746.7164365031899      
13          -2809.5603917104504      
12          -2452.8556933067925      
16          -4625.6091361558174      
8           -526.63750208114777      
6           -525.51571504098627      
8           -777.75520231053599      
8           -728.18022940683613      
6           -106.98639054728278      
8           -1339.4260965291187      
9           -1710.876324014871       
3           -12.582130137348038      
6           -658.7879026629239       
11          -2179.3335513948623      
5           -307.64203162626177      
8           -1131.627149869895       
4           -31.923731828073908      
12          -954.40880225709554      
17          -3615.4631798088099      
9           -1414.6873185874965      
9           -839.56431620790818      
6           -1771.269708919157       
12          -3886.4204693619772      
8           -850.18815396755349      
8           -1729.4562194584666      
12          -5360.4590545597239      
11          -2282.4584441119928      
7           -2023.7061366180651      
5           -671.17786735246216      
11          -4919.4650741151818      
14          -4454.0937260770752      
14          -2392.002885565279       
6           -370.17642974908927      
7           -467.12581900546888      
9           -403.12393443953624      
11          -1954.9355466065922      
10          -1258.232289221469       
17          -3889.0864399773         
6           -605.5333051645315       
12          -2142.5052242373772      
6           -494.08255325066762      
7           -1090.7513521007695      
11          -3019.1091026400118      
14          -3667.4717565069213      
