470 1 -4127 35 35 35
16          -5484.1627062121361      
17          -6989.1091099541663      
13          -2095.6165562911983      
8           -512.69477800440802      
7           -1220.7301111652321      
3           -12.799395642727369      
8           -130.87121559199315      
5           -840.69273799902976      
8           -1455.9249219845376      
14          -5297.4180321619688      
9           -1455.3830731844027      
14          -4481.1132180222367      
14          -3127.3413663152246      
7           -340.97588150802068      
16          -7527.9828231301899      
10          -2273.7529046216241      
11          -1632.6974393131995      
12          -2342.2251172187603      
12          -894.34100122935627      
6           -752.25198437340316      
6           -1338.3108211958304      
9           -2447.73444771506        
3           -12.799395642727369      
10          -1259.5935283582075      
17          -6756.5402742700135      
8           -1044.8856461303135      
6           -232.33553460773777      
8           -751.82408792115461      
9           -1728.6694691408682      
13          -5582.942793730911       
12          -2750.1905227571642      
15          -6073.8055495078352      
7           -598.08585379325041      
9           -1051.8300534105592      
8           -1692.8075972649688      
7           -1204.5152628499         
6           -1730.6352768296699      
8           -958.35325649984225      
6           -58.951614597181845      
14          -4203.7953802314096      
12          -3049.8304434188149      
12          -1956.1569039440792      
8           -2948.4240907951485      
9           -1461.8335336497062      
10          -1265.7292110216456      
10          -980.37295407439137      
12          -1784.1562198753695      
19          -8808.4679350967344      
10          -2479.678964970255       
7           -694.40803359217284      
13          -6114.5741989401367      
15          -4976.1328463124855      
15          -5773.2184588380624      
15          -2784.8419836603225      
12          -3573.844060775129       
3           -12.799395642727369      
10          -1459.1131293848325      
11          -2739.440101872884       
7           -1188.5376555906232      
9           -823.48767307306389      
9           -2622.1928315828172      
17          -6107.3769009434109      
8           -1641.1058993103559      
12          -3967.065207405305       
3           -12.799395642727369      
6           -836.2774431693814       
6           -1652.01276527558        
11          -4348.7206655404061      
8           -1596.9124859300964      
6           -600.80666061969418      
6           -74.94881582326579       
4           -22.754481142626439      
6           -248.79823336538288      
6           -127.4612927712852       
3           -12.799395642727369      
5           -792.60877107768522      
18          -5629.0867297535915      
19          -7825.0081692853046      
7           -1120.3358690406776      
19          -10176.701024522597      
5           -145.36135387786166      
9           -3275.6939286194697      
8           -837.83361130989124      
12          -3517.8602497346624      
13          -840.15013690592821      
9           -1199.9179503043836      
15          -4169.4996428306677      
5           -326.51529816278708      
8           -790.72786749260149      
10          -1900.1685400540284      
18          -5030.0227105741842      
8           -1765.9792681478095      
9           -902.71333091592237      
9           -3088.1167107073161      
13          -1966.0285348416242      
6           -64.711604198814186      
8           -1262.6101935234749      
13          -3490.3426816943725      
11          -1627.4243709238735      
4           -22.754481142626439      
5           -45.01324282623689       
