470 1 -4127 35 35 35
3           -430.74356621812444      
9           -1571.4302985376021      
5           -646.74766474479361      
13          -4602.9386024360747      
8           -1867.1732317121998      
7           -101.89395990082883      
4           -23.065355929577112      
13          -4038.2059993905441      
14          -4695.0037325837766      
4           -43.993671201992868      
9           -1407.8700167610423      
9           -567.23115086096118      
8           -1650.1670225380335      
9           -1469.0493595619278      
7           -555.00523738228526      
11          -1498.3599314111013      
6           -124.43199800173836      
6           -436.69706809507295      
3           -12.974262710387126      
13          -2641.7959622417816      
19          -9342.5609036933402      
10          -276.56244730544898      
3           -12.974262710387126      
12          -1675.0634078710716      
7           -830.75030557283594      
12          -2745.2500911849738      
17          -5513.1182305210223      
12          -4359.8624952490291      
6           -713.3874165292882       
16          -4816.0489510636635      
7           -2866.911529804489       
15          -3600.0169278999756      
8           -1832.0645473507548      
9           -4800.8069836146342      
10          -2050.5419909109032      
6           -1728.7590529299155      
7           -721.56451167614568      
9           -1693.3158930584796      
10          -1289.6069816718884      
8           -1206.562531742507       
8           -590.70892396878708      
12          -1192.073036915278       
7           -995.90527086253019      
10          -1520.7334886073977      
8           -945.52939062697158      
8           -138.60867751474973      
17          -4343.5508538298091      
10          -1056.5771665314098      
11          -1846.3407852393605      
7           -1240.248786626551       
16          -2836.4309861853567      
12          -2276.6796144373343      
12          -4978.8865436259648      
7           -694.0059410152237       
18          -5297.0029733873489      
15          -4364.7277186901701      
16          -5515.955818597713       
2           -5.7663389823942781      
6           -110.02262293908316      
9           -1627.1825278393776      
10          -1438.9079487400645      
12          -2656.3133481950285      
13          -2619.2464514591306      
7           -1043.3396599410632      
11          -2209.9902971551064      
9           -372.63662164180914      
10          -1694.0093479052973      
6           -1065.7268960601059      
14          -6426.859371880214       
16          -6357.8050041391061      
19          -7325.9630007382148      
7           -275.62333616018225      
16          -5232.8787752929184      
9           -2038.5504803671961      
17          -6335.5933054303123      
5           -707.44204342905527      
9           -291.18018981026506      
7           -1095.6494052707453      
9           -3007.4940480390787      
13          -3495.0195909361832      
15          -5161.292253462384       
6           -230.20633806286014      
11          -3239.1747653401007      
8           -959.82904294558489      
14          -5434.7970128411307      
12          -3114.9705598935329      
6           -1071.7825149686091      
17          -7377.4395305996431      
5           -896.50349273551262      
10          -983.67596431114191      
11          -1643.8492644953064      
8           -4166.9445030000898      
12          -2884.2183094924162      
13          -3908.5098064982121      
5           -802.93591690929691      
15          -2484.1654409618613      
11          -1538.6519588825286      
9           -2322.9502189353334      
14          -2936.7423455477019      
13          -2831.2753789718204      
12          -1998.9687071001658      
