470 1 -4127 35 35 35
8           -588.42993751863821      
10          -2622.0305047919942      
8           -465.18303123956139      
10          -1920.257928203464       
8           -345.54957687460518      
6           -886.47005312194096      
15          -4135.3480515370411      
8           -1423.1444014156045      
9           -2774.3763371670234      
10          -1642.9170956528526      
9           -286.60443335065747      
7           -1612.1370856830035      
8           -1320.0316240996076      
7           -237.45181763922827      
8           -1487.3234289241718      
7           -428.96963401117523      
7           -2502.6787153877517      
6           -453.3286010344367       
7           -376.00158279841963      
9           -821.79724326490134      
4           -23.065355929577112      
18          -7535.9488316551233      
13          -2477.5095131968633      
11          -323.86672105695504      
16          -5776.7569643654833      
18          -6205.5508947397484      
5           -929.97689038328087      
9           -1741.0904581044697      
11          -960.78081766187222      
7           -138.30176279269347      
6           -956.74441227085288      
14          -4339.0186726750753      
11          -3859.9474535905338      
7           -217.21569758669273      
6           -964.90957261874553      
12          -2009.0079292506935      
24          -8259.9330022039121      
9           -3961.7072643149877      
8           -1451.5301178457516      
17          -5607.6440802685283      
8           -833.17318052714961      
4           -44.070983334846972      
12          -3476.2611028343208      
5           -93.697886947359734      
3           -12.974262710387126      
9           -1917.5237799767906      
7           -1150.4178869776283      
5           -41.479479187889346      
4           -26.520811712400835      
5           -512.86871129104918      
7           -277.41857637098121      
7           -675.84324400973856      
8           -597.79483465894668      
10          -5013.9887747927469      
11          -3892.3100927479395      
20          -12414.084456737448      
22          -13534.899094789109      
11          -1160.051341882875       
10          -1966.6486673884092      
8           -627.27820124446907      
7           -575.27030199337059      
5           -316.61748102929369      
10          -2300.260042114433       
15          -4820.0242467026519      
12          -3245.4523908001661      
5           -120.72381694907014      
4           -68.976276371820106      
5           -47.264604693356063      
13          -4304.0486442047059      
19          -6361.8134307927849      
6           -82.98938981924627       
12          -822.61216497507917      
5           -195.73071879674964      
14          -3723.8607336313462      
7           -1155.4636153943613      
7           -1063.4074200969919      
11          -1188.5669105716925      
8           -1023.924262060248       
10          -2290.9647562617347      
6           -333.9075890111348       
18          -7766.3836022400446      
6           -466.30337385496023      
15          -6555.1881209092016      
11          -2240.1900075078297      
6           -631.59603230457026      
7           -475.53370800445504      
11          -1692.0972550640902      
11          -1170.7993257710218      
7           -2452.3168525775177      
17          -3642.2807575516822      
11          -3682.7847864655291      
7           -633.24837739423606      
8           -745.60771625498376      
16          -4803.1663345901343      
6           -414.79624558150857      
10          -2472.0472305611229      
2           -5.7663389823942781      
15          -3803.0317041057019      
8           -198.52769801889087      
8           -1106.828805016509       
7           -993.80235266026693      
