470 1 -4127 35 35 35
13          -4668.8970623900505      
11          -3439.7293369301715      
12          -3926.2099043509684      
6           -418.81751589850728      
12          43.932566737378409       
8           -369.82050498190603      
11          -1753.4300055344129      
9           -804.60266144513582      
7           -1924.3252388313233      
9           -2550.567095148202       
15          -5047.1412150169199      
5           -1264.4966579319237      
10          -379.27369450512901      
8           -1302.1774947941606      
3           -12.974262710387126      
16          -9535.5212695587488      
14          -5433.7615193137644      
9           -1775.7750186836311      
7           -444.85736162400622      
8           -1935.6547713428247      
12          -2687.0312338246436      
6           -1052.0264250969392      
12          -2427.3089447498846      
13          -2031.3310861184425      
17          -4397.3823870135757      
10          -832.32134093199659      
5           -204.43482351571728      
4           -23.065355929577112      
6           -313.58930964200687      
5           -93.415862113282145      
15          -3981.8339827501982      
7           -995.59978639408064      
11          -1649.9145822192095      
5           -46.140351150348337      
14          -3332.5233930166487      
13          -4000.4760262344289      
4           -1156.442306504397       
11          -2361.797970673591       
20          -11069.881806690248      
13          -3581.9976530332051      
3           -12.974262710387126      
3           -121.55874786367576      
8           -1999.2891694019304      
9           -1701.9520862745048      
4           -164.06611922928673      
3           -12.974262710387126      
10          -1425.3167889543056      
17          -8525.2786694713923      
21          -7049.046120244001       
11          -3921.5052359748233      
8           -1594.030869491959       
3           -12.974262710387126      
6           -120.77503956952651      
9           -2563.0624983951438      
9           -1154.4878917330088      
6           -591.20307503465949      
10          -2652.1754516882656      
11          -1401.4153979118223      
8           -362.14122115406587      
9           -1767.2702785803144      
12          -2666.8338109851593      
9           -1263.6913608267955      
9           -998.19513738525518      
9           -1662.7000007951306      
7           -2300.2788346491279      
9           -3464.3592146566371      
14          -3038.8541927066744      
11          -2373.3928564279399      
5           -1007.6472436062199      
10          -2042.9680432263729      
7           -354.99580566301103      
12          -3833.4512554800317      
12          -4397.9530192191069      
12          -4010.3074913467358      
16          -4048.7245076832787      
11          -1425.0717591099217      
10          -2387.5985040885344      
7           -784.30944636811432      
3           -12.974262710387126      
8           -1129.3892161233632      
10          -1288.8826690877841      
8           -795.00439532372695      
12          -2128.5296005025589      
18          -7425.3658354553645      
22          -9378.5024593235084      
17          -4382.6207019036565      
6           -977.88999288659363      
3           -19.180139731327081      
14          -5221.0272883956268      
8           -945.16411642027811      
8           -1729.137841841386       
7           -1500.5347257006747      
10          -1563.5473412031447      
6           -847.85208062317645      
13          -3517.9086009015964      
9           -1291.243945087117       
2           -5.7663389823942781      
5           -625.7835537169218       
9           -1024.8413957868138      
6           -1342.8458016723034      
10          -2933.241992199336       
