470 1 -4127 35 35 35
13          -3630.6910679809794      
8           -2400.5245776847396      
14          -5838.1589288043406      
7           -1109.5339387150923      
9           -1476.8781583050929      
8           -724.33576394086708      
8           -803.17981026234577      
12          -4797.4151876659926      
6           -1427.8758502832097      
8           -165.47163816652517      
11          -2298.1185575075947      
12          -1673.2408507192258      
7           -100.65969126040682      
6           -825.61919371313797      
15          -3950.8528295628744      
7           -1120.2075278763384      
17          -7278.5403367564086      
14          -4583.1719953736883      
9           -1175.5175903109009      
8           -1790.6277159003514      
14          -3863.3960562392813      
10          -1655.0680624909344      
10          -914.30964866781756      
6           -496.17815084422023      
14          -4264.0455056892924      
15          -3338.231407944982       
8           -440.35957175853883      
14          -2511.6242934537577      
6           -516.75515975390897      
9           -2641.8374582386327      
7           -1569.9248918450776      
6           -108.32719011374978      
6           -357.45146527833731      
9           -1266.95774102824        
3           -1006.8331048024339      
5           -685.48412961806218      
12          -3655.4807410129847      
10          -2058.5224161981041      
10          -3035.5772181684792      
15          -3621.0157159289124      
5           -1516.364832519411       
3           -548.10867520048271      
6           -1743.309145019299       
11          -2623.9608475557498      
13          -3742.4756524511768      
9           -1829.6918043005298      
12          -5037.8892099637251      
8           -1117.937564038333       
14          -3205.3469353642899      
7           -1147.7175063200714      
10          -1735.5255909078385      
7           -490.78751361482693      
16          -6228.6724381338927      
8           -1602.0828357653709      
5           -536.1260742768826       
11          -2176.4931919299634      
13          -1334.4787065071218      
16          -6405.8480527864813      
8           -1243.5237736444121      
9           -1678.8496418280342      
14          -1531.0348417012174      
11          -3457.6796527072747      
8           -933.12047730446295      
10          -1684.5737604285209      
6           -493.2247845301398       
6           -113.53205378991176      
13          -3430.3751611700441      
4           -143.69362043175798      
18          -7573.1350774613275      
7           -1958.6130049641984      
11          -2467.9050710319675      
11          -5210.0631707416405      
17          -6106.0567546505881      
9           -2140.9830277471251      
13          -3969.5996984607887      
11          -1535.3916088568542      
9           -1843.1089323105596      
6           -171.99260568468054      
10          -3291.4050413934565      
6           -50.328520549392152      
11          -1389.9456285256188      
8           -352.86149086660487      
7           -1072.8353314579736      
11          -1424.7580188423581      
13          -5631.8438624242135      
5           -83.411198070190238      
8           -342.01013213700003      
14          -3188.5684083811311      
11          -1865.8200338141764      
18          -6620.5356659925092      
18          -7293.1035883394052      
2           -5.5920578388213498      
8           -2461.1515436070854      
9           -632.37399153339197      
8           -2283.3522940737953      
3           -142.00178787492786      
11          -3435.5863938632274      
10          -4551.2408231283353      
15          -2507.0612939090147      
5           -835.37620651121131      
2           -1274.4616805683911      
