470 1 -4127 35 35 35
10          -1343.4361886175548      
9           -577.93066024701182      
11          -237.11482196238461      
9           -785.58797238484124      
5           -29.402684756977084      
10          -1684.4984356736436      
7           -529.07801036959074      
9           -420.52333027701746      
12          -1281.884117927616       
14          -1106.7567259369894      
5           -708.31885884974702      
7           -235.72079630568038      
12          -731.32389815335273      
15          -779.05205362672132      
15          -1839.8438404939959      
12          -1300.0319022100025      
4           -579.66196603368473      
16          -2531.7611886869145      
3           -180.88971916340427      
10          -1038.504185642098       
6           -539.26932340910457      
11          -618.36267396712924      
12          -1190.3644360458952      
8           -290.49897728214125      
9           -864.63871725571016      
8           -759.43465187150218      
10          -765.85489154941274      
15          -1473.0632019670152      
13          -1078.8852304888126      
9           -1079.0229134656493      
22          -4170.1976698935177      
6           -776.15065880003249      
11          -699.97071844493951      
9           -790.29915044794552      
12          -780.50428941255814      
10          -705.6066540228768       
14          -1544.9366717485423      
9           -868.80616496470623      
6           -21.275942815870078      
7           -196.57534144854881      
2           -15.47274653521961       
11          -1024.4201854253383      
10          -596.62731904091856      
14          -1290.5097484385572      
8           -201.41327405056236      
8           -1212.6787479194272      
6           -526.49549215270383      
7           -27.577255265246826      
9           -626.24265734040773      
12          -890.9112364782543       
11          -242.53626362332733      
4           -200.49432247694662      
11          -966.22499580051442      
9           -64.609182868362652      
8           -542.47258903033639      
12          -469.94940546786967      
11          -873.09141572864007      
12          -1320.4612183971196      
6           -308.67121427027496      
3           -5.0652101507596221      
4           -80.947096884712323      
6           -20.260840603038488      
12          -957.62323834663675      
9           -1141.4915652789182      
9           -198.39360562788193      
9           -416.73681116908506      
5           -451.001008850895        
3           -7.6805633450672364      
5           -14.070028196554507      
10          -1065.3470383439892      
8           -742.99588954389844      
6           -21.190400030033185      
12          -738.62890874361597      
7           -621.71551845322722      
2           -2.2512045114487211      
13          -1589.23824507223        
15          -2016.7389923658184      
8           -424.89522486334295      
14          -1063.8401571367172      
10          -935.09703251579981      
9           -114.4352292248296       
8           -136.52202288265619      
9           -772.6422844958829       
21          -4022.9828971083089      
16          -2397.7901601856934      
19          -1769.962315576807       
4           -58.729876051543286      
8           -853.18593382790812      
8           -72.618242148876945      
6           -162.39891932095071      
11          -433.75700990931944      
10          -1772.4072962916098      
12          -999.63265256231807      
9           -408.26740880661839      
14          -733.99242921102484      
9           -2303.0760415442696      
6           -374.59284707363844      
18          -1794.8434134786298      
8           -561.8136358109823       
9           -528.10685656453109      
6           -219.48647604542077      
