470 1 -4127 35 35 35
9           -664.13897251906542      
3           -12.582130137348038      
12          -3721.9627638714096      
19          -10111.704379944504      
16          -2646.9642495395888      
12          -3388.7619476726527      
15          -1953.1236521286482      
11          -5031.3340493568812      
13          -1857.0832139935596      
8           -1142.2529764543121      
5           -78.280796803578767      
11          -2519.7294171700196      
5           -691.46161861620919      
13          -3803.316581280149       
10          -2710.5001225747988      
8           -646.49951170191957      
11          -1293.2791635521507      
9           -889.07535537193144      
15          -2763.0632378302357      
8           -2685.3126226925715      
12          -2974.614661552077       
9           -1706.3346451714633      
5           -106.03774733697676      
4           -62.384750119118081      
14          -1480.2347564787328      
9           -1239.2551991594978      
16          -6583.804224026986       
8           -1239.3121479726285      
3           -23.902867283907305      
11          -1325.6699383810626      
4           -1208.2100911921041      
8           -560.25731924359536      
3           -12.582130137348038      
10          -1887.4918107314811      
6           -540.47467734420798      
4           -22.368231355285399      
10          -952.62774464945153      
11          -2128.0586433272047      
3           -12.582130137348038      
7           -352.48444440584171      
11          -3930.3017040796776      
4           -22.368231355285399      
9           -345.92528827449445      
10          -1722.0628780969639      
5           -57.53652404616475       
15          -2125.6973206983084      
11          -3063.2827565569041      
7           -555.74662179374241      
12          -2308.7626321281195      
8           -992.19506553232861      
5           -600.57047030472006      
12          -1447.1928117896532      
14          -3409.8922418805878      
3           -16.69467772925271       
7           -1083.139311474843       
10          -1829.7218593461175      
6           -1082.3529537324114      
10          -1094.2536184040916      
11          -3072.4676836205722      
16          -2470.2030037316495      
15          -4434.00828699256        
7           -2014.4687952888519      
5           -163.38261869407438      
5           -690.07864948399197      
4           -662.51817774884091      
4           -116.29318363679072      
8           -2512.6868598444439      
6           -593.82400249870147      
7           -1190.085737588644       
9           -2690.4811229278366      
20          -8298.3861070104485      
9           -2311.6820805521356      
9           -679.95487692588813      
5           -66.828286138099585      
7           -177.69453423070857      
8           -2274.4285121488206      
13          -4146.132276265259       
8           -294.42494088201096      
14          -4576.9122785001337      
19          -6626.6708704240809      
8           -1020.0017552812801      
15          -4823.9163087713614      
8           -2201.269037525683       
17          -7820.1294024757835      
8           -2402.6535929009942      
3           -12.582130137348038      
6           -1244.0790012000214      
6           -323.25567823944755      
11          -2195.3479717517525      
7           -929.42421507747974      
14          -3537.9836398985426      
13          -2760.5257134689436      
16          -5805.5264624922747      
9           -1197.7632964104432      
9           -3097.4999243186267      
6           -2550.999810895657       
7           -1017.1084768109375      
18          -4389.4420577327955      
12          -2872.1592407923445      
10          -948.82021484308132      
14          -5344.7945328955702      
