470 1 -4127 35 35 35
8           -930.3541704652049       
5           -1099.3221675109144      
10          -1841.6504797567807      
10          -210.4900845416833       
9           -1763.6773888271457      
7           -1003.0463946310896      
10          -1440.5636837259212      
11          -1292.6823358592328      
4           -56.945708854436404      
11          -1192.6778883868701      
10          -2753.5792871560816      
8           -431.6438480795091       
8           -1730.7333800885328      
15          -6254.1427260736436      
13          -4064.091986165351       
5           -766.76606680462419      
10          -2847.2074920153827      
10          -1580.9202544975342      
13          -1004.6753675550051      
14          -2665.8882783119329      
5           -370.4513412201872       
6           -1721.5878811313955      
3           -893.49494839709405      
4           -952.22662488817696      
12          -2610.67236407771        
11          -3190.8373624395804      
8           -1296.4035856185617      
5           -341.96002891177642      
10          -1368.8633149559741      
13          -3078.4455894456078      
11          -3708.3864682946105      
8           -160.28174196143539      
8           -2315.2499236786234      
9           -546.5604678922964       
11          -2452.0488127777485      
17          -5332.8331381956332      
10          -1794.731653906174       
17          -4241.5758555617203      
8           -1057.894097102941       
8           -548.47142101899715      
2           -5.5920578388213498      
3           -12.582130137348038      
3           -12.582130137348038      
6           -1283.8530916137304      
6           -276.65891294534345      
4           -23.72762602949442       
15          -2820.5258310007293      
18          -8929.2507616814892      
12          -1769.9480729816869      
8           -2552.0312489151543      
6           -409.43163126108936      
11          -3421.8265736457784      
19          -9878.565924615983       
18          -5236.0037726030305      
14          -5160.3701988537969      
11          -1231.5714492589264      
7           -138.16348874836046      
6           -1990.7620977230742      
17          -3490.087899930817       
14          -5234.3508400097744      
6           -405.76723368070191      
21          -11053.791833251871      
17          -5932.8048096411258      
5           -197.27472694838369      
8           -113.18477602525341      
12          -4769.1929216587805      
6           -802.09097197028348      
12          -4485.5805320156614      
11          -1639.5052721253871      
7           -3020.5248566956288      
13          -2600.8889753042808      
11          -1989.0456748084732      
9           -1812.6280580891873      
7           -143.83442464898718      
8           -257.69756377098457      
13          -7279.120754536787       
15          -4124.4897320125838      
13          -2635.0202457046144      
6           -1100.3363612379292      
3           -12.582130137348038      
7           -1017.6458427082918      
14          -5166.8351085456543      
2           -5.5920578388213498      
15          -5436.2024096568466      
12          -2034.6350468279215      
10          -3117.1731723552771      
12          -3214.236808783211       
15          -4178.2668839031003      
7           -545.43191771219608      
3           -100.44182560173667      
13          -3597.3052010557681      
7           -1204.2904174429527      
7           -800.10747305489747      
5           -103.19780828110009      
4           -114.75820385842205      
9           -2114.8098303407037      
8           -2045.3504438231691      
11          -3177.7855418642316      
7           -3364.1008278437293      
10          -1303.7315639383694      
6           -482.15324812329561      
