470 1 -4127 35 35 35
13          -377.11056872668337      
11          -186.91970738941831      
11          -378.93542859488878      
15          -1136.5280709072388      
7           -35.915174735340671      
9           -150.47969157471482      
10          -573.44579647078922      
6           -635.73364220219946      
7           -234.36666548546671      
12          364.61592859912935       
17          -1271.7554172923715      
16          -705.28687634762321      
13          -681.05131444573544      
5           -6.4645729660361066      
11          -286.69244451620807      
7           -35.503952662816161      
8           -191.37990543998407      
13          -630.15128511775526      
9           -182.33400507542046      
17          -259.31202931528543      
11          -678.4473369566756       
14          -397.89604216122893      
6           -124.79155867268098      
10          -603.95788524065358      
12          -273.61351020822883      
7           -128.85142288261849      
8           -242.50471850824644      
7           -199.19694260590163      
10          -300.45115698801402      
7           -50.745421744234982      
12          -240.40270121638588      
17          -884.67061199570151      
18          -1027.5273304012196      
6           -78.958031512435028      
9           -530.36460625617292      
11          -432.28699819954505      
5           -61.740797748095126      
10          -337.54432249691286      
11          -508.6601863791866       
2           -0.78415103688527188     
6           -230.59408802891542      
9           -421.79461348394295      
8           -297.74462232340142      
12          -785.63203729668453      
13          -1055.7712054829578      
15          -696.91007066694749      
11          -956.56318899630685      
14          63.132008847742625       
10          -339.01495880278162      
9           -172.58082196954811      
10          -149.20793331590062      
12          -276.28467596177904      
10          -497.14048448722951      
11          -722.37603668651332      
5           -195.36368425484977      
12          -633.53385298936882      
11          -510.2457017467782       
13          -541.15779025197605      
14          -1312.6072488510542      
12          -584.35145583602434      
3           -4.2784675912417596      
14          -174.85956528839458      
12          -465.77947341870089      
10          -76.302080868500909      
14          -1025.0519276301113      
14          -483.16391692252887      
15          -850.87942123156472      
7           -207.01804232108705      
8           -227.86427385705639      
12          -392.22017715044433      
9           -376.37525021004564      
5           -9.4271388041145272      
6           -114.56475176919594      
7           -79.595400327006843      
4           -3.1366041475410875      
8           -161.7503635020814       
6           -157.1220897529092       
8           -198.35488300926039      
12          -162.80240046570492      
12          -529.73317042987298      
10          -848.94143404031922      
3           -6.6401511665365636      
10          -48.678221837242653      
8           -117.64838787408272      
9           -122.56589115791287      
12          -607.45403749604941      
10          708.70378479115868       
16          -345.5530091880363       
10          -376.23302061915103      
10          -213.34339226497235      
9           -168.76534897200173      
10          -238.97881603466831      
14          -398.46500250059501      
8           -35.618781331280658      
14          -636.41055215859274      
8           -228.45770402329313      
6           -45.581256876977889      
6           -210.11452020327991      
12          -443.93894378151094      
13          -637.1503092222207       
8           -156.80758960716557      
