470 1 -4127 35 35 35
7           -341.29050939212181      
11          -1580.1514998179205      
3           -369.04908023982182      
10          -1161.9484689432732      
8           -1925.240790484431       
14          -3457.2986156337342      
7           -1133.1201200991675      
10          -933.83495064414728      
13          -2529.3818250275244      
12          -3528.3991146244221      
16          -4609.6931233051573      
10          -1662.8346485486945      
4           -457.30189300852135      
9           -2107.3671864182197      
8           -3404.2457255402314      
12          -3840.8453439571977      
18          -3573.5805920443836      
8           -1386.4641711232912      
9           -2739.5112312176061      
18          -7670.1695940723339      
13          -4615.8365474187558      
9           -1295.1636053247466      
5           -50.365640665046996      
17          -4793.6226544982565      
13          -1705.756167562075       
7           -224.90536276652597      
8           -821.14185335495085      
3           -268.72756124624959      
9           -1292.1780897590675      
5           -42.203572560370603      
4           -469.5320659319359       
5           -147.18963070961547      
11          -3434.0769562272267      
13          -3083.3931776040699      
7           -604.56409342909865      
4           -31.240229475763691      
8           -2388.1693812371554      
9           -1301.2618083670109      
10          -2633.3698013407998      
9           -1693.0668228951065      
6           -719.72135381551414      
14          -3760.2409950932697      
5           -1911.3166881091574      
7           -259.06825828526439      
7           -95.524517015951318      
16          -6501.7565976970427      
5           -869.04175094709262      
6           -470.36037973909583      
11          -4233.9781994413652      
7           -1675.9902585237201      
8           -2327.8377499084881      
12          -2140.2184078929727      
10          -740.38004896259781      
8           -792.88646692719703      
12          -2198.2058561030262      
9           -1067.3775823521155      
8           -1628.5014486402401      
9           -1512.263578096949       
7           -1002.8640447757039      
8           -2043.2215535398086      
11          -1041.7768308170755      
9           -1435.3032571826614      
11          -2998.793162471211       
6           -1637.3542220816885      
10          -1787.1229553207675      
13          -2128.6917397340085      
11          -865.32485502097938      
11          -2553.0337720488906      
18          -3676.9347413105124      
10          -1299.0075421518286      
3           -12.799395642727369      
15          -2802.2665426523035      
11          -1957.7186652185669      
11          -2463.180942293131       
10          -705.42899465895698      
7           -1116.7522606969619      
11          -2473.2842176695922      
7           -497.39072748673266      
12          -3010.3816091864815      
12          -4520.0531817762558      
6           -260.59470992216114      
8           -373.30049693222963      
11          -1781.4804322676605      
7           -1155.9951157376752      
10          -2492.6044165118155      
11          -2835.5853852501805      
12          -4485.6329050414033      
23          -11877.130304935414      
14          -5746.6502564831799      
12          -2533.8244894782083      
13          -2026.9323306320584      
8           -1434.8187125424276      
5           -166.51793180540079      
7           -147.47289117732169      
7           -936.73449063185092      
6           -270.83741209508037      
10          -2695.3392353481877      
5           -989.6517012406955       
9           -1075.133974160864       
6           -978.12362295770004      
5           -38.071848972262323      
