470 1 -4127 35 35 35
3           -84.949947846414943      
9           -697.92112286957354      
5           -143.46146151039221      
13          -1601.8304308186287      
8           -897.68499038821687      
7           -43.08346072600942       
4           -8.7380382210161294      
13          -1341.4127640175666      
14          -1551.2810607468994      
4           -15.493300923820469      
9           -350.10207712824104      
9           -229.56600236697918      
8           -431.44647346082297      
9           -433.40157960254061      
7           -108.57291962656397      
11          -453.82256040269516      
6           -38.799348050277494      
6           -477.38742645000286      
3           -4.9151464993215725      
13          -1096.3719245994939      
19          -3843.1747817555265      
10          -85.526697076702106      
3           -4.9151464993215725      
12          -588.28618687844164      
7           -305.1814100821972       
12          -949.61851818690684      
17          -1459.7994732787647      
12          -1475.9349783992316      
6           -214.20034644230742      
16          -2341.7011150739072      
7           -1125.298105333203       
15          -1231.4821498752776      
8           -606.51286593850966      
9           -1781.324596650215       
10          -849.13812242242057      
6           -446.06937319599945      
7           -165.39270477542294      
9           -676.15809398425279      
10          -458.99000756226513      
8           -457.77034874007171      
8           -169.25475970894257      
12          -384.44678012551014      
7           -281.62709714422891      
10          -622.90979057652692      
8           -285.72225206880938      
8           -48.872081464024973      
17          -1715.1835779842181      
10          -303.24031663294812      
11          -789.90475807190933      
7           -446.16618216195616      
16          -900.41730252774073      
12          -935.86435142288417      
12          -1875.9100305482525      
7           -249.5484755756618       
18          -1676.9529753895133      
15          -1464.3002057292365      
16          -2573.1640515473159      
2           -2.1845095552540323      
6           -47.462721538286289      
9           -628.27111847345236      
10          -441.51104654972659      
12          -815.85003141885568      
13          -810.75679678613415      
7           -440.34879507376303      
11          -934.31283284211895      
9           -125.60803855231518      
10          -537.51333603196599      
6           -260.28924460671823      
14          -2235.5062649424881      
16          -2143.0648453308436      
19          -2787.478949025166       
7           -104.84218931268299      
16          -1663.4949310583463      
9           -814.16448715126307      
17          -2465.5665281075885      
5           -153.73416823233489      
9           -100.73679958006768      
7           -358.55496136319516      
9           -1366.1017122326639      
13          -1116.0004264796896      
15          -1717.6890117798403      
6           -76.616105667036322      
11          -1069.4727527804666      
8           -184.04852990208644      
14          -1873.9765066403379      
12          -1081.021419265722       
6           -313.49920697490768      
17          -2385.6098698651917      
5           -539.89177048835802      
10          -685.62215954419878      
11          -445.88108333915295      
8           -1668.9112367825508      
12          -979.28795360893332      
13          -1362.8751209960878      
5           -265.70324643840382      
15          -720.85932133607412      
11          -315.93223078214271      
9           -927.28732576956941      
14          -874.22745440151562      
13          -1021.8029679113218      
12          -605.3193175628553       
