470 1 -4127 35 35 35
8           -1609.6222723801709      
13          -5349.8743404802981      
4           -24.853809430708722      
3           -12.974262710387126      
14          -4063.5990709072839      
11          -712.15130425085863      
7           -328.1371400453944       
13          -1792.9647012313551      
11          -2674.1370678886865      
7           -132.98109982195854      
7           -737.84359430138647      
12          -1629.3235695659289      
4           -36.479707084831318      
19          -6021.5163414251065      
11          -3723.9095292045645      
11          -4124.2708740672715      
12          -4231.5627415550252      
9           -1043.3772405172688      
8           -1365.0977171835475      
5           -453.12858881681865      
6           -1244.7235294811285      
12          -1953.0705025087609      
11          -3398.6796218541908      
3           -12.974262710387126      
8           -1072.7169881632617      
10          -1152.4578483142086      
11          -2759.5128992616906      
10          -2398.155167724597       
9           -1658.0460121202764      
9           -1427.26640274804        
10          -1175.1821079102108      
9           -1138.444918651594       
10          -1170.9482088875895      
12          -1171.0002936978465      
13          -2037.7439862408935      
5           -288.87522410876016      
15          -6062.9597279079226      
6           -2071.1165095178367      
12          -2274.2350632795137      
19          -9689.6658345732831      
9           -390.25097512518744      
13          -4976.4128787880791      
6           -80.245862274809483      
9           -1402.1258516116163      
9           -544.36385602584869      
3           -12.974262710387126      
4           -23.065355929577112      
5           -59.172019954652782      
9           -711.72477727756609      
10          -4317.1861852316779      
7           -730.08854594416835      
7           -1100.5044511592744      
11          -1464.2681096834544      
4           -23.961995277509452      
6           -1230.8409672550511      
7           -495.69911401552673      
10          -1631.2432638019563      
4           -27.316940607607528      
16          -4628.0687660434269      
11          -3102.7973088288168      
14          -7441.9513763349569      
10          -2611.6747908150514      
11          -2818.6860588671766      
19          -5813.8642384152927      
8           -435.70347420880643      
10          -907.13082008507661      
6           -926.53523975843609      
14          -3848.8182107230878      
14          -5578.0751376039789      
14          -4533.6012547017453      
9           -2390.9550771932581      
5           -671.71930990671478      
7           -773.80578158437356      
14          -6834.8329224446088      
8           -1079.8284805735211      
11          -1086.5899516280324      
5           -615.95747458879214      
6           -312.00805345098098      
11          -1506.7533765849169      
9           -2781.4414142352307      
7           -636.68691978633956      
8           -788.55020472076717      
11          -3639.1542917135998      
12          -1404.6464032790152      
22          -10286.114072439777      
19          -10769.093901328293      
14          -4791.5685267150557      
14          -4777.6939036442218      
9           -1855.8691596181566      
7           -1558.6835523342338      
16          -4376.218932320171       
9           -1334.1430717343601      
11          -1223.33510057627        
5           -501.03089594782494      
9           -1455.9701997353773      
10          -845.49486047579558      
12          -1890.0258000877604      
10          -910.01444942210469      
3           -1049.2028393148919      
15          -2170.2013073859798      
11          -2749.7339425859004      
