470 1 -4127 35 35 35
10          -476.64442752618004      
11          -80.573503402281816      
4           -18.614115458833478      
23          -1390.2052254823179      
13          -459.00660960118574      
3           -27.157508739242289      
7           -251.75116179034509      
11          -146.38092273590459      
9           -268.14980482701128      
11          -577.60971866585851      
9           -297.57814565583766      
11          -142.99033885908889      
9           -146.01999188935886      
12          -232.36558165582304      
9           -493.80972653804349      
8           -77.257805671689695      
4           -3.2377741778881557      
6           -15.715181340190949      
7           -75.014614491707093      
8           50.553372848503557       
5           -20.546992247298078      
9           -553.23276712078996      
5           -121.42663938783538      
13          -298.39167089250083      
8           -324.85007858856414      
6           -211.09927982964641      
13          -693.30063508479918      
9           -272.6898691623478       
2           -0.80944354447203892     
7           -153.01237444641919      
13          9.5753312845245375       
4           -5.8273889720740284      
6           -10.957679010860232      
8           -205.30568194795421      
8           -321.55177259017563      
22          -1695.8492418389162      
14          -903.14623575930329      
6           -19.379857088628377      
14          -448.85286851322974      
10          -135.64941753571938      
6           -201.09326227927789      
12          -98.784322965313606      
11          -322.01002180534368      
15          -925.66803994591658      
14          258.08511503577819       
7           -131.84178816914024      
10          -255.60077652212129      
5           -115.36442587225586      
11          -418.73832458655681      
10          -310.66014465245593      
9           -539.75144300011118      
9           -184.3550652344168       
7           -193.11320576015149      
19          -921.00581133484502      
7           -56.91880129307507       
10          -164.50308522124317      
9           -306.49400138871914      
9           -322.70248265159125      
6           -21.964225840739381      
7           -86.403683334432856      
10          -287.73813071492629      
12          -304.50048562691643      
20          -1612.495053122736       
23          -1914.2992851755471      
9           -174.38057598621964      
13          -445.87881662518743      
17          -703.72030475429119      
4           -44.306093944357499      
7           -11.292096510825797      
11          -420.89885187891929      
8           -353.67478711156122      
7           -97.438582760519907      
15          -871.66614776605354      
6           -177.720397581789        
6           -381.94661273253138      
6           -120.0797239589468       
16          -1100.5682355931103      
14          -755.56132153004455      
8           -133.35259434133991      
7           -69.263352661544019      
9           -409.0044327542206       
8           -144.65575788665188      
15          -684.39769147018444      
7           -167.01064734234964      
9           -312.90899023857907      
11          -623.50074559873099      
7           -25.31565455649335       
8           -145.35130443466153      
7           -206.54305156167155      
8           -154.05831303020977      
5           -21.899207941321308      
16          -427.03488150405593      
17          -794.09187203954457      
6           -40.355332021717544      
10          -379.47799519309899      
14          -570.00418008151667      
14          -577.8814926024744       
5           -35.882872275386873      
11          -341.81645261715863      
15          -1137.3232341263356      
8           -129.5797382951327       
