470 1 -4127 35 35 35
10          -48.662222442288488      
9           -41.611195325603084      
9           -400.13227206142454      
5           -55.430376341778292      
4           -24.663177992199952      
5           -64.58698067282576       
5           -164.1858272104439       
6           -108.97017654917065      
9           -237.09100991380507      
8           -246.92986098251026      
6           -8.1875534882893461      
12          -503.29882334951856      
23          -1305.4904411394339      
14          -892.61974609899789      
5           -179.77497608337913      
9           -96.722609014102517      
10          -421.20153720152422      
16          -1037.6221249409139      
6           -22.910404036141962      
6           -272.59982167504938      
8           -264.52554587363989      
7           100.27584684631265       
7           -56.273957952655287      
8           -149.85320435355683      
16          -898.9157394325216       
15          -937.17579287293813      
12          -443.72797988711505      
11          -425.4942162997088       
18          1351.7533239684039       
10          -89.711131156537633      
9           -184.42474780545021      
4           -35.087401147183428      
8           -122.65969502251515      
7           -178.44529497147423      
10          -256.56749354149423      
10          -671.84931720300028      
13          -399.18576502669703      
14          -361.41449481621953      
13          -348.712069026157        
7           -312.3728982102204       
9           -44.387627970611604      
5           178.40132364385343       
5           -204.59594110896808      
7           -39.328620151742257      
4           -53.492684666360965      
10          -466.99142913572035      
11          -709.47002597551352      
11          -227.9052187043803       
6           -198.04787333730587      
9           -237.35281645169201      
8           -192.83383997935778      
12          -591.35886031354562      
5           -4.9009439805329498      
8           -77.297101249778734      
10          -282.21283241744965      
11          -250.24274370099474      
9           -83.867926847921396      
8           -195.66796256012941      
14          -552.96115479931814      
15          -711.45464159848655      
11          -224.44398299906177      
8           -208.64581927525452      
14          -1598.5362831591949      
8           -417.99132868690407      
20          -1262.7230893899755      
6           -43.645568813281486      
11          163.31449746891954       
7           -88.676714474536027      
4           -5.3808456893157235      
14          -554.35486226515184      
8           -271.42379810894568      
4           -88.918332338085946      
3           -1.764339832991862       
13          -299.81384317618716      
5           -4.9009439805329498      
16          -1406.1327087731452      
11          -291.3326161078935       
11          -143.11828206508864      
18          -1100.8817643522952      
5           -45.972308575665174      
3           -1.764339832991862       
12          -305.03335386508616      
8           5.4733564604483949       
9           -40.717026799437249      
13          -233.16511981540964      
16          -572.60396136748273      
8           -332.87442651940518      
3           -105.9685976645755       
4           -31.984779619353962      
16          525.46636487358683       
7           -175.07433725765114      
6           -38.371154377801346      
5           -175.13361978199961      
6           -19.55287543370904       
7           -206.68219993948247      
16          -777.22689174852383      
16          -1070.5840599454266      
3           -1.764339832991862       
7           -11.704455336882821      
19          -1259.2796563143731      
9           -121.71233957868728      
