470 1 -4127 35 35 35
7           -1975.2729299880996      
8           -734.64529606535746      
4           -22.754481142626439      
6           -322.02711924505616      
14          -3278.9054317199075      
10          -2689.5272537136225      
11          -1049.5457193698776      
10          -2841.1508058334289      
9           -1714.3732586207054      
3           -12.799395642727369      
14          -1915.5464935418511      
8           -1848.7257556481347      
12          -2242.3317732981395      
6           -875.0034308471312       
9           -1384.2570828380562      
9           -2307.218437809684       
10          -1308.7397165200687      
7           -94.814406903734152      
13          -1856.3950515302263      
5           -78.345076535476352      
4           -1105.7156907576677      
24          -7982.8402886607601      
15          -3502.7738735320045      
9           -1592.8758850520012      
17          -4012.1256460683808      
10          -2586.4223185798332      
9           -1929.2416807002937      
11          -2896.5008820503731      
11          -1885.0181923668374      
7           -104.62262167208115      
10          -3231.8980010875671      
15          -6492.5647334861451      
11          -953.5049119965995       
12          -2749.7003518200504      
4           -25.66041521522358       
6           -184.73716546901642      
14          -5242.0772754238533      
13          -3252.9090562776255      
9           -1622.521446451904       
13          -2249.8455909268796      
9           -2717.6409473522954      
7           -462.17469330705774      
11          -3328.3700726363086      
11          -2216.396468853829       
8           -2492.874994368934       
4           -22.754481142626439      
13          -2471.4940884609127      
8           -486.04406339249692      
7           -1188.7640056374498      
6           -892.88548980615349      
12          -2855.5465366890135      
5           -949.29866887728019      
4           -22.754481142626439      
10          -428.61401964109797      
6           -245.12829463071094      
11          -4038.4242001182747      
15          -4899.1389928178969      
11          -1250.3099711537907      
7           -1231.855978651842       
10          -336.38761471959629      
19          -8974.1231890152594      
21          -9000.9054703979473      
11          -3071.7195204791192      
11          -2171.1545524790272      
12          -1275.5064985630165      
7           -1194.4991195881805      
11          -3615.4415187433929      
9           -1583.9944311047268      
5           -964.28440128730642      
8           -1571.7176375991696      
15          -5091.463399101629       
8           -991.70623367755047      
14          -4567.5991150609052      
10          -3212.4072637140644      
9           -255.00717772056709      
17          -7427.4420688649652      
4           -85.381150905659766      
10          -2110.2302488937389      
20          -10057.090911823776      
18          -8167.7004658462938      
10          -1339.7848568327556      
9           -6285.8274415057931      
11          -1298.1940526401895      
17          -4044.0886963075109      
9           -2543.1691570845151      
17          -6862.7886369111811      
7           -1453.7381854191124      
7           -104.17371684277478      
7           -275.08266458800483      
7           -120.86716812366981      
10          -1972.2363378709972      
7           -671.26947823003957      
17          -5569.8321183179723      
20          -8649.6807301520021      
6           -288.52604001550435      
9           -532.55159448667303      
14          -6652.5881492581375      
4           -1059.6111729686927      
6           -168.23843671500811      
13          -3400.3305020368589      
12          -5899.304149563106       
