470 1 -4127 35 35 35
16          -6195.667167786919       
9           -1168.9153972360966      
10          -3444.6356556500436      
9           -2684.4906297846837      
17          -5432.1425805061144      
4           -33.14597773188946       
13          -3249.5652582707726      
9           -137.45089005891239      
10          -3516.0082625737277      
9           -1388.9096369257613      
5           -58.25148932074692       
7           -986.02837706904745      
15          -3393.4328663346419      
11          -1222.5404907437633      
10          -3416.2553531603639      
12          -3441.3459157801522      
19          -6071.9861513643309      
12          -3199.6617513036881      
15          -5787.882256514742       
12          -1999.2293828264774      
12          -1434.026384956469       
7           -1040.801205219911       
7           -180.34867840977776      
7           -245.54621276247858      
4           -22.368231355285399      
6           -52.366390483879954      
11          -1966.9649414025396      
6           -890.11622612325016      
8           -174.11746067584758      
7           -1044.7940773399218      
8           -785.00511736072326      
7           -183.22303326508933      
6           -1428.0803022396449      
5           -106.45700778641213      
8           -1572.6969270559819      
8           -951.05026770566997      
8           -693.27914972644533      
4           -108.28702155782764      
6           -723.84940009074876      
8           -2174.4881444593184      
6           -467.68330500689126      
7           -263.6108332300962       
4           -619.20017246949124      
16          -4502.7500850851166      
12          -1833.0146694059604      
5           -90.551317477002272      
9           -3299.6567085684169      
13          -3413.5603053325503      
9           -1531.0449294009534      
4           -81.011945497538022      
16          -7385.5755929080515      
11          -2033.0604024259383      
7           -1308.8149921455936      
7           -1174.6427652677735      
12          -3915.4539988023585      
7           -605.7591988774534       
8           -886.99184632683091      
11          -2223.5274738933413      
11          -2322.1904928573645      
7           -1010.6752209111102      
9           -1900.1901582328824      
9           -3825.4465794817511      
8           -1270.4561968988673      
9           -2678.1039323423688      
5           -34.950361492633441      
12          -2749.7016367083174      
7           -472.58988032528225      
10          -2976.8376885942089      
4           -151.00503321788895      
12          -2190.6389425837647      
11          -1701.5925848546162      
11          -3710.0266636917654      
6           -244.68466599674747      
14          -4336.6007311475041      
12          -3053.7147274521053      
3           -12.582130137348038      
13          -1913.826639730602       
11          -385.09552168938558      
9           -2252.9612895788159      
6           -257.60778154670771      
9           -2258.875595095481       
8           -1295.2256193616874      
6           -198.30937904591852      
9           -1744.7284683454191      
10          -1144.8055373277161      
12          -4575.9705153318018      
18          -5367.2847162986063      
7           -125.35932735295427      
3           -130.45290920497681      
7           -330.82731100470187      
9           -1643.5411444365022      
4           -36.805001518651025      
8           -2150.9806446981065      
13          -2470.4583501213265      
5           -66.657015313404656      
8           -2177.4395072284005      
12          -2066.6211977944076      
15          -6372.3516324720658      
12          -4668.4721584805102      
6           -71.977733195932899      
6           -52.53931660455283       
