470 1 -4127 35 35 35
13          -2805.611476378765       
9           -722.10127378734887      
4           -165.38072769653121      
10          -2395.9596348553364      
8           -794.72850387380583      
13          -2496.9637453695855      
4           -687.56974554963165      
13          -6813.9765868142513      
12          -3463.273033812859       
12          -2280.2153502946153      
2           -463.65144919633457      
11          -1467.3276904792806      
9           -1462.0877058953124      
7           -658.32190261087499      
7           -1525.0250404032083      
10          -1235.469946660181       
13          -4055.3483225458358      
7           -2614.4893632630142      
4           -23.831854289324419      
8           -1251.0852495312811      
2           -5.7663389823942781      
10          -2668.8748896282214      
15          -5502.1338126510409      
11          -1585.9740828988324      
12          -2618.9297478545018      
16          -5911.5682945909111      
11          -4741.6660599061934      
16          -11550.339603475062      
7           -307.68561133575423      
7           -275.01922734073935      
9           -2102.1309286370761      
12          -3554.6859867644944      
16          -6046.5635531162625      
13          -4646.1691966694971      
11          -3278.8957680763001      
9           -1678.6753941622769      
11          -4328.6695504601448      
11          -2888.7417215675864      
17          -2901.6431496272899      
14          -1476.8850529255069      
10          -2798.21529830586        
10          -1063.5889752467917      
3           -12.974262710387126      
13          -2558.2337434328429      
7           -391.53697900657534      
15          -6947.1211530596302      
13          -3481.402890693128       
8           -1508.1703228275337      
13          -1632.4051626319276      
8           -992.40847870331299      
5           -164.69323173412516      
15          -4748.8467442735682      
7           -1355.1070763648427      
7           -850.84856733674337      
18          -7370.9946835768696      
4           -89.07662240409465       
4           -29.932118786143196      
11          -2708.3673153914224      
7           -408.40891927733441      
8           -1033.9594408570219      
9           -1107.0333823897745      
9           -2256.181090950281       
5           -83.376484722928183      
6           -619.24292916677518      
9           -2068.5055292857764      
6           -106.13959131831191      
3           -12.974262710387126      
10          -4107.5838700997083      
1           -1.4415847455985695      
9           -552.86734155425518      
7           -270.89270202825696      
13          -3741.7542749094232      
11          -1945.4140653965517      
10          -1314.6794321314601      
18          -9082.7349484712631      
18          -8028.977806278097       
15          -4945.8050067713521      
13          -5118.0253846531259      
2           -5.7663389823942781      
8           -790.47081357016702      
19          -10297.319635445025      
17          -6158.0050826623246      
10          -2124.3999990522111      
11          -2034.8556996770083      
11          -3104.6898953378472      
7           -710.72346687235517      
2           -84.85083725533147       
17          -7706.3394143027663      
21          -5248.7923427276464      
21          -7593.5245548317534      
6           -3307.8751993928508      
10          -2157.4576273397101      
14          -1986.9415066554809      
13          -1861.8506504500974      
7           -1705.0811607666888      
7           -80.875784792275184      
8           -1942.5880014027196      
11          -1683.3361577204653      
8           -816.64748617717123      
12          -1358.4074477303511      
6           -676.10594354057253      
