470 1 -4127 35 35 35
7           -1444.6959027299647      
9           -896.17781550892505      
13          -5908.0301685950799      
11          -3643.2033481797325      
10          -1345.0194467435163      
9           -1923.0373728351315      
17          -4490.3384378726123      
16          -8505.0045504341524      
8           -187.60494857631298      
8           -1740.3723069238351      
11          -1565.0797470964685      
29          -20341.25108924634       
19          -9809.8689314910371      
3           -197.06187153711301      
7           -2230.8620731083938      
10          -1741.3107387686307      
5           -75.501009996283869      
8           -382.26589095562895      
13          -3160.647436971331       
12          -1303.1360556330801      
8           -178.37800858218401      
16          -6721.4586674053535      
16          -5962.2966075934437      
12          -4718.3352255260279      
13          -4491.2906763530946      
10          -2968.8595177719726      
8           -969.28030014249703      
4           -299.66528007137225      
12          -2624.4125020082606      
6           -1513.3181663345531      
13          -2581.9730826285386      
13          -4655.4441422048458      
4           -638.43800614184033      
4           -27.562119225687212      
11          -2590.0537803683633      
15          -2284.1759491100884      
14          -3983.921540718437       
13          -1870.9286630266033      
8           -1120.5966154713171      
5           -68.941760279720157      
9           -2075.9930397534567      
5           -1032.2645116782064      
6           -72.713466274463769      
4           -37.807765049258933      
10          -2621.7723520042873      
5           -242.05564420519769      
10          -643.0826316781513       
7           -1735.9538771833231      
9           -420.76700664718931      
10          -1663.6158844522361      
9           -312.71408197901451      
5           -492.61620986262091      
7           -2332.6977271072465      
9           -2433.9017811988283      
24          -14366.764962708006      
17          -5760.7350119167877      
12          -2546.1197746206685      
7           -873.16830225561887      
14          -4499.7654050875035      
7           -177.65672507515171      
5           -154.62652550572699      
16          -6803.6379433424918      
12          -1853.6898340169528      
15          -5093.3627715153161      
9           -1675.9812803623397      
6           -1742.9600576055807      
5           -1033.9490979990928      
8           -948.13996485908444      
5           -988.17268560263574      
10          -1943.5009718639665      
11          -4146.7839774457816      
3           -12.582130137348038      
10          -1222.7180803015879      
24          -14373.290728090582      
18          -8661.608685344183       
1           -1.3980144597053374      
5           -217.0891972465586       
8           -1120.0670520583662      
10          -1598.5570434245026      
5           -851.85795283352718      
8           -1538.3684024260144      
4           -32.096866565987916      
7           -928.53769297761801      
8           -1537.2271196910658      
15          -4044.6394681002798      
19          -6646.2137567797863      
19          -6926.1645494943359      
15          -7876.6363716963187      
14          -2218.3057092928252      
7           -588.09300297615016      
16          -4711.9294095666373      
10          -4588.115196153135       
16          -4424.3505572654158      
9           -1631.9844400073198      
11          -1255.1057085298771      
6           -708.41341583424685      
9           -655.52665393997222      
19          -7691.0870452613335      
16          -5735.4064843464239      
12          -1200.1050731605212      
8           -1704.2959753977091      
