470 1 -4127 35 35 35
8           -1704.2959753977091      
10          -4257.5862939071376      
6           -1295.5246480120729      
9           -1116.4653021265208      
7           -188.17070541108234      
9           -1280.8906666270541      
10          -3751.8435717905286      
7           -597.33612178999397      
5           -580.69642419882268      
6           -821.88872323862665      
17          -6421.4229649459758      
9           -1592.0254671492255      
15          -6292.8574994714663      
11          -2928.5081159094575      
7           -378.93041313620415      
15          -4111.5794268436011      
20          -8513.8788245715787      
8           -1534.6115919386907      
10          -5321.9993890393062      
8           -2235.6305525943862      
11          -4203.0960104926844      
10          -2225.215789447956       
7           -586.71304367839139      
7           -726.67637410964858      
10          -3996.2586011763701      
5           -1392.7828321911406      
11          -956.28559431603082      
23          -12242.949899624655      
15          -5444.2259363031962      
13          -3234.5530790110001      
5           -34.950361492633441      
18          -4629.214474887197       
17          -5721.336800599629       
11          -3962.611846079355       
7           -950.17280672520826      
8           -1395.2535135882301      
13          -2084.2157660775038      
6           -216.12319149942118      
8           -1509.5035694374528      
11          -3489.5865799898997      
11          -1833.6101239303912      
8           -1531.54333373499        
8           -823.30928878957434      
13          -3914.6968407430313      
15          -2214.136886339832       
11          -1631.7663809348414      
21          -12010.254154759858      
9           -1973.4242291423957      
8           -2065.2418082570239      
10          -2096.4170329567951      
13          -2515.2743241981116      
3           -16.634977699346919      
5           -1311.3365344382134      
4           -566.96840450656782      
8           -2744.729232685012       
11          -1452.6588377542203      
15          -3230.9912820716781      
11          -1964.4692526160397      
11          -2501.5021656956019      
9           -1425.3243548466733      
10          -3044.378948966335       
11          -1623.0185222881535      
7           -451.47701240097001      
8           -1629.167487690155       
15          -5032.9131656500758      
7           -1041.8151748662256      
14          -2779.8969909576026      
13          -3475.2842757347762      
7           -210.87128338797461      
15          -3159.0567017105905      
15          -2473.265458206864       
5           -67.661131037282814      
9           -1461.9961443173336      
13          -2708.5793579728838      
17          -7325.0281712026526      
10          -2170.2861297232685      
10          -2659.4488488897928      
14          -3370.5071318249366      
17          -5011.4976391843466      
15          -4814.8822520191252      
8           -1926.7606469877956      
13          -2228.1574497417892      
7           -197.54477719649054      
9           -461.98961782041403      
5           -55.792062182798446      
6           -1037.1622768740572      
8           -1872.8512952045303      
10          -237.09539306173832      
2           -5.5920578388213498      
10          -2872.7481909212747      
6           -1025.2317140070218      
3           -15.525619756885002      
5           -318.22756123660207      
7           -1227.5469085131665      
15          -5135.0818882530348      
3           -12.582130137348038      
5           335.6835189346437        
10          -2817.4064168147206      
7           -1750.3013419775748      
5           -58.98479330927325       
9           -540.19793094326906      
