470 1 -4127 35 35 35
13          -2758.6890480235547      
9           -700.82889811265568      
4           -160.46213873193824      
10          -2409.1428820184419      
8           -771.15519937201861      
13          -2462.136090292373       
4           -670.36063153432747      
13          -6830.2141872725742      
12          -3403.4422035397147      
12          -2237.464160303176       
2           -480.56127657827471      
11          -1474.3267443817122      
9           -1443.5788148123679      
7           -643.48429520998798      
7           -1510.6757439185571      
10          -1200.8499024993648      
13          -4086.4917846145231      
7           -2569.1060291428439      
4           -23.112024524616206      
8           -1225.5280996217878      
2           -5.5920578388213498      
10          -2613.6892689686065      
15          -5415.2272861057563      
11          -1543.8571975256457      
12          -2640.8782005566936      
16          -5800.1152280880788      
11          -4717.6893133354806      
16          -11402.212387616555      
7           -357.17296690895205      
7           -266.7110355743639       
9           -2093.1380368122868      
12          -3461.6101941044599      
16          -5989.1300715855104      
13          -4569.3993070673059      
11          -3211.8711190927456      
9           -1665.1766584933273      
11          -4222.7394463686687      
11          -2830.1784966094933      
17          -2904.242460584122       
14          -1602.1025993631588      
10          -2745.0737302426305      
10          -1038.7828988840358      
3           -12.582130137348038      
13          -2512.2423095677909      
7           -379.95189643196022      
15          -6815.0930225889324      
13          -3486.9683673337536      
8           -1487.0728953957721      
13          -1594.3430911662831      
8           -974.79174505693675      
5           -159.76230372313773      
15          -4642.5342397752929      
7           -1321.8061940965877      
7           -858.69922096292964      
18          -7424.4675291018366      
4           -86.372874668352509      
4           -29.029963040677288      
11          -2644.2134139877435      
7           -396.49979186953237      
8           -1004.5291195878801      
9           -1075.7858194222911      
9           -2218.6765266191046      
5           -80.862841894534711      
6           -601.7487830105041       
9           -2011.527292744579       
6           -102.92599449609537      
3           -12.582130137348038      
10          -4046.3528310797647      
1           -1.3980144597053374      
9           -536.38363614372042      
7           -262.75667348995273      
13          -3678.7917230066191      
11          -1896.5693661248135      
10          -1290.5228666380917      
18          -8985.9535592623179      
18          -7881.6114908123145      
15          -4850.5320819026947      
13          -5033.8316184551513      
2           -5.5920578388213498      
8           -797.77539810428379      
19          -10137.844125970581      
17          -6030.5799332001889      
10          -2099.4759524885626      
11          -2014.7121818656308      
11          -3092.4323628349011      
7           -691.01540428261296      
2           -82.289044225271837      
17          -7541.2105177938029      
21          -5604.3131798941313      
21          -7645.7979237975269      
6           -3238.4788703617305      
10          -2123.0845502327993      
14          -1955.7540781540142      
13          -1826.4171294053931      
7           -1742.2679478936552      
7           -78.429675223394497      
8           -1959.4647499752855      
11          -1639.5031155248998      
8           -796.54602055921123      
12          -1319.1869956544388      
6           -687.09657774270033      
