470 1 -4127 35 35 35
13          -1041.7956226636654      
11          -266.83426110887774      
11          -1408.5973565126487      
15          -1021.0390539029653      
7           -38.261197189782521      
9           -333.71738912373257      
10          -1163.92451988065        
6           -1003.206315557358       
7           -941.9743169337944       
12          -1280.1048972274193      
17          -3814.820838790286       
16          -1125.4364618426371      
13          -1588.0674246462238      
5           -14.070028196554507      
11          -521.1794107745975       
7           -163.241174506541        
8           -585.83660775914007      
13          -1684.3903013844431      
9           -558.06448526432018      
17          -2657.8480540485352      
11          -2012.5173129122311      
14          -1245.6268157242023      
6           -107.30907726050864      
10          -1221.3707892501834      
12          -282.99297556106359      
7           -309.19870850189579      
8           -850.12101281635853      
7           -258.08533907290314      
10          -382.55887603497729      
7           -357.46886987530928      
12          -888.09824761324785      
17          -1990.7175575401302      
18          -2993.9387670426145      
6           -141.86989755430443      
9           -1107.7704471606328      
11          -1713.5617576075479      
5           -337.80368495672508      
10          -1091.5543577424289      
11          -1995.5698675640579      
2           -2.2512045114487211      
6           163.56523863296638       
9           -726.60928870901648      
8           -381.57037033501956      
12          -1575.8568881261228      
13          -2599.8920900616831      
15          -1045.394189455061       
11          -1967.9718789755098      
14          -1640.7781997292141      
10          -753.85791254214507      
9           -226.17202613098544      
10          -344.15521192052046      
12          -728.83343890340848      
10          -1403.7918122783258      
11          -1671.6160967640262      
5           -595.01282959684488      
12          -1473.804378941571       
11          -756.7885396485716       
13          -1235.2074916114741      
14          -2360.9550076955061      
12          -1730.7037215097582      
3           -8.6330119243588044      
14          -479.74144796847759      
12          -798.31955707628163      
10          -175.77632333756378      
14          -1568.4171999476309      
14          -1108.2099853587617      
15          -1884.3153107889582      
7           -527.45914270843286      
8           -492.23793671963847      
12          -530.27147573278512      
9           -856.1765116775515       
5           -31.618139571788184      
6           -667.1107502774862       
7           -165.48403686294014      
4           -9.0048180457948845      
8           -330.20027884013484      
6           -289.10633747065577      
8           -386.34669177311832      
12          -592.13855450504343      
12          -883.68083466939697      
10          -1774.7561772089175      
3           -15.003491784351517      
10          -708.59649254809017      
8           -943.48799438858327      
9           -464.09000713671372      
12          -1263.2835927705819      
10          -1037.3774737314855      
16          -1107.3212659694577      
10          -388.36776267352917      
10          -486.62159762942866      
9           -310.56091887881234      
10          -645.76823438339738      
14          -836.08079671989378      
8           -78.135089606514896      
14          -970.1365254745333       
8           114.90508855050155       
6           -138.02980712915473      
6           -368.06646914980865      
12          -761.25233202487152      
13          -1422.6114691606183      
8           -790.3333799173538       
