470 1 -4127 35 35 35
8           -182.51003637914999      
8           -406.46933112334         
11          -1418.3789325949697      
11          -707.44320788983373      
11          -808.45720483632351      
13          -1947.1029545299837      
2           -9.5588050733994052      
9           -907.58608159277196      
6           -332.39470001707963      
10          -746.06505224214345      
7           -388.39801028053137      
12          -742.96202735299335      
15          -1577.961780896738       
6           -72.927014621364066      
15          -1636.3433365167464      
8           -517.86903797585455      
12          -1688.9282260856621      
13          -2002.8712582490696      
16          -1947.4409464591749      
15          -1964.8425445855307      
12          -1583.7298409750711      
10          -506.55299187369138      
15          -833.20652923011778      
12          -599.11353473372947      
5           -14.070028196554507      
4           -40.075266774362305      
10          -835.7226152583595       
5           -145.84011942078263      
13          -506.05220871850605      
11          -299.0409009068872       
10          -865.31584342635222      
9           -232.11084879129146      
9           -476.21402629728419      
8           -800.65383674351347      
6           -58.227436708506531      
11          -446.18022910562524      
13          -1272.9015819288225      
17          -3105.3714382910671      
11          -776.87306535277912      
15          -1693.8679493893458      
5           -102.7989582554861       
17          -2562.4346997096573      
23          -4052.969614093874       
22          -2700.5134402448348      
11          -1177.8261463207975      
8           -1114.4485018719834      
8           -50.344134788334117      
7           -79.145248611147551      
7           -238.46761834242164      
11          -582.00067952136294      
15          -1173.948857794323       
7           -722.76302550668356      
10          -1292.1746239738484      
9           -113.73772290053141      
10          -432.6817103882799       
12          -875.4734619183937       
9           -544.4381713552342       
12          -518.64784195708717      
14          -1113.2461114556195      
13          -966.61542132593706      
3           -73.121209787759256      
10          -483.35562397163397      
7           -59.415057230092515      
10          -382.20494726484702      
7           -294.49963605147661      
8           -533.33729709745353      
6           -123.85142884471972      
4           -227.10913545877983      
4           -30.775482483694276      
22          -1938.350946708636       
12          -497.08691830477517      
15          -1846.8612398637247      
9           -769.48942608593518      
12          -1798.8346831822362      
10          -954.8599583382603       
11          -1332.529820560655       
7           -70.762020936681282      
13          -861.44270995072281      
17          -831.65210859892011      
9           -595.1707743366585       
12          -360.96876470291579      
10          -218.98964083345038      
3           -5.0652101507596221      
16          -1575.5826243692431      
12          -658.78060744154732      
7           -199.78516263572186      
4           -28.156484855076311      
7           -92.632777872796453      
5           -209.10666964119525      
13          -1652.8205588573164      
7           -511.12828666239409      
14          -2385.2611552016228      
11          -650.14130370245789      
21          -2155.5465097624788      
12          -660.8198761759063       
10          -650.9423355159214       
13          -804.49240193499509      
7           -773.8239439507829       
5           -39.872221145050325      
4           -25.319036577198446      
8           -273.23407318610066      
