470 1 -4127 35 35 35
9           -387.2490077355456       
7           -210.48584794398553      
14          -1534.9951254370408      
7           -499.22209560410448      
10          -964.33976905127008      
8           -644.7240013766268       
9           -821.23758411933932      
4           -389.1078377576714       
3           -4.9151464993215725      
11          -699.12172244105375      
5           -295.28647561706242      
12          -176.19472827768334      
12          -500.96905732964268      
6           -741.90785796886405      
12          -739.28256149981758      
8           -994.43451295267926      
14          -1536.132272968837       
10          -1078.4875315820336      
11          -385.69362240311079      
7           -322.08988958423606      
10          -281.51484477028333      
10          -865.85983448388095      
9           -270.83888751143047      
10          -1173.9516767422376      
9           -133.49507882611988      
8           -738.07092086972239      
12          -630.58933150256723      
9           -272.05992903003232      
15          -491.13214564056887      
9           -570.18094906060503      
9           -1455.1499652971338      
7           -349.90806344828809      
8           -121.45418201182875      
10          -1161.6366400715883      
14          -889.28306517279952      
3           -175.6679773544783       
11          -1277.4012438536172      
9           -222.65633958786981      
9           -701.51630187644832      
8           -283.30953971654776      
5           -166.67713050344435      
14          -1212.1234324602135      
7           -320.8453097323723       
9           -1047.2874514578384      
9           -129.71816520713321      
9           -434.3749925027376       
9           -659.80884881705026      
7           -159.37615035475699      
3           -8.979298376195981       
15          -1350.9988375960245      
16          -2024.4497992268316      
8           -903.3835686171592       
9           -677.77185855563607      
15          -2953.094014215093       
19          -2696.432810810405       
10          -1227.1188942094391      
5           -99.909512222192177      
6           -196.73343490597358      
7           -306.39502264497816      
25          -5633.8689621800768      
17          -1780.7529823551317      
11          -937.49156591756071      
10          -798.84016646378939      
11          -473.48780587749036      
11          -935.46267655481677      
8           -609.19430145007902      
7           -347.61489033471713      
13          -1517.4087660543094      
6           -230.17035001241172      
19          -2140.7059666058017      
11          -1328.8985270659141      
16          -2497.6907533519206      
14          -1679.7059774193958      
11          -666.64878199097905      
3           -13.42141100294306       
12          -1397.8259387658095      
10          -1084.3260249622626      
12          -1188.4755710293734      
8           -283.22638303978346      
8           -314.94078353666993      
6           -21.291555137901369      
3           -4.9151464993215725      
5           -35.142528393868915      
8           -52.719018715977178      
13          -1144.2450547173012      
10          -592.16920307507621      
8           -1139.3353478304616      
8           -1034.6626263798739      
6           -84.45206971883637       
12          -628.70447976560683      
13          -1626.1594444174004      
11          -942.28888207736827      
8           -147.76078791381241      
13          -1485.0218863145722      
8           -110.52912518714992      
17          -2610.1164222837915      
11          -608.17541462514805      
7           -789.0552570583144       
5           -427.10482092782343      
9           -387.5788245876397       
7           -74.36763239330341       
