470 1 -4127 35 35 35
6           -196.54386409918465      
6           -59.075494634344828      
13          -1327.0020300773547      
15          -1672.7622263635662      
7           -125.19357657476573      
8           -246.14910877343152      
5           -175.00622163136899      
11          -168.80699820673723      
7           -928.81707048866883      
5           -18.233040206346615      
6           -72.169868133587116      
5           -212.53952836594547      
4           -67.387229793197776      
6           -108.29547115837501      
6           -442.04891252856407      
2           -2.2512045114487211      
8           -201.39633624981855      
5           -15.747123515258076      
4           -86.384467425361493      
14          -2056.2284768686964      
6           -39.094401693973211      
17          -1030.629303240564       
10          -712.60451302019828      
10          -509.1719739280262       
8           -789.12613301151805      
8           -43.079014507790028      
2           -2.2512045114487211      
13          -1918.3883537491747      
9           -275.28811976845509      
8           -408.21707396525892      
6           -332.33079274000289      
9           -331.67803742845967      
13          -358.66404428007127      
8           -45.21562449273479       
9           -301.5542351180477       
12          -867.1538881161996       
7           -791.00614995975309      
9           -989.13100398748747      
10          -625.76577032324485      
10          -542.06938633347102      
10          -848.3906318654756       
8           -354.63223220448742      
7           -106.09702617445598      
8           -186.16668292354555      
10          -444.80696959833182      
6           -48.703527641255782      
15          -935.3024447741625       
11          -718.46300475706926      
9           -446.27749473160065      
14          -1591.8713048666455      
4           -9.0048180457948845      
11          -898.14446831730402      
8           -418.63047395085971      
6           -61.499723859665423      
13          -1423.3818091202127      
12          -1355.8010701961196      
5           -630.91948191191875      
9           -340.24181429116987      
3           -126.85425980343742      
11          -442.0835263638711       
9           -892.21232704439637      
8           -414.96300296647632      
5           -371.01858120587832      
17          -3411.7880462485332      
9           -419.55082697218336      
8           -350.85748853927066      
4           -130.39128116887005      
10          -1144.4963721280355      
6           -155.40846697336701      
9           -519.40631750082343      
8           -309.88491912827669      
4           -9.0048180457948845      
9           -808.74815000981278      
10          -325.45640172939255      
8           -127.64107409291779      
12          -820.7236985270431       
10          -259.28652416264731      
16          -866.89070709303837      
14          -1344.9415903240038      
13          1519.0561969237192       
8           -649.47990902257459      
6           -307.68493652803602      
9           -128.58560221225207      
12          -1191.0481554994315      
6           -613.12184674434604      
5           -22.831271037631382      
7           -402.71550823810435      
8           -1054.374667840078       
7           -760.58050387033666      
8           -139.07030150125581      
13          -821.20247762821361      
7           -218.41084499518914      
7           -289.81919379252622      
3           -5.0652101507596221      
10          -256.42008644461617      
10          -517.57229022838669      
14          -2102.3733848656843      
12          -203.77582176399554      
10          -703.03094596497556      
14          -2400.3893647299592      
8           -640.13676810874085      
