470 1 -4127 35 35 35
16          -2511.4137964112865      
9           -283.22510194441804      
10          -1265.7754668417272      
9           -873.22713380522794      
17          -2042.145275688873       
4           -14.643549825977797      
13          -1027.2904785876824      
9           -47.67649849022196       
10          -1546.7086660582897      
9           -459.89861893714891      
5           -17.237443513044354      
7           -391.31509486732455      
15          -932.46983812304666      
11          -476.36609108408459      
10          -1174.4718496935654      
12          -1256.0537600228492      
19          -1887.5453221961486      
12          -1060.6681719859462      
15          -2155.3497815162368      
12          -811.0392028708909       
12          -564.45353255940086      
7           -533.45836920045315      
7           -64.666655578118934      
7           -115.07784719995732      
4           -9.0048180457948845      
6           -20.260840603038488      
11          -675.61407036297555      
6           -208.44945625779309      
8           -67.015746502253762      
7           -338.89861857504263      
8           -281.12743058625512      
7           -54.662637624084866      
6           -493.41430774881911      
5           -28.077192654104344      
8           -787.56417775219256      
8           -314.14771569980758      
8           -250.97276333404437      
4           253.41797112036522       
6           -165.8711036740421       
8           -781.86541498379768      
6           -103.32606818568217      
7           -77.687347094147782      
4           -127.43532183259953      
16          -1605.9072462425565      
12          -595.61431379585247      
5           -30.855745064450016      
9           -1084.4124981326681      
13          -1171.1519653307957      
9           -523.60680813792885      
4           -40.122972671568071      
16          -3124.7822235371182      
11          -712.3702262761102       
7           -90.1082897111406        
7           -463.69955535254383      
12          -1332.837730199823       
7           -283.71987880671844      
8           -355.42445687249733      
11          -740.79573434094732      
11          -701.90215449245954      
7           -309.02486733624283      
9           -645.39289447686872      
9           -1780.3315050970539      
8           -420.04886467877725      
9           -1058.3058726243328      
5           -14.070028196554507      
12          -942.28974201225083      
7           -89.250836541239011      
10          -870.53556862775486      
4           -53.874048961325919      
12          -669.70888439412465      
11          -571.70774336920022      
11          -1467.8537965471037      
6           -137.58154624694072      
14          -1501.4393739908821      
12          -1200.8806402058706      
3           -5.0652101507596221      
13          -680.0325962042341       
11          -137.33869707810669      
9           -642.78240897672754      
6           -82.975286455266712      
9           -735.1244653913916       
8           -336.89825017648604      
6           -60.970729927845099      
9           -631.41424935114389      
10          -449.63610477933111      
12          -2058.708148367903       
18          -1932.6281947170612      
7           -40.746538734628892      
3           -32.514605736277886      
7           -393.74229123979904      
9           -898.67698178029354      
4           -12.471108671137573      
8           -650.5867134971694       
13          -968.40798308309445      
5           -19.455527443027886      
8           -1048.9744103952514      
12          -713.2832060264484       
15          -2902.0427693506035      
12          -1656.6619908124567      
6           -24.722606957313467      
6           -20.260840603038488      
