470 1 -4127 35 35 35
5           -47.419791123570604      
9           -236.35781112483889      
12          -651.66420736154907      
16          -1090.8760004837718      
13          -696.3696441342305       
5           -6.5557550538617999      
10          -221.42004770336843      
9           -110.3339088826468       
9           -374.44033497056597      
5           -124.77823296397173      
5           -32.54774950208693       
13          -506.9808517442857       
4           -5.0265457701339349      
13          -428.57048900905875      
9           -85.055214696097636      
14          -476.32025266062016      
19          -1612.8996791631312      
10          -195.90594925855711      
13          -914.52062517982199      
10          -453.56171001748106      
13          -848.22954188325514      
11          -566.53111809971188      
14          -488.61163190760391      
17          -887.45078154143937      
14          -383.32106694344111      
7           -278.09871453868834      
11          -171.20381913282696      
4           -6.2340670526338968      
10          -126.57417897335523      
8           -294.06395727393641      
6           -108.87524931708509      
9           -55.373819596024241      
8           -285.01969233340071      
7           -324.72964307507851      
6           -201.65307796165959      
8           -128.36469973494707      
10          -289.88967842305061      
16          -846.85228125477192      
10          -337.71687754839479      
13          -436.68952191482828      
7           -203.78731655474175      
11          -493.04597020549767      
2           -0.80944354447203892     
8           -415.25108852368157      
8           -98.335538780575192      
13          -277.97925149234175      
3           -1.8212479750620876      
7           -310.71243966877074      
13          -955.71861988122419      
3           -7.915294428025061       
11          -314.99973475044254      
9           -54.83445829452355       
11          -352.23662611137007      
16          -740.43245462022901      
13          -772.34724868590581      
17          -801.18514092007115      
6           -29.012643105269838      
8           -309.78738115637901      
11          -295.69750439223054      
15          -675.98475101546614      
6           -205.00792369641198      
10          -166.56422651274795      
13          -756.01820556563462      
9           -403.54348357905877      
10          -230.05577710732555      
6           -311.38781220842964      
13          -410.21414102890282      
10          -507.98774337900835      
7           -129.93517258214186      
8           -86.883217390807999      
6           -35.444998083217016      
9           -288.89238434927438      
6           -254.57570281637683      
10          -398.71212650718223      
11          -495.1733517093312       
10          -167.59446723116949      
10          -482.75917685194406      
7           -86.736148968414398      
6           -99.245804420973826      
8           -97.538166965250284      
10          -418.88395644777125      
8           -176.18091310765374      
7           -130.74637703485038      
5           -54.037701780008994      
5           -33.919990036810589      
10          -444.74981647533593      
11          -815.18874940428145      
4           -6.0840561856155411      
7           -58.796514602916552      
11          -309.52557959898689      
7           -583.48082733967135      
12          -543.53503864474237      
11          -522.07603368340062      
10          -201.00358919255851      
7           -226.09694734170682      
4           -3.2377741778881557      
13          -1129.1426535105506      
14          -459.38511058937286      
19          -1097.6912862886516      
8           -159.64103436745813      
12          -110.64334928399761      
