470 1 -4127 35 35 35
12          -744.39696132579354      
10          -234.19612046082864      
11          -615.81565691065384      
3           -31.952506261196181      
6           -194.17755346389379      
19          -908.14114016828         
10          -209.76987395743686      
14          -665.10907782241327      
10          -615.84676281616635      
12          -749.80310616464703      
12          -844.05332380567188      
18          -1150.5145766455687      
9           -480.51732234169054      
15          -604.27379854869253      
11          -535.80954698376547      
14          -641.95267926225017      
5           -71.635036028909681      
13          -589.18880700691238      
6           -116.1032943641987       
8           -29.890994768742466      
10          -458.99807047728012      
8           -226.38392554428052      
13          -503.42707538154406      
20          -1269.6646199510833      
6           -320.19388434644299      
13          -844.04738310295659      
9           -494.43536360786635      
10          -333.19819961473786      
7           -80.897088273893274      
12          -129.21657017002698      
10          -612.76509600876625      
9           -421.57560562894071      
11          -680.0395306518493       
6           -7.0573593319674481      
11          -437.46256675077694      
9           -157.95565973134711      
7           -64.604451503174261      
8           -195.6791994793129       
9           -124.56486258124455      
10          -430.06360678718619      
13          -631.67998857491341      
4           -40.928585134142381      
7           -527.02940818617299      
10          -47.230685335736013      
9           -235.67017865405617      
9           -240.85807188573219      
10          -37.864067623336688      
7           -156.27597884105481      
9           -199.69669984939625      
6           -8.0853734142562832      
10          -396.54954980270446      
8           -41.285635598410636      
4           -36.337409818899424      
3           -1.764339832991862       
11          -220.93910632686777      
4           -4.569336494884368       
9           -68.025909314183139      
5           -6.7824920923456817      
9           -402.3234474529612       
5           -9.6226233140345201      
11          -260.46840287879979      
11          -383.09411798219128      
7           -32.884155891951522      
6           -22.137557440488688      
9           -537.75381524127749      
4           -261.29569913906238      
6           450.44822264411272       
14          -587.63721129640408      
14          -564.12297176712002      
12          -390.8222900974705       
8           -71.943597619250355      
11          -260.35027226733638      
14          -634.20035649583292      
13          -301.62725124163114      
10          -663.54819033498234      
11          -368.06473011352165      
14          -1596.6611376633161      
18          -1230.3235438615004      
16          -1080.4782531882081      
11          -629.54297638693652      
7           -126.27273322193716      
10          -208.42893159662117      
6           -104.71391305133453      
6           -202.13638509859092      
13          -909.58607340314995      
14          -598.37966612704474      
9           -229.70805092975627      
6           -184.59760178238221      
7           -96.052313732361171      
9           -71.327090836748681      
15          -342.67122120835262      
10          -494.70239616377802      
11          -117.95181719886975      
7           -205.8070940499542       
10          -87.952500918181755      
11          -488.16452925014784      
9           -248.01145834967926      
9           -48.389687717798253      
12          -260.70494106447575      
8           -95.988230207516281      
21          -1118.4133156762282      
