470 1 -4127 35 35 35
12          -110.64334928399761      
13          -519.00292770952456      
11          -670.19275039091406      
10          -127.20042530759594      
7           -20.346722389490864      
7           -549.37103692735934      
13          -538.36741781822207      
12          -453.77890392539086      
6           -137.64606399768977      
7           -199.16959735196986      
15          -930.33500866485383      
7           -356.02146771166639      
9           -422.65521614815776      
5           -127.50667897078149      
5           -296.90858996930314      
12          -895.96870531642912      
6           -28.805793839737056      
10          -165.95543879767473      
4           -105.95176697458797      
9           -109.31327148600059      
6           -261.98683690750596      
7           -56.736964958040026      
8           -129.13313318104105      
9           -235.11917554694867      
18          -1271.4232427613704      
12          -413.5658198855848       
8           -631.36278650427209      
14          -1303.9467412789663      
12          -519.46066533202509      
5           -14.35960761088057       
8           -275.16040250604556      
14          -690.72040206121608      
8           -66.847940819364055      
5           -111.91600624637321      
7           -134.75365931160752      
7           -196.71632133347899      
11          -271.0109921697304       
12          -517.35690262369303      
10          -319.9774613578885       
9           -139.90201135282058      
16          -571.65598687992292      
11          351.47812746768119       
8           -99.949765738583281      
6           -198.60304429604054      
12          -118.17469940367467      
11          -322.99870467795438      
22          -1199.6450883441912      
7           -63.273053008696564      
6           -19.889393435295869      
6           -21.809490793051673      
5           -77.17822307510319       
10          -342.40915238663564      
13          -521.55597076627726      
7           -142.41782135834276      
11          -79.108939986631995      
8           -53.265080699504495      
11          -282.81483458384753      
10          -316.7055256854203       
13          -941.84091271980662      
9           -132.54290822672579      
17          -1647.8038585954166      
7           -517.70626421172426      
15          -425.2697377728872       
5           -250.14726699774658      
8           -236.54940303620864      
7           -87.901522308912845      
13          -460.11990681089623      
11          -169.65114841076507      
11          -699.16777322946712      
14          -306.51194274820062      
6           -72.985829976471109      
19          -1238.3148837699596      
6           -13.620398311579436      
7           -135.4853182248126       
9           -332.90549058469975      
7           -151.37588570525713      
11          -257.80276922796321      
9           -121.56312634645988      
8           -186.25225928847073      
17          -653.37204334169553      
11          -303.47233220067085      
13          -715.58522778348822      
9           -562.01797348808407      
9           -380.78457373819936      
10          -337.65313458214968      
8           -322.94410157706028      
10          -334.90443364478341      
12          -21.862820240249402      
8           -461.01486723378963      
20          -722.94757333163886      
13          -926.85018441976592      
16          -547.20226080205134      
7           -78.042654342172042      
14          -272.04188187426871      
14          -560.22822134988758      
16          -990.43680845836661      
12          -349.17389991866196      
9           -109.59000860282075      
6           -104.54987185642159      
10          -116.11585093216166      
2           -0.80944354447203892     
