470 1 -4127 35 35 35
5           -45.619133839210178      
19          -5923.0981811060192      
9           -2244.3045092690791      
10          -1608.7134957401893      
8           -1549.8219722271633      
7           -1726.8936258569761      
7           -946.80838261950657      
10          -2387.3369017612872      
10          -3755.2189255488397      
7           -965.53999746908812      
11          -3544.1798887737827      
13          -2103.3236897632942      
7           -644.64715133167761      
18          -5063.0078851155213      
13          -2434.1140518016082      
8           -1591.1875060090579      
4           -127.19360029401743      
12          -3133.457275994831       
14          -3689.0865193471864      
14          -4271.5353651660134      
12          -3609.4985669339953      
10          -2155.5530113613254      
5           -115.48989895361095      
3           -12.974262710387126      
10          -1360.1353985200624      
11          -1308.2265413394282      
9           -258.98226793648877      
15          -3078.4882755459798      
8           -1406.4203302161127      
7           -1124.5405815364734      
13          -1622.208586892451       
11          -856.92328500191684      
6           -1539.589121015011       
4           -55.06913545653056       
9           -2517.7190566550357      
11          -4643.3401367999859      
6           -530.08429608486585      
15          -5077.7663904987412      
3           -128.32171231523304      
16          -4682.5233620096842      
8           -1793.5635280071847      
3           -22.035656269901093      
12          -2591.1013158829373      
8           -2344.9512892731536      
13          -3113.7487239032912      
9           -1550.103980137389       
11          -2907.3006757924904      
6           -934.99286759016786      
8           -1480.0889795330679      
6           -683.13662170079704      
6           -110.48220117129461      
6           -708.51722656824927      
8           -3398.4639933737403      
13          -2837.1236260914879      
8           -1653.5790431921603      
12          -5985.6629775190386      
4           -23.065355929577112      
13          -3513.2057220039901      
9           -1108.7616715021836      
4           -1439.7169338262186      
11          -1200.0014419572019      
13          -4540.6936049065944      
9           -2167.111326093509       
8           -1626.9340839241906      
13          -3050.6504120012046      
12          -2770.6984336601186      
11          -1969.719446515722       
10          -2953.8970640987814      
5           -56.26062941944582       
15          -3011.6935517333482      
5           -264.5273288240673       
7           -1222.0134783739325      
6           -236.83705308513623      
4           -23.065355929577112      
5           -36.039618639964239      
11          -2545.9612511192458      
12          -1800.1284882829082      
7           -514.78968073408384      
12          -5476.1842144737475      
5           -544.90697396646067      
11          -3692.0457829319093      
8           -1952.1585932958519      
11          -1660.3878842676913      
1           -1.4415847455985695      
13          -4482.5593858738948      
5           -312.62313942875761      
8           -1545.0259536260421      
7           -2152.1805619211582      
5           -1202.491524701617       
16          -6679.0154410396299      
15          -6579.5790462590485      
15          -4210.6238544263733      
11          -3167.5607470728842      
11          -1770.1671319961115      
10          -1880.0886572724635      
5           -43.14162891666605       
10          -576.9105758333601       
6           -174.78755989142624      
9           -1130.9948869637883      
5           -159.25147907060423      
1           -1.4415847455985695      
