470 1 -4127 35 35 35
12          -1998.9687071001661      
9           -1864.0152703764925      
11          -4114.1160672434689      
12          -3090.8290177537565      
7           -2115.9597666231311      
5           -1139.1565929004739      
12          -2035.6937932709545      
11          -792.56057119424486      
14          -2298.9326739888011      
10          -3715.1471903387101      
11          -1352.0542540523024      
13          -3441.7248296602015      
14          -4789.8686129149664      
9           -1238.1072967689715      
8           -1003.3450823274962      
13          -3283.8005908966661      
15          -8456.0520888797928      
7           -640.24882440880219      
10          -1308.8496965507454      
15          -2941.5323624136213      
9           -3914.2853777136484      
8           -1002.1108349296876      
8           -461.54199201524199      
11          -1446.5943545429307      
9           -2969.9350417064702      
12          -5092.7437921931378      
21          -6266.1820505785081      
15          -5244.9238132791361      
13          -4855.2886949976937      
10          -1907.8511850981665      
14          -4748.5332722457169      
11          -4798.6617115953359      
15          -3149.2042481375756      
14          -5992.105398020145       
17          -6670.8366149188387      
14          -3759.199067354315       
8           -709.23153331549668      
5           -795.98075420596228      
6           -479.44762433623049      
10          -2070.8975241113126      
9           -1481.531791365971       
9           -580.22548147454722      
7           -693.77391927068379      
17          -4563.8854991309308      
8           -872.4596449685265       
12          -3498.9095175669713      
14          -5176.4289608536237      
6           -843.46800781234981      
10          -4053.6937797011706      
9           -2869.6982784770425      
6           -186.30384568389212      
15          -2335.5302980137931      
11          -642.82921196491998      
8           -1932.8944166524534      
11          -2247.1295225481072      
5           -959.50126786523208      
6           -51.897050841548506      
7           -2210.2594747852372      
10          -2279.1918450492249      
11          -5295.7317487336841      
19          -6233.3190927688338      
5           -36.039618639964239      
4           -29.857211062830352      
9           -868.35141126781821      
4           -38.728843940766055      
7           -1334.1110252747987      
17          -6805.4359728477975      
9           -1713.288518779957       
13          -3039.4677669772736      
8           -312.87829080931158      
10          -3817.938196674465       
11          -1473.536482244775       
5           -481.33221294891007      
10          -279.3302781348774       
8           -419.9784057440927       
7           -640.16877778812341      
9           -1188.3696437568956      
14          -2337.5766348883963      
7           -302.27605140698654      
11          -1294.5918370575689      
10          -2153.2618279553799      
4           -23.065355929577112      
11          -2533.7230293677526      
6           -1594.8705748058846      
15          -5223.0226008496429      
22          -9509.4045760859844      
17          -6407.2029663366529      
7           -416.59422419363796      
11          -1829.6629198298754      
11          -916.66810126944426      
13          -2812.650219320637       
8           -655.82321784504177      
7           -902.78268600721344      
5           -471.72908191753169      
11          -2633.113895982885       
15          -6305.2471073905499      
9           -1313.9474687772799      
10          -690.57295476534034      
15          -5402.9238198797384      
10          -2348.3928300453849      
5           -738.9745450896296       
