470 1 -4127 35 35 35
10          -2926.8790837610418      
11          -738.32762493279461      
4           -163.5420299600101       
23          -8332.9785137149102      
13          -1665.1025095394066      
3           -276.83311501655459      
7           -1742.4094453379751      
11          -823.4642446101509       
9           -1055.4582597251494      
11          -3648.8668446555935      
9           -2024.7124857726487      
11          -1020.7092617184943      
9           -1478.2202166859167      
12          -1263.7836628604668      
9           -2236.4468750915566      
8           -775.84655219533363      
4           -22.754481142626439      
6           -76.972415849201511      
7           -656.13502951531927      
8           -1226.1691033271161      
5           -101.67393506003597      
9           -2058.1812598035831      
5           -675.49542836726471      
13          -1620.3065972758927      
8           -2205.4779279035338      
6           -1128.386887272668       
13          -4021.5525113327394      
9           -919.69957865788092      
2           -5.6886202856566097      
7           -2366.5645898096623      
13          -2856.8094535924806      
4           -33.106099894286572      
6           -56.201473738849501      
8           -1277.8938006987651      
8           -1829.5608721812089      
22          -10477.965125731736      
14          -6217.3260432835859      
6           -178.4725835156907       
14          -3323.5759729541287      
10          -664.87005280927588      
6           -1370.1481121361435      
12          -3310.4931559848696      
11          -1665.9048252440725      
15          -5618.651643016733       
14          -2355.0520253126765      
7           -597.61353544817371      
10          -1225.2426713033574      
5           -727.93974552869076      
11          -2674.8631203689533      
10          -1286.1226782539156      
9           -3436.0076954383781      
9           -1494.3523818030465      
7           -917.66335990707523      
19          -5336.6938533538187      
7           -355.81024436327164      
10          -1071.515598989829       
9           -1257.2678621283135      
9           -2374.8255947607549      
6           -80.638238781224331      
7           -473.13172377545345      
10          -1550.2642556129922      
12          -1929.1930553435054      
20          -8893.7854816595318      
23          -10686.185405341248      
9           -1517.2707710168052      
13          -2115.3764945792122      
17          -4856.7618927109725      
4           -318.83438899916393      
7           -73.22389471534909       
11          -1780.5072027793649      
8           -1993.88914383253        
7           -995.79970533532037      
15          -4604.3684965642688      
6           -958.87031136967425      
6           -1752.2131658676342      
6           -977.84953665113585      
16          -7700.2887784816412      
14          -4096.6250149347488      
8           -561.15733690792592      
7           -886.09274422959788      
9           -2253.7018202164459      
8           -1049.0167649975028      
15          -3736.931542114482       
7           -724.49034344380084      
9           -1986.9458460369535      
11          -3773.465342558025       
7           -154.19265666834843      
8           -981.57496203713777      
7           -1251.6981078350802      
8           -775.66274673185865      
5           -143.46918929778471      
16          -4626.7080982011385      
17          -5426.6974725498685      
6           -326.73614633329692      
10          -1978.7639888472129      
14          -2973.9081769259801      
14          -3469.8011011993763      
5           -159.30014368016276      
11          -2008.1022901586412      
15          -6892.3733445977959      
8           -701.75230898446171      
