470 1 -4127 35 35 35
14          -689.707059193144        
7           -81.476751343780563      
10          -369.30598749117496      
10          -158.92016051883979      
7           -162.0275634853146       
8           -50.223801798731685      
15          -327.35680944092815      
6           281.93954329648665       
13          -309.16490528055533      
9           -167.98224383000741      
6           -8.327475728050743       
7           -177.97724466869894      
10          -411.09862552352814      
4           -25.04602763633893       
5           -29.707986818416479      
2           -9.7659670557996723      
9           -397.05299690595109      
7           -97.112780150213126      
10          -298.36915531230255      
8           -204.53008982689403      
8           -133.61558496423285      
11          -302.07642740836491      
8           -235.83409227460294      
9           -131.53504738477969      
13          436.21396013965739       
6           -70.499056797906448      
18          -813.02122096941525      
7           -48.088742243951934      
9           -190.85702373508951      
8           -25.557995582424567      
14          -573.71927827368495      
12          -720.34819231441509      
6           -125.35807086752833      
12          -552.09746096952517      
9           -359.23767329278911      
12          -591.67127697068361      
7           -226.0993165322067       
6           -59.246095123330313      
8           328.68042394806758       
15          -1006.0958277827062      
10          -286.34291692709587      
14          -415.02194860034092      
6           -16.157242156354581      
13          -530.25628444418192      
15          -905.90050637361901      
10          -157.73754643997239      
9           -419.13312226159684      
2           -0.78415103688527188     
8           -258.48332405054231      
10          -651.51098396144107      
5           -179.64159774379067      
13          -859.1544232424975       
12          -683.11297921798223      
11          -413.73881322670906      
6           -8.8246830054150411      
5           -139.30337319345043      
7           -19.542753957862836      
14          -299.94219726278061      
9           -58.236284239341657      
5           -152.33343411349017      
6           -274.30669761542765      
18          -1092.5724912356982      
15          -424.24979247950409      
6           -23.449202802640055      
7           -73.161494504703853      
8           -267.12753235689843      
9           -84.028624518723262      
14          -275.57426409470509      
5           -124.65570564344581      
4           -52.662339695415547      
12          -981.90732262405049      
12          -391.27793561939347      
14          -502.18025262927245      
7           -127.66095315905284      
8           -144.22277208424174      
4           -26.471389168956879      
8           -293.89454198648173      
10          -314.49097724690705      
4           -223.25092722055416      
13          -294.01410527311083      
17          -922.16713095441798      
9           -161.6495925893671       
12          -505.34892433588271      
9           -213.86606672546031      
9           -65.217565295927287      
10          -401.4333589397076       
8           -211.08852896699491      
12          -461.21638431208407      
9           -316.59559381624194      
3           -44.071230935805978      
6           -16.905692114376084      
11          -298.02881753175939      
12          -490.04104604215246      
6           -127.42007755400599      
9           -174.60681708821159      
10          -265.73266002454744      
7           -17.888088113605335      
18          -856.35423144108302      
16          -750.89603579131597      
13          -422.38304580754539      
16          -864.24125711456691      
