470 1 -4127 35 35 35
13          -3383.8096468221679      
10          -1110.2126759733767      
11          -2686.5699654354394      
4           -22.368231355285399      
12          -2509.8488303730187      
7           -2002.7259571722543      
6           -1075.0613732664824      
7           -223.53504428564634      
7           -662.03541342515052      
12          -2229.97994478702        
11          -2291.6887669868688      
9           -288.47134081280433      
7           -878.8534174126313       
3           -325.80848207085626      
4           -30.095424099983262      
11          -5428.7122326409853      
6           -387.50952076802332      
13          -4624.0304267268175      
8           -317.58248190014774      
12          -2683.8399037579102      
9           -1390.7395006867437      
17          -6140.7775764325343      
10          -3073.235846764615       
17          -7841.4694867252019      
6           -467.89042757180039      
11          -1072.7105116656114      
5           -2198.2475534534301      
13          -3378.5580367578618      
6           -422.61761167414147      
8           -2034.4357955931284      
11          -3957.1187268696226      
15          -2967.0979188405954      
12          -3502.2722712395366      
9           -951.21505025848933      
6           -1622.0099987256006      
12          -5479.0781025983242      
13          -2596.3529035071224      
11          -1307.0845579319612      
10          -4106.8658077914824      
11          -1485.0640634244232      
12          -2774.5573585411489      
15          -5838.8856204199192      
10          -1381.5123113885322      
6           -1793.7764635378369      
12          -1358.5120710427282      
4           -22.368231355285399      
17          -6863.6342624696026      
15          -3609.9816649437585      
10          -3409.111138130218       
7           -2134.777578555646       
9           -1925.4548100175082      
5           -44.102233083491434      
7           -1131.6413920621253      
13          -5923.5235370368591      
13          -3414.5955717564502      
16          -5524.2248696361694      
8           -532.75908930372384      
16          -8357.6069080264515      
27          -14277.485242053986      
18          -10756.918169836592      
9           -1254.5827373073571      
13          -3441.0006077311068      
6           -635.30205055302963      
7           -260.72529049472706      
8           -1384.7637405215694      
13          -5060.2061739855089      
13          -2203.0755100935412      
12          -2934.2467239618627      
16          -6070.6594018327023      
8           -1092.2216278930377      
11          -2341.2684774103482      
7           -1951.6864614627571      
7           -1785.8741872914961      
7           -1120.6978452002902      
8           -1111.8083564781164      
5           -294.95367061359661      
4           -45.71596941098462       
9           -1460.6681329266864      
6           -1005.2323380696258      
12          -4838.068857911373       
16          -5087.0860618898578      
9           -932.60766600477768      
12          -2572.6890543772442      
12          -2898.4017198291876      
17          -9891.0373096814565      
14          -4063.6539065931292      
9           -3027.2526731571847      
18          -6577.9122277276838      
11          -2021.9520916389795      
9           -1921.8501679477622      
5           -684.69224532451915      
13          -4801.8879311949595      
10          -1763.7948009102224      
13          -6370.1804566490237      
12          -2569.3980483043865      
22          -9525.7287731075285      
12          -2001.3017449991225      
15          -3135.5957705703177      
9           -1112.0399577727692      
11          -1190.7171308352827      
12          -2602.5490808418117      
