470 1 -4127 35 35 35
6           -182.87008369763885      
14          -455.08208598369947      
9           -323.73699619608482      
6           -109.03140360030915      
6           -78.123488487965375      
7           -125.07754325479944      
7           -298.07621851135934      
11          -541.47318095951323      
7           -82.02486302412774       
15          -815.70049561598728      
10          -256.9700572044373       
9           -445.64530409946167      
8           -165.50947344934724      
4           329.74149930455144       
15          -837.71522498765046      
14          -1315.3201252812005      
8           -309.99128595240296      
3           -3.615798014015418       
8           -219.32464670969381      
12          -253.56011906434105      
4           -3.2377741778881557      
4           -23.623777059079153      
15          -505.55933431281392      
8           -348.8883742990439       
4           -90.519977041094762      
11          -792.53030559774709      
6           -262.85344676916935      
6           -241.32756538970912      
5           -8.1689778235278272      
9           -181.96224607938819      
17          -1465.4352118354832      
16          -926.82481502924509      
11          -1098.3412261143744      
12          -367.35329231652668      
13          -404.93374337759536      
10          -356.44068896935073      
3           -1.8212479750620876      
5           -202.99153045098743      
13          -367.72772602836886      
11          -514.57483178253301      
6           -195.67863511473962      
12          -306.87655871672234      
10          -412.84812310457806      
6           -19.19542679110004       
15          -761.55707874183599      
13          -660.29475942194563      
6           -26.811289645896132      
13          -462.91474477197909      
19          -1663.4077611444209      
11          -373.34421927593161      
14          -715.26007342305354      
15          -750.53606907611584      
23          -1935.9255103687249      
12          -667.17933169712865      
10          -285.48027045263586      
3           -28.513302520059405      
10          -324.23940341507642      
12          -413.24455275276512      
11          -166.05930708170507      
8           -242.66197266394377      
7           -137.61728863689623      
10          -237.05921012578585      
2           -0.80944354447203892     
12          -268.73070599725156      
3           -23.062347197087504      
8           -97.71477410387682       
6           -83.074067844343659      
5           -11.663126171762716      
10          -136.84540442625726      
12          -655.91377535398442      
17          -1088.431984396698       
13          -689.53493070538639      
14          -903.86144938181599      
11          -398.34097988829257      
5           -85.391315930013178      
9           -53.322019742095854      
3           -1.8212479750620876      
4           -11.967433852235715      
7           -426.39507847171683      
9           -382.30378111378036      
12          -373.92627858620483      
12          -646.09014385882301      
10          -465.70382627864404      
8           -167.56898051418329      
11          -222.42068815137458      
8           -48.143438374645889      
18          -634.99331031023087      
11          -226.01654621500938      
9           -212.44284951040632      
6           -118.91404499690046      
10          -224.58856559179475      
10          -303.03737258108839      
15          -734.73923776212894      
10          -546.15592458586138      
4           -3.2377741778881557      
6           -44.73821620248399       
17          -724.53376264631186      
2           -0.80944354447203892     
7           -139.08306371567264      
8           -283.7472974554463       
8           -149.37106592382403      
