470 1 -4127 35 35 35
8           -583.31402431454967      
10          -2576.3312659241292      
8           -452.01011239724045      
10          -1887.1097567688096      
8           -335.37661752060035      
6           -860.87782215392417      
15          -4084.9021668802075      
8           -1396.0503087478498      
9           -2761.7143996978393      
10          -1650.2187083007011      
9           -277.92531621710793      
7           -1593.1304288266708      
8           -1293.2095655795447      
7           -230.25646988868928      
8           -1462.377137755856       
7           -416.14926508060114      
7           -2449.6760813450965      
6           -440.91984482184364      
7           -364.64063394158586      
9           -798.09163780872677      
4           -22.368231355285399      
18          -7579.1947566135386      
13          -2443.2691055958662      
11          -430.45402908095036      
16          -5658.2097743327031      
18          -6181.5505903678059      
5           -933.57634466258128      
9           -1701.3439203584267      
11          -933.34657834629922      
7           -134.1091866389165       
6           -940.32590673911727      
14          -4289.1561818672744      
11          -3843.5074638032943      
7           -210.66906059210973      
6           -940.8755024994573       
12          -1970.583644641154       
24          -8219.7732204846889      
9           -3939.8901230565943      
8           -1411.6240429908278      
17          -5467.5563039817835      
8           -862.93248980335841      
4           -42.736073292514298      
12          -3409.6916292508354      
5           -90.867057953534101      
3           -12.582130137348038      
9           -1869.5740722663561      
7           -1124.3789550803028      
5           -40.226140704341418      
4           -25.71957468278065       
5           -504.37985206685187      
7           -269.01526759343824      
7           -657.52183979544679      
8           -579.94175389979273      
10          -5021.3690011077015      
11          -3842.5106578855198      
20          -12218.937304368432      
22          -13363.596764204281      
11          -1156.0400689919775      
10          -1948.2382017404725      
8           -608.58165200944859      
7           -558.94029957386567      
5           -307.24365073110414      
10          -2338.9880266543241      
15          -4736.4830653295858      
12          -3182.8489651535228      
5           -117.06579608140731      
4           -66.880016322426414      
5           -45.838678152452729      
13          -4347.1726808743397      
19          -6293.7577017813001      
6           -80.481550306166554      
12          -798.65657010032203      
5           -189.87901313496343      
14          -3643.9953175070477      
7           -1125.7417622983155      
7           -1037.0201846543807      
11          -1153.5854599910717      
8           -1002.8191244579119      
10          -2238.2936253108483      
6           -323.81852869538056      
18          -7827.7164338253979      
6           -452.30716445918199      
15          -6483.6600737917724      
11          -2225.3272221833386      
6           -615.71268237134188      
7           -514.09990879077804      
11          -1650.75328706798        
11          -1136.3357276804552      
7           -2447.5499344552923      
17          -3579.9986442813911      
11          -3659.6814945563865      
7           -615.65858302418189      
8           -734.37030603122469      
16          -4703.4596109788245      
6           -404.29400285442227      
10          -2487.2650616889991      
2           -5.5920578388213498      
15          -3763.8209815381342      
8           -192.52695451877941      
8           -1113.9158104539715      
7           -969.06057327028134      
