390 1 -3725 35 35 35
3           -12.582130137348038      
4           -37.589644425950169      
3           -12.582130137348038      
2           -315.27989001390597      
12          -4582.5479648958108      
3           -82.15489366242798       
14          -8167.6283916678767      
2           -392.22680453635502      
4           -1116.4992947325165      
0           0                        
10          -2103.8692824247328      
3           -13.965795976776219      
7           -966.52879545915278      
5           -1369.6777163833715      
6           -1150.9437496310127      
6           -373.15872436780376      
5           -557.71663713390444      
2           -5.5920578388213498      
5           -216.47607940292232      
2           -24.312772249630331      
3           -12.582130137348038      
4           -249.32076179711092      
7           -1483.9575818972173      
2           -5.5920578388213498      
4           -210.12018139208749      
5           -37.319492472647205      
5           -480.01254888582781      
2           -5.5920578388213498      
0           0                        
3           -15.789661871237465      
3           -12.582130137348038      
6           -798.77430981874284      
10          -4898.7667382630989      
7           -1854.7658116681973      
4           -453.13357547927171      
3           -20.736643168912718      
4           -31.220257006062429      
5           -1048.8379471647468      
2           -5.5920578388213498      
5           -54.885882179646885      
2           -15.2578713820003        
3           -19.539566392636395      
6           -2061.3451274509061      
3           -12.582130137348038      
2           -5.5920578388213498      
2           -5.5920578388213498      
9           -3635.8983478780287      
3           -71.714389020941567      
3           -12.582130137348038      
3           -17.203388699576266      
0           0                        
4           -49.057648350887561      
1           -1.3980144597053374      
10          -4796.236962497389       
1           -1.3980144597053374      
2           -7.4175686008681581      
6           -1482.815794398346       
2           -5.5920578388213498      
9           -736.3648403168304       
4           -22.368231355285399      
5           -1071.8728424155147      
2           -5.5920578388213498      
8           -864.54044909483844      
6           -50.328520549392152      
5           -62.213955928152586      
2           -5.5920578388213498      
4           -27.47557076573883       
10          -2986.4608789748677      
7           -557.51162168113308      
10          -2295.6238099718812      
1           -1.3980144597053374      
6           -740.27367315536253      
1           -1.3980144597053374      
4           -22.368231355285399      
4           -22.368231355285399      
2           -5.5920578388213498      
5           -333.54650119434035      
0           0                        
2           -5.5920578388213498      
6           -108.86699821507068      
2           -5.5920578388213498      
2           -5.5920578388213498      
3           -12.582130137348038      
4           -1462.0854444400627      
0           0                        
2           -5.5920578388213498      
5           -617.84960476442097      
0           0                        
7           -181.6448673896783       
4           -30.8011867012792        
3           -12.582130137348038      
6           -88.107775175241102      
3           -12.582130137348038      
3           -12.582130137348038      
4           -23.414024880682852      
5           -497.85709190274287      
6           -639.41309232563844      
5           -1037.687964211822       
2           -21.203561376944219      
1           -1.3980144597053374      
6           -1740.0309915688636      
