390 1 -3725 35 35 35
6           -109.20527264731611      
4           -575.27425274708935      
6           -56.209169618766602      
0           0                        
4           -10.382413812231828      
5           -25.626315158685205      
4           -8.7380382210161294      
4           -263.94726366389358      
2           -2.1845095552540323      
2           -2.1845095552540323      
3           -70.774822378464421      
4           -8.7380382210161294      
4           -235.12907424620795      
5           -171.58073646383937      
6           -395.59865583856856      
7           -365.93139564663477      
3           -4.9151464993215725      
4           -8.7380382210161294      
4           -567.04191376530468      
3           -4.9151464993215725      
4           -8.7380382210161294      
3           -4.9151464993215725      
10          -1712.3821535083287      
2           -35.244396441982879      
7           -1340.5013756366072      
2           -2.1845095552540323      
2           -4.4978192082819817      
2           -2.1845095552540323      
2           -2.1845095552540323      
5           -17.462521920292733      
4           -8.7380382210161294      
1           -0.54612738881350809     
2           -463.09393510060357      
4           -8.7380382210161294      
5           -13.6531847203377        
4           -687.51231562412147      
4           -152.10028477762293      
6           -240.03828709062316      
3           -14.656760992727383      
3           -66.681628673570316      
2           -3.1088606469420026      
4           -43.16936071943482       
6           -487.61290819196495      
2           -2.1845095552540323      
3           -154.86393730576231      
5           -46.128750441684957      
4           -24.241686349498696      
6           -264.02040493222449      
4           -66.647251502336232      
4           -21.960795917020391      
2           -2.1845095552540323      
6           -173.43541791552488      
4           -370.36021447016924      
3           -4.9151464993215725      
2           -2.1845095552540323      
3           -4.9151464993215725      
9           -376.09025532695694      
4           -395.3733271969258       
12          -1296.3243047013984      
5           -51.251234859322629      
6           -28.392171680112302      
5           -18.944759472780106      
3           -65.961504273729673      
3           -353.06099954602854      
9           -1437.5554356341495      
6           -671.20429179028088      
5           -116.25915167791356      
5           -289.11218966336622      
9           -1459.3084533288411      
3           -4.9151464993215725      
0           0                        
8           -560.68455228321545      
6           -566.15987686344636      
2           -2.1845095552540323      
5           -184.32300829039445      
3           -8.1429623903915971      
1           -0.54612738881350809     
5           -106.51127829443492      
2           -2.1845095552540323      
5           -347.92511729491008      
7           -381.06530383496892      
6           -127.66026109571001      
4           -8.7380382210161294      
2           -2.1845095552540323      
1           -0.54612738881350809     
5           -799.47996998715678      
3           -447.29688764020159      
2           -2.8906877241338833      
3           -221.21735192241468      
1           -0.54612738881350809     
5           -49.807277892485629      
5           -34.206587331309407      
2           -2.1845095552540323      
3           -4.9151464993215725      
2           -2.1845095552540323      
2           -2.1845095552540323      
4           -373.17799200432125      
2           -8.9850797614276985      
1           -0.54612738881350809     
3           -6.7936313662595573      
4           -8.7380382210161294      
