390 1 -3725 35 35 35
7           -346.85732147399705      
3           -34.6052508326325        
4           -86.503740746876147      
8           -91.383779728483361      
8           -496.76270427685716      
4           -3.1366041475410875      
0           0                        
4           -186.27148877164697      
4           -3.1366041475410875      
3           -1.764339832991862       
1           -0.19603775922131797     
3           -11.318838063947535      
7           -196.11285175932969      
3           -2.7726965125530771      
4           -18.513119231618155      
4           -3.1366041475410875      
6           -113.07140617414125      
2           -0.78415103688527188     
2           -0.78415103688527188     
3           -61.795385936251762      
6           -212.9111183475658       
5           -67.985426335014452      
6           -17.893285033690624      
5           -288.00212902763656      
3           -1.764339832991862       
1           -0.19603775922131797     
3           -1.764339832991862       
3           -8.2782519858211234      
8           -347.18887008353084      
1           -0.19603775922131797     
6           -187.78114877850135      
1           -0.19603775922131797     
2           -0.78415103688527188     
5           -16.916489526737934      
5           -320.88178886789956      
4           -106.07359407153328      
1           -0.19603775922131797     
4           -44.302480050320504      
5           -148.38547083718197      
0           0                        
1           -0.19603775922131797     
2           -0.78415103688527188     
0           0                        
3           -1.764339832991862       
3           -4.7334940002163002      
3           -20.288811754756829      
5           -66.166174722118214      
1           -0.19603775922131797     
2           -0.78415103688527188     
3           -76.283826758934211      
3           -1.764339832991862       
3           -1.764339832991862       
4           -4.36355820120143        
4           -3.1366041475410875      
2           -0.78415103688527188     
6           -355.34419022826597      
3           -8.159053518112291       
3           -1.764339832991862       
10          -607.49349350663283      
7           -66.409974589577629      
6           -124.63849624115335      
3           -24.744453548802316      
4           -32.763748084577756      
3           -1.764339832991862       
2           -0.78415103688527188     
5           -21.559981259660496      
5           -71.677558680694702      
4           -4.6425772691791947      
1           -0.19603775922131797     
4           -34.567955185495407      
6           -21.089629645432144      
4           -165.23593039911827      
2           -0.78415103688527188     
2           -0.78415103688527188     
7           -21.795355676985995      
5           -9.4247864735063658      
2           -0.78415103688527188     
3           -1.764339832991862       
1           -0.19603775922131797     
0           0                        
7           -407.17409302786274      
3           -1.764339832991862       
1           -0.19603775922131797     
6           -151.58028538844712      
2           -0.78415103688527188     
4           -3.1366041475410875      
3           -1.764339832991862       
0           0                        
5           -42.631692999912353      
0           0                        
6           -24.324906230623334      
2           -36.659289747517185      
3           -1.764339832991862       
2           -0.78415103688527188     
2           -0.78415103688527188     
4           -49.125094376972719      
6           -132.26820452915842      
2           -0.78415103688527188     
2           -0.78415103688527188     
3           -5.4902142659005353      
0           0                        
