390 1 -3725 35 35 35
0           0                        
3           -1145.521997639205       
2           -728.90027118448984      
5           -572.42133737001575      
4           -978.80441876435975      
2           -5.7663389823942781      
7           -173.93823567969667      
6           -521.18050229059418      
4           -475.79514884129583      
6           -151.80579905078935      
6           -161.86779055541118      
1           -1.4415847455985695      
1           -1.4415847455985695      
3           -12.974262710387126      
7           -499.68649577401101      
7           -1938.6117491319642      
8           -888.22387036447878      
6           -598.29554146080375      
1           -1.4415847455985695      
3           -89.949687324845371      
4           -301.34997502784569      
10          -2491.3704516182252      
4           -211.22661203401674      
2           -5.7663389823942781      
5           -42.327328830354226      
8           -446.03506858329411      
3           -22.777391155941462      
3           -23.915513606211768      
5           -803.32160080227243      
2           -5.7663389823942781      
1           -1.4415847455985695      
5           -194.809406412138        
2           -5.7663389823942781      
3           -295.50155333320356      
3           -130.05097844097176      
2           -5.7663389823942781      
3           -45.936980551209999      
2           -5.7663389823942781      
2           -15.742661373392398      
1           -1.4415847455985695      
2           -5.7663389823942781      
4           -1371.2494703622081      
9           -2826.4867912255322      
3           -127.08910968660888      
5           -710.39623879800854      
4           -2285.2404288392354      
2           -5.7663389823942781      
2           -5.7663389823942781      
3           -18.807740739192649      
4           -125.85967102121563      
5           -309.82786313629629      
7           -355.24457018413239      
2           -5.7663389823942781      
2           -18.74448185363913       
1           -1.4415847455985695      
3           -12.974262710387126      
5           -351.80392159276266      
7           -1408.6750247437583      
2           -5.7663389823942781      
12          -5463.6199068126425      
5           -42.514625548897328      
6           -522.15464968893912      
3           -12.974262710387126      
4           -1225.3695950507877      
1           -1.4415847455985695      
10          -1819.9002676743312      
3           -472.49560321713005      
7           -1145.7810448858288      
3           -25.477841652887811      
4           -275.81894261111091      
6           -148.81616749594247      
1           -1.4415847455985695      
1           -1.4415847455985695      
5           -112.27451085297992      
9           -3159.3587233877342      
4           -378.27841939052718      
5           -601.75207173313402      
2           -5.7663389823942781      
7           -538.33857286458147      
6           -1972.532602610632       
5           -1124.3841151769393      
6           -326.98323714007489      
5           -373.74052711974844      
3           -12.974262710387126      
7           -1825.2382246754321      
6           -60.200378015811751      
7           -1513.8738060633177      
5           -61.791978232993223      
2           -6.8291278293436406      
3           -12.974262710387126      
5           -944.3964183496106       
1           -1.4415847455985695      
3           -12.974262710387126      
3           -12.974262710387126      
3           -12.974262710387126      
3           -52.836977685355237      
4           -1088.3740835275753      
4           -36.052337590983015      
3           -12.974262710387126      
6           -614.86774924052759      
3           -12.974262710387126      
