390 1 -3725 35 35 35
2           -0.78415103688527188     
8           -451.81354680724979      
5           -7.2221297513666149      
0           0                        
0           0                        
2           -0.78415103688527188     
4           -81.1222620479612        
2           -10.140994401615021      
5           -102.98714472750206      
7           -189.64178762184019      
2           -4.8487624225321913      
1           -0.19603775922131797     
9           -400.32333642718879      
3           -100.12041019158612      
5           -129.68632887705019      
4           -33.848956861325171      
0           0                        
3           -6.4256917021486881      
5           -292.01060678156102      
4           -97.939016790202302      
6           -271.088803582335        
2           -3.8592643179091168      
5           -213.23783527561042      
5           -140.93047293191685      
1           -0.19603775922131797     
4           -192.88219088972386      
6           -404.77235303382253      
7           -268.63892736644601      
2           -148.31495282477016      
3           -7.5835014961464227      
2           -0.78415103688527188     
1           -0.19603775922131797     
7           -66.324577120519677      
5           -9.8158600165609542      
3           -9.455488646124893       
2           -0.78415103688527188     
2           -0.78415103688527188     
2           -2.1475950308455412      
6           -453.45307581087337      
3           -1.764339832991862       
2           -0.78415103688527188     
4           -21.98220998024744       
1           -0.19603775922131797     
6           -202.96025487036275      
9           -230.46667437638757      
4           -10.169419209471695      
4           -124.88880161967856      
0           0                        
6           -7.0573593319674481      
5           -153.30593850896673      
2           -0.78415103688527188     
2           -0.78415103688527188     
4           -164.44695012492684      
8           -630.96542056984038      
6           -121.44014513473137      
4           -43.920795346441857      
5           -6.9587093158268765      
3           -21.651123836287358      
6           -272.67207016219839      
0           0                        
3           -49.991235161810039      
1           -0.19603775922131797     
5           -7.182842713705389       
5           -152.44254228948844      
10          -477.77640943004729      
1           -0.19603775922131797     
1           -0.19603775922131797     
0           0                        
3           -1.764339832991862       
3           -53.221506946190317      
4           -26.711442074420304      
2           -0.78415103688527188     
4           -5.8220976350341518      
6           -133.73531208890134      
5           -479.02487377864702      
11          -718.61790797988851      
7           -229.83814375172443      
3           283.74550534599547       
3           -1.764339832991862       
4           -24.071537569152156      
5           -3.9446505258423761      
1           -0.19603775922131797     
5           -29.404699984669378      
3           -6.5230008017783758      
1           -0.19603775922131797     
4           -23.636089046440109      
6           -77.371305444686556      
2           -0.78415103688527188     
4           -89.801980703565988      
1           -0.19603775922131797     
6           -356.91020885603581      
3           -3.0295814534798171      
3           -1.764339832991862       
7           -86.196143744544258      
3           -98.991821938438918      
6           -113.46371850521361      
1           -0.19603775922131797     
5           -30.629529052783916      
3           -122.81961255130334      
5           -80.089333335268648      
4           -147.77352691034906      
