390 1 -3725 35 35 35
4           -83.763710192809128      
5           -142.96264146565889      
2           -0.80944354447203892     
4           -3.2377741778881557      
10          -361.94009944164924      
4           -11.315588029581477      
1           -0.20236088611800973     
5           -128.43239527921722      
4           -8.6561523698232712      
4           -94.80731411711254       
4           -3.2377741778881557      
6           -317.34577674257469      
3           -1.8212479750620876      
8           -227.31565699069438      
2           -0.80944354447203892     
0           0                        
2           -0.80944354447203892     
9           -167.71240079898496      
8           -555.52519000502787      
7           -243.7905505118494       
5           -10.355999093488478      
4           -6.0008728000845668      
7           -71.794869571570729      
3           -100.26580030668332      
6           -434.4922533009231       
4           -32.160552913016133      
3           -39.40877665500431       
2           -0.80944354447203892     
3           -1.8212479750620876      
3           -58.313887358411257      
3           -1.8212479750620876      
2           -0.80944354447203892     
3           -1.8212479750620876      
0           0                        
1           -0.20236088611800973     
5           -69.94374761485561       
3           -50.793655523996144      
4           -5.1280444966679655      
4           -39.400687090582828      
5           -386.48714581846991      
1           -0.20236088611800973     
2           -0.80944354447203892     
6           -80.441281012649824      
6           -61.617406005812107      
1           -0.20236088611800973     
3           -27.934757270919015      
1           -0.20236088611800973     
3           -1.8212479750620876      
1           -0.20236088611800973     
3           -14.980559958498798      
5           -143.31482483999193      
2           -0.80944354447203892     
8           -378.87288164123345      
6           -366.42308402769186      
3           -101.63730053440189      
5           -8.3397840739507263      
6           -27.005053335021135      
7           -161.94305569002194      
5           -9.8337347017171002      
3           -1.8212479750620876      
9           -273.98122383478227      
3           -29.469992834382147      
4           -3.2377741778881557      
1           -0.20236088611800973     
5           -9.9967813142460979      
3           -1.8212479750620876      
6           -20.977718782034348      
1           -0.20236088611800973     
0           0                        
3           -1.8212479750620876      
1           -0.20236088611800973     
10          -514.57744045543905      
2           337.80978966227559       
3           -131.6142774257336       
3           -1.8212479750620876      
10          -673.21124841966946      
3           -26.14128027303768       
5           -138.79566041147183      
1           -0.20236088611800973     
6           -79.151585656136859      
4           -4.7042127194275505      
3           -23.390280837044415      
10          -165.50403449013118      
2           -0.80944354447203892     
3           -1.8212479750620876      
4           -120.97702092808677      
5           -120.72637549836723      
2           -0.80944354447203892     
2           -5.294758564621759       
1           -0.20236088611800973     
2           -0.80944354447203892     
2           -33.560906750503619      
4           -6.2944451722717165      
3           -28.06944552869858       
1           -0.20236088611800973     
2           -0.80944354447203892     
4           -80.91043249282464       
1           -0.20236088611800973     
0           0                        
4           -3.2377741778881557      
3           -1.8212479750620876      
