390 1 -3725 35 35 35
14          -3807.4188703052887      
4           -2121.0488546636761      
3           -156.20533566838702      
4           -25.364178071137076      
2           -5.6886202856566097      
16          -5629.2647695736305      
2           -5.6886202856566097      
4           -284.1773546752263       
6           -92.065821377169016      
2           -5.6886202856566097      
3           -1060.2332568674028      
4           -162.47877038082032      
8           -1884.7222747807032      
1           -1.4221550714141524      
2           -7.9555380162365799      
5           -687.26015234308863      
4           -22.754481142626439      
4           -38.710646855726019      
4           -1889.2237990231392      
2           -5.6886202856566097      
5           -560.28130189101284      
3           -22.11766706313464       
3           -12.799395642727369      
5           -328.6986671794786       
5           -35.553876785353808      
1           -1.4221550714141524      
3           -582.90313638984583      
6           -760.50136106922184      
2           -5.6886202856566097      
2           -5.6886202856566097      
4           -409.76247290323261      
3           -759.39077133168041      
4           -22.754481142626439      
7           -2273.9688123576143      
1           -1.4221550714141524      
4           -408.97233099718051      
3           -12.799395642727369      
2           -5.6886202856566097      
7           -1204.9731284858879      
1           -1.4221550714141524      
4           -402.80505946125459      
5           -126.63384062316138      
5           -1156.4023780303144      
2           -5.6886202856566097      
4           -928.06947062389156      
8           -695.56113568397063      
6           -401.28104071166251      
6           -2779.4474198787693      
2           -5.6886202856566097      
2           -5.6886202856566097      
5           -1050.1031906560645      
4           -22.754481142626439      
3           -13.829277286231651      
5           -224.01106766084558      
9           -3193.7219402850783      
3           -41.266616860734452      
8           -3171.3979590196732      
4           -26.333901677630141      
2           -5.6886202856566097      
8           -1981.1991464125233      
3           -12.799395642727369      
6           -1684.3159945242194      
2           -5.6886202856566097      
0           0                        
7           -1960.1649968732429      
4           -38.116894640556318      
4           -1089.0693786504705      
4           -217.72552542126738      
5           -1609.15650206227        
6           -989.61671608620861      
3           -280.09795440913683      
5           -318.29163607254753      
8           -2968.1379956945384      
3           -2821.6921563029296      
6           -1140.882992179427       
6           -488.9815284294026       
2           -5.6886202856566097      
3           -381.29550185248803      
4           -27.301318804656553      
3           -59.01404852785366       
7           -2568.2460749052439      
8           -1091.2904530167166      
5           -131.66947140665184      
5           -861.11598835978214      
11          -3352.0507930501767      
5           -613.33098766847263      
1           -1.4221550714141524      
5           -358.33876855359756      
1           -1.4221550714141524      
6           -250.44013805828513      
2           -5.6886202856566097      
2           -5.6886202856566097      
3           -12.799395642727369      
6           -69.940359750912137      
3           -12.799395642727369      
8           -2064.8825898366417      
1           -1.4221550714141524      
7           -1145.2736814125635      
4           -26.265169981972516      
2           -5.6886202856566097      
2           -391.08409282045307      
