390 1 -3725 35 35 35
2           -5.6886202856566097      
3           -12.799395642727369      
4           -344.81437549579294      
4           -776.55623883391479      
6           -80.73362187523432       
7           -896.87270549160735      
4           -108.04980933132617      
2           -5.6886202856566097      
5           -874.9686618086198       
7           -737.0228478803532       
2           -5.6886202856566097      
4           -99.098497637923515      
4           -1694.8468618710594      
4           -33.730310890646642      
2           -5.6886202856566097      
4           -659.57062837560488      
1           -1.4221550714141524      
8           -568.21983804131276      
3           -450.26551525206384      
5           -95.729519947162629      
3           -12.799395642727369      
3           -336.32679643593468      
1           -1.4221550714141524      
5           -648.86420654796223      
0           0                        
4           -1012.0038657915359      
8           -3082.2309374821434      
4           -136.4397418124035       
7           -1960.3149666450227      
8           -1642.9942789438937      
5           -35.553876785353808      
3           -12.799395642727369      
3           -355.1155604837067       
4           -1224.4029952278377      
6           -400.88492493026592      
2           -5.6886202856566097      
1           -1.4221550714141524      
2           -5.6886202856566097      
3           -777.28135019000808      
2           -5.6886202856566097      
2           -17.031155426318811      
5           -464.64756296550121      
0           0                        
4           -293.03497401371345      
2           -5.6886202856566097      
2           -5.6886202856566097      
4           -22.754481142626439      
7           -2819.398128099534       
7           -536.86319846630124      
9           -2084.0914630699422      
4           -27.453562513591077      
4           -22.754481142626439      
3           -12.799395642727369      
3           -24.693157897874961      
6           -328.11324435211213      
5           -43.457989010531897      
4           -61.067083767158138      
3           -12.799395642727369      
3           -215.23050991599493      
9           -4324.9142470967454      
2           -5.6886202856566097      
3           -12.799395642727369      
5           -1040.2114645626712      
2           -5.6886202856566097      
6           -523.883772003834        
4           -403.22077451631367      
4           -714.58525955552125      
8           -928.33094676819769      
1           -1.4221550714141524      
6           -3574.4986146624124      
5           -101.53807512044706      
5           -64.626394684885781      
5           -791.35539739533181      
1           -1.4221550714141524      
0           0                        
2           -12.483942912376149      
3           -51.382079769124928      
1           -1.4221550714141524      
4           -25.534468894118465      
1           -1.4221550714141524      
5           -144.23443068910976      
5           -35.553876785353808      
3           -12.799395642727369      
5           -598.75557679239978      
1           -1.4221550714141524      
4           -22.754481142626439      
3           -1056.444033871014       
6           -1321.1971306051205      
1           -1.4221550714141524      
0           0                        
2           -5.6886202856566097      
7           -1815.514709665395       
4           -27.264370664668817      
2           -5.6886202856566097      
2           -5.6886202856566097      
3           -12.799395642727369      
1           -1.4221550714141524      
7           -732.85714715317431      
4           -240.06701375568241      
2           -5.6886202856566097      
7           -2032.8138111854275      
