390 1 -3725 35 35 35
7           -650.74632734703698      
4           -9.7770069428305266      
4           -13.627963551626021      
6           -275.01213194973479      
3           -5.0652101507596221      
6           -163.54109547536774      
4           -507.89023040342852      
5           -933.74481249222652      
3           -5.0652101507596221      
3           -5.0652101507596221      
5           -299.28322715074677      
7           -286.60559418472451      
1           -0.56280112786218028     
5           -177.13170678792929      
2           -2.2512045114487211      
2           -2.2512045114487211      
1           -0.56280112786218028     
1           -0.56280112786218028     
2           -2.2512045114487211      
6           -128.3142760028482       
8           -608.18228485393433      
2           -34.92969808176256       
5           -579.40027590656211      
4           -9.0048180457948845      
6           -1132.0835975502519      
2           -2.2512045114487211      
4           -171.30200019223116      
6           -553.82353082739826      
10          -983.27710638588906      
5           -137.18498583916391      
2           -2.2512045114487211      
1           -0.56280112786218028     
5           -257.67568296194031      
7           -206.24513425209088      
4           -358.35486772952726      
0           0                        
6           -358.09637366663293      
7           -360.63625159426834      
1           -0.56280112786218028     
3           -11.865527162937383      
1           -0.56280112786218028     
2           -2.2512045114487211      
4           -109.01610450056307      
5           -296.46186457408544      
3           -5.0652101507596221      
7           -1551.3760957826034      
2           -2.2512045114487211      
10          -587.92961087190338      
5           -296.21657165256818      
5           -460.98497168414747      
2           -2.2512045114487211      
6           -161.16625802393344      
3           -7.5163569884923058      
5           -639.21765890816107      
2           -2.2512045114487211      
4           -360.82533545786845      
4           -9.0048180457948845      
5           -30.076336941623239      
3           -20.353410814441574      
6           -170.19630242453917      
2           -2.2512045114487211      
4           -115.9968570752981       
8           -1161.838994624806       
7           -424.84709848924501      
9           -540.44605116046421      
5           -253.07517723988315      
0           0                        
8           -204.15559445123736      
3           -5.0652101507596221      
12          -1064.8580354143151      
5           -116.08823889771411      
6           -463.61661610025925      
5           -33.8473772129325        
4           -109.50721294049657      
2           -2.2512045114487211      
5           -139.51878261918787      
5           -16.639198406077774      
3           -5.0652101507596221      
4           -254.47643220805858      
7           -43.099020323652169      
7           -747.44452068108262      
10          -312.45626436119511      
5           -84.652164396706667      
8           -1253.9006182248743      
8           -686.21247698447314      
7           -388.15645249105017      
9           -456.74289521390784      
3           -5.8391600406923381      
3           -59.908717953551758      
4           -9.0048180457948845      
2           -2.2512045114487211      
4           -10.908058983968266      
3           -278.49975121167398      
5           -250.39779822335504      
3           -102.46809515788556      
3           -5.0652101507596221      
0           0                        
7           -285.27322050686445      
9           -213.85693572502561      
7           -722.7970168747072       
5           -124.32837653856085      
