390 1 -3725 35 35 35
2           -29.939782938808985      
7           -462.31755599207963      
7           -712.64863394696158      
2           -2.1845095552540323      
7           -562.38258007658317      
4           -60.688203308735268      
2           -20.247201872255928      
4           -158.98027644255961      
5           -244.26958629491048      
3           -78.678298829211656      
2           -2.1845095552540323      
2           -2.1845095552540323      
4           -8.7380382210161294      
2           -2.1845095552540323      
5           -406.93874652541945      
5           -16.113254034313563      
3           -126.52451351343498      
7           -142.80890596279099      
0           0                        
5           -14.382791741514181      
2           -25.261306498839993      
3           -382.58500432179295      
9           -265.76154289910971      
6           -238.45122386012355      
5           -13.6531847203377        
2           -2.1845095552540323      
2           -2.1845095552540323      
7           -43.118380783801811      
0           0                        
6           -20.579821709256318      
5           -357.11256757921035      
4           -8.7380382210161294      
9           -821.22059537560426      
4           -10.721159790518776      
0           0                        
6           -313.4101297023833       
4           -8.7380382210161294      
4           -48.157988955829694      
7           -508.64072638094871      
4           -674.38973665411072      
3           -10.926079423342101      
3           -36.200695376149149      
2           -2.8921386377598002      
1           -0.54612738881350809     
3           -62.175156672752991      
4           -8.7380382210161294      
2           -67.145788405470569      
4           -20.280710418925096      
5           -101.26032225876743      
6           -167.3934980657144       
3           -270.13741743558757      
8           -453.66268431824926      
5           -294.8394920568594       
3           -4.9151464993215725      
5           -334.1590196064825       
2           -2.1845095552540323      
3           -4.9151464993215725      
3           -4.9151464993215725      
2           -2.1845095552540323      
7           -155.86489105942221      
2           -40.99766625599861       
4           -8.7380382210161294      
3           -4.9151464993215725      
7           -565.01542448998293      
3           -4.9151464993215725      
5           -67.377699651849397      
5           314.52584429370336       
6           -187.9662798601058       
6           -28.133066985414814      
0           0                        
2           -2.1845095552540323      
5           -297.58030245720067      
5           -781.60198182024021      
2           -2.1845095552540323      
1           -0.54612738881350809     
3           -5.9358010719669654      
2           -2.1845095552540323      
3           -4.9151464993215725      
3           -4.9151464993215725      
1           -0.54612738881350809     
6           -370.35431265385614      
5           -79.700086686815084      
3           -15.059286102333743      
8           -380.42988198097231      
4           -782.11694303817023      
2           -2.1845095552540323      
6           -256.79696443345995      
5           -48.391161163109928      
2           -2.1845095552540323      
1           -0.54612738881350809     
1           -0.54612738881350809     
4           -209.92764579809585      
3           -31.69770716698816       
4           -8.7380382210161294      
1           -0.54612738881350809     
2           -137.81836202265379      
1           -0.54612738881350809     
2           -2.1845095552540323      
2           -2.1845095552540323      
2           -2.1845095552540323      
7           -725.59099870519219      
