390 1 -3725 35 35 35
2           -9.2722390579748684      
5           -318.13163956897762      
2           -5.6886202856566097      
1           -1.4221550714141524      
3           -12.799395642727369      
9           -3304.7177271268965      
1           -1.4221550714141524      
3           -226.74269270071434      
6           -839.31395435960803      
4           -955.44817904845343      
0           0                        
9           -1217.5892631170832      
2           -5.6886202856566097      
5           217.92682476841497       
3           -38.447591524663387      
3           -312.48228821601646      
4           -26.387301092187769      
3           -385.89301024465686      
6           -139.54287808517972      
5           -167.79319592407796      
4           -1185.8115631333321      
4           -22.754481142626439      
2           -5.6886202856566097      
6           -62.439827697381197      
7           -479.15394387715179      
1           -1.4221550714141524      
12          -5750.0184034902159      
4           -38.92534136508668       
6           -2764.2424691071437      
3           -488.50230083099456      
5           -232.34640066138104      
4           -248.75035209518387      
6           -449.07454406603438      
3           -755.26623799074559      
5           -577.59695827697556      
1           -1.4221550714141524      
3           -12.799395642727369      
9           -1688.302704019002       
4           -176.51623104125227      
6           -92.427800022793605      
6           -1103.7418280776646      
2           -5.6886202856566097      
1           -1.4221550714141524      
3           -31.57743642027005       
3           -19.991310060323912      
1           -1.4221550714141524      
5           -1225.0448449703629      
3           -84.496320088881077      
4           -779.16047972088688      
6           -308.92400836333456      
1           -1.4221550714141524      
3           -793.09589549401585      
4           -22.754481142626439      
6           -2265.6212614020224      
4           -29.260532879953299      
3           -12.799395642727369      
3           -12.799395642727369      
6           -1328.4822216987845      
6           -205.12073672077796      
4           -22.754481142626439      
4           -145.17836640477907      
4           -618.64739324327218      
3           -12.799395642727369      
5           -736.48635158242314      
5           -285.67078264550071      
3           -12.799395642727369      
2           -5.6886202856566097      
6           -852.6981469702913       
3           -494.30934992908084      
1           -1.4221550714141524      
7           -639.3829765760895       
7           -2870.3160824345809      
5           -453.31389922268028      
8           -1532.1210534557197      
2           -6.6538185973929522      
5           -108.65173004813722      
4           -24.877458760803982      
9           -687.91472644548276      
6           -1495.0041791174965      
3           -12.799395642727369      
3           -12.799395642727369      
12          -5137.2354484693824      
2           -5.6886202856566097      
4           -446.28043970371988      
3           -44.564925653643449      
4           -134.58995506331939      
4           -437.59032500738618      
4           -37.718040671247053      
6           -2043.2485312192937      
7           -845.03677279002113      
8           -2720.292364127376       
2           -13.185992593540345      
8           -3624.034582929261       
7           -183.04599573953556      
4           -22.754481142626439      
2           -5.6886202856566097      
2           -5.6886202856566097      
5           -202.47911927593526      
4           -37.294001135177901      
1           -1.4221550714141524      
6           -110.51606666158395      
