390 1 -3725 35 35 35
4           -36.88595234692113       
7           -327.43934782314955      
1           -1.4415847455985695      
1           -1.4415847455985695      
5           -45.531571894175052      
5           -1617.2729058137832      
1           -1.4415847455985695      
2           -5.7663389823942781      
2           -5.7663389823942781      
6           -1514.1220064891559      
6           -255.76808019685319      
3           -12.974262710387126      
4           -540.14125572416037      
3           -12.974262710387126      
3           -248.15001157228446      
2           -5.7663389823942781      
5           -36.039618639964239      
10          -1350.6166370502174      
4           -24.061521811294678      
3           -12.974262710387126      
5           -210.98164289024572      
5           -79.772291469602891      
2           -5.7663389823942781      
2           -5.7663389823942781      
4           -23.065355929577112      
5           -492.28855211035341      
5           -850.92748813052071      
5           -1642.0571757447278      
3           -40.954363860940475      
8           -905.14366149951866      
4           -290.22231053845928      
2           -375.00472984497833      
6           -1568.6278274745225      
2           -5.7663389823942781      
1           -1.4415847455985695      
3           -45.627709816942939      
2           -5.7663389823942781      
1           -1.4415847455985695      
0           0                        
8           -1203.5713118180322      
4           -23.065355929577112      
4           -704.15955224637435      
4           -559.54869685846904      
6           -440.2709675195984       
1           -1.4415847455985695      
0           0                        
5           -2055.4941240362714      
1           -1.4415847455985695      
4           -734.24550334172898      
5           -879.33317747181536      
2           -107.47347715715711      
3           -12.974262710387126      
5           -479.08953716811345      
3           -16.217686963872264      
3           -15.025637427415807      
4           -1272.9477381464094      
4           -514.58798493941458      
4           -26.480014726516629      
2           -5.7663389823942781      
4           -1486.6041915318567      
5           -1644.2808280039983      
4           -25.919948376188522      
5           -44.013020683320924      
6           -1049.9240704702495      
2           -5.7663389823942781      
6           -84.044153156198405      
1           -1.4415847455985695      
1           -1.4415847455985695      
8           -2698.1568073696035      
8           -1886.3209778458242      
4           -95.967166673825687      
5           -788.99999498931959      
4           -417.22945280646701      
3           -23.109137227815388      
4           -659.17815436706042      
2           -5.7663389823942781      
4           -199.09313657413247      
4           -629.63632199657275      
5           -550.84753088331456      
6           -1378.2678958156994      
3           -12.974262710387126      
4           -118.73431477154516      
2           -5.7663389823942781      
2           -551.13729755335601      
8           -954.07743883482124      
2           -5.7663389823942781      
5           -165.56657414772684      
2           -527.82793250795328      
5           -165.63491521741668      
1           -1.4415847455985695      
5           -1647.471450810847       
5           -44.264619130958543      
9           -3389.0992238167655      
3           -12.974262710387126      
1           -1.4415847455985695      
1           -1.4415847455985695      
3           -334.99388463720078      
8           -3129.4828434842225      
2           -5.7663389823942781      
4           -23.065355929577112      
3           -12.974262710387126      
