390 1 -3725 35 35 35
0           0                        
4           -61.986055191572916      
5           -478.82031606397896      
6           -384.70303917690728      
5           -185.61000094543044      
3           -4.9151464993215725      
2           -2.1845095552540323      
2           -5.345852916992448       
2           -3.0837185958600308      
6           -714.92225272595579      
4           -460.51862442664503      
3           -12.763815719490683      
4           -17.875889705371229      
5           -791.20048211077858      
5           -77.880638729166122      
1           -0.54612738881350809     
3           -4.9151464993215725      
5           -71.974456432293536      
1           -0.54612738881350809     
8           -385.48830905870142      
8           -291.44466405366916      
0           0                        
6           -21.20255534425916       
3           -13.800006767639562      
4           -13.248468059799134      
8           -384.85998089244185      
4           -410.4468020883686       
6           -464.33233697401386      
1           -0.54612738881350809     
5           -975.19232664846709      
7           -303.76035980418004      
7           -93.295930306188879      
3           -4.9151464993215725      
5           -31.550459783783047      
1           -0.54612738881350809     
5           -24.179332485275943      
2           -2.1845095552540323      
9           -1052.7813918170355      
3           -4.9151464993215725      
2           -2.1845095552540323      
3           -4.9151464993215725      
0           0                        
4           -98.242183306756786      
3           -44.334539317028003      
8           -109.19940132554812      
4           -25.7348416064379        
6           -316.69409008668299      
8           -256.50326957811905      
3           -4.9151464993215725      
2           -2.1845095552540323      
10          -1026.908217459199       
9           -452.79088839603946      
6           -25.403868900545113      
3           -4.9151464993215725      
4           -9.5223167758663863      
6           -35.518635315609998      
4           -69.271302506634655      
3           -4.9151464993215725      
4           -719.86370982806352      
3           -4.9151464993215725      
3           -66.260903507220604      
5           -153.26866927236512      
3           -4.9151464993215725      
7           -111.56420403584261      
0           0                        
2           -2.1845095552540323      
2           -2.1845095552540323      
3           -8.2330876494026324      
5           -757.22968940737678      
3           -4.9151464993215725      
5           -19.632882679686141      
0           0                        
5           -201.59228087617961      
5           -13.6531847203377        
2           -2.1845095552540323      
6           -1271.0860294699708      
4           -21.446358431214122      
6           -475.71006565355788      
2           -2.1845095552540323      
5           -457.14183481216935      
5           -424.21851330290593      
8           -1058.0362932988471      
5           -456.86931425911672      
1           -0.54612738881350809     
3           -4.9151464993215725      
2           -2.1845095552540323      
2           -2.1845095552540323      
6           -21.072829437367769      
4           -256.88494564020328      
0           0                        
9           -814.35409652531223      
4           -489.04719352429765      
3           -4.9151464993215725      
5           -454.35165670039157      
4           -428.76841171478105      
4           -124.58788888397528      
3           -4.9151464993215725      
2           -2.1845095552540323      
4           -212.4847842680351       
1           -0.54612738881350809     
2           -2.1845095552540323      
