390 1 -3725 35 35 35
2           -2.2512045114487211      
5           -22.516736988131342      
3           -5.0652101507596221      
3           -5.0652101507596221      
3           -5.0652101507596221      
0           0                        
3           -74.761216446941489      
5           -604.75081638886945      
6           -413.86686442891249      
4           -222.92704975423885      
3           -5.0652101507596221      
3           -5.0652101507596221      
3           -44.514044180235473      
5           -267.65807341264406      
9           -1339.4750644919293      
7           -186.10979716554002      
3           -5.0652101507596221      
5           -451.77731909573856      
2           -84.19432070654031       
6           -171.31626942118692      
1           -0.56280112786218028     
5           -21.231097878006608      
5           -439.9159363681631       
13          -1720.1340139866493      
5           -342.25964176117708      
2           -2.2512045114487211      
5           -547.22167102663911      
5           -502.92743208528515      
3           -5.0652101507596221      
8           -357.38820432503439      
4           -350.69930075205991      
5           -101.55443964691749      
0           0                        
7           -39.234103477583787      
0           0                        
1           -0.56280112786218028     
4           -15.128814841949119      
8           -357.49420111804852      
1           -0.56280112786218028     
3           -11.119902216891187      
3           -5.0652101507596221      
2           -2.2512045114487211      
1           -0.56280112786218028     
5           -494.55477297788849      
0           0                        
1           -0.56280112786218028     
4           -15.03398554512972       
3           -5.0652101507596221      
6           -25.661191115957223      
3           -187.119579720166        
5           -142.90127442297023      
2           -57.776390738884089      
4           -80.986999768838814      
1           -0.56280112786218028     
3           -6.0150159560768985      
3           -104.01321549873965      
5           -100.7203576939188       
4           -16.544482622725692      
2           -2.2512045114487211      
5           -399.01763926171344      
4           -9.7273524896744963      
8           -370.50448011207504      
4           -184.55116382633909      
4           -108.03005485951533      
5           -288.00188210840213      
3           -5.0652101507596221      
3           -5.0652101507596221      
3           -156.41984663339053      
5           -56.400718769567362      
2           -2.2512045114487211      
8           -124.82505909927195      
4           -19.313841698975271      
6           -43.690475765153316      
5           -190.76163306196071      
3           -73.975271412844549      
3           -8.7551406734773067      
3           -5.0652101507596221      
3           -9.816881564769357       
3           -96.856359639100845      
1           -0.56280112786218028     
3           -5.0652101507596221      
3           -5.0652101507596221      
0           0                        
2           -2.2512045114487211      
4           -72.961172494200923      
5           -200.50336781859505      
2           -2.2512045114487211      
1           -0.56280112786218028     
1           -0.56280112786218028     
8           -802.60422570203787      
6           -429.8645688870559       
0           0                        
3           -5.0652101507596221      
2           -2.2512045114487211      
1           -0.56280112786218028     
4           -20.311441955636916      
3           -5.0652101507596221      
6           -256.83152279722526      
6           -682.80953297025883      
3           -8.9546893020873526      
2           -2.2512045114487211      
