390 1 -3725 35 35 35
7           -622.30350065804816      
4           -291.1578354640933       
5           -264.56599668054787      
5           -135.38241780872778      
4           -25.486286504752432      
9           -462.24529882601763      
3           -5.0652101507596221      
5           -14.070028196554507      
1           -0.56280112786218028     
6           -259.87883986496809      
2           -2.2512045114487211      
5           -39.297732738903299      
3           -5.0652101507596221      
4           -59.260751782515285      
2           -2.2512045114487211      
4           -182.37011038957553      
6           -547.37160006213128      
2           -2.2512045114487211      
1           -0.56280112786218028     
5           -138.03145790142034      
2           -2.2512045114487211      
4           -9.0048180457948845      
7           -824.69518737957719      
5           -61.263143334459826      
6           -67.095700938153726      
4           -21.375025325190705      
7           -870.08525603508497      
6           -614.43805672147107      
1           -0.56280112786218028     
2           -51.048010779252039      
1           -0.56280112786218028     
2           -2.2512045114487211      
3           -5.0652101507596221      
4           -266.18430180810822      
6           -220.67688697977331      
3           -5.0652101507596221      
1           -0.56280112786218028     
4           -563.80865943777155      
4           -9.0048180457948845      
4           -286.61562647904884      
3           -162.87418863859443      
5           -14.070028196554507      
10          -653.01697603740138      
4           -65.220904456794557      
3           -56.496088868282826      
2           -2.2512045114487211      
4           -215.25533171745923      
6           -115.06194665721331      
5           -14.070028196554507      
5           -62.428488411869807      
3           -9.7478199126658325      
3           -21.554919070763816      
8           -316.10309855540879      
4           -60.359778287412361      
7           -407.87464501911273      
7           -866.72778760724691      
0           0                        
2           -58.316144746973634      
1           -0.56280112786218028     
1           -0.56280112786218028     
5           -14.070028196554507      
2           -2.2512045114487211      
5           -520.1092229364441       
2           -2.2512045114487211      
2           -2.2512045114487211      
2           -13.220286982870245      
3           -420.59211410490059      
2           -2.2512045114487211      
6           -331.82651367330431      
6           -45.117803415612876      
3           -5.0652101507596221      
1           -0.56280112786218028     
0           0                        
1           -0.56280112786218028     
4           -9.0048180457948845      
4           -13.127404549357323      
3           -5.0652101507596221      
6           -363.33704023940152      
2           -2.2512045114487211      
2           -2.2512045114487211      
3           -5.0652101507596221      
9           -206.70946424573975      
4           -444.35596727688329      
1           -0.56280112786218028     
3           -10.540670014556003      
8           -1121.2279856261575      
2           -2.2512045114487211      
2           -2.2512045114487211      
2           -2.2512045114487211      
4           -9.0048180457948845      
4           -25.454544587561767      
3           -5.0652101507596221      
3           -46.053167088470417      
2           -2.2512045114487211      
3           -5.0652101507596221      
4           -9.0048180457948845      
3           -13.437900219853203      
7           -174.19381719834865      
1           -0.56280112786218028     
5           -377.83817954896472      
3           -61.93631092768905       
