390 1 -3725 35 35 35
14          -661.53801393279173      
4           -465.89760839099324      
3           -24.972640935394729      
4           -3.1366041475410875      
2           -0.78415103688527188     
16          -803.41817104044355      
2           -0.78415103688527188     
4           -44.953150540283595      
6           -22.883582842920138      
2           -0.78415103688527188     
3           -120.24852883625044      
4           -28.241439502981827      
8           -308.3772286811685       
1           -0.19603775922131797     
2           -1.8288276837352453      
5           -79.828986411204397      
4           -3.1366041475410875      
4           -6.9413103290473437      
4           -337.52169795901085      
2           -0.78415103688527188     
5           -84.0534649620718        
3           -4.7210373552448459      
3           -1.764339832991862       
5           -57.270499496910922      
5           -4.9009439805329498      
1           -0.19603775922131797     
3           -40.4203690712217        
6           -309.17308103112447      
2           -0.78415103688527188     
2           -0.78415103688527188     
4           -131.13375347655685      
3           -64.403996979632566      
4           -3.1366041475410875      
7           -401.76398264175987      
1           -0.19603775922131797     
4           -33.916223842605319      
3           -1.764339832991862       
2           -0.78415103688527188     
7           -324.44584457622733      
1           -0.19603775922131797     
4           -88.450751621579499      
5           -30.431330286203966      
5           -179.80670397527922      
2           -0.78415103688527188     
4           -108.74994486061668      
8           -172.97828180453664      
6           -101.08710228656852      
6           -289.69921597475314      
2           -0.78415103688527188     
2           -0.78415103688527188     
5           -203.86211349819249      
4           -3.1366041475410875      
3           -1.764339832991862       
5           -64.860790555639454      
9           -516.83145126175032      
3           -7.1056476964394468      
8           -522.46593660598148      
4           -4.7936603591876681      
2           -0.78415103688527188     
8           -380.83937132274178      
3           -1.764339832991862       
6           -274.90746439710546      
2           -0.78415103688527188     
0           0                        
7           -211.71630632246183      
4           -7.7778890273019599      
4           -113.198182870153        
4           -27.202443237315688      
5           -208.59639908126584      
6           -158.84510967684122      
3           -38.690785527874432      
5           -72.150356141187672      
8           -397.30790269193994      
3           -355.77231385394617      
6           -82.57654119962335       
6           -147.17833090580035      
2           -0.78415103688527188     
3           -52.920335063892047      
4           -4.6660035189282816      
3           -10.159421804250361      
7           -356.73399456155227      
8           -106.85566781104892      
5           -18.895104609037364      
5           -189.32188601530476      
11          -404.42718064462281      
5           -81.679155118727664      
1           -0.19603775922131797     
5           -21.313628882178719      
1           -0.19603775922131797     
6           -39.702285418736913      
2           -0.78415103688527188     
2           -0.78415103688527188     
3           -1.764339832991862       
6           -11.062810899097125      
3           -1.764339832991862       
8           -395.58952362000969      
1           -0.19603775922131797     
7           -259.19266776697481      
4           -5.7190111419107783      
2           -0.78415103688527188     
2           -94.975947675869719      
