390 1 -3725 35 35 35
2           -5.7663389823942781      
5           -223.08523339657992      
3           -14.314286059208131      
6           -53.498622284250082      
1           -1.4415847455985695      
2           -5.7663389823942781      
1           -1.4415847455985695      
5           -359.40386745550359      
1           -1.4415847455985695      
5           -124.03853379639622      
2           -5.7663389823942781      
1           -1.4415847455985695      
11          -4331.9735789696842      
7           -844.40320231148462      
3           -12.974262710387126      
4           -486.37860976600962      
3           -581.81812480774897      
2           -5.7663389823942781      
5           -2217.7392254943661      
4           -438.9336284035665       
2           -5.7663389823942781      
4           -1548.3249542704741      
4           -330.69745644730511      
3           -12.974262710387126      
4           -721.66747533797673      
3           -443.1307543872893       
2           -5.7663389823942781      
5           -1179.374816262771       
4           -40.308958758617138      
5           -100.00707914820617      
5           -487.24719788222319      
7           -1717.2067218689047      
3           -12.974262710387126      
3           -12.974262710387126      
5           -777.1122498716361       
4           -582.49168787101257      
3           -1172.1180367249765      
6           -1003.1354140374904      
4           -1479.847108998709       
3           -14.177194011130501      
0           0                        
3           -23.133734964002741      
1           -1.4415847455985695      
6           -1560.868696425895       
4           -187.56951839656014      
6           -1235.2356049093908      
7           -144.56475116093836      
8           -854.11098488776588      
5           -238.69626003363624      
3           -12.974262710387126      
5           -1948.66757848769        
5           -414.99234003004068      
5           -36.819863588412638      
8           -2673.8846525059062      
7           -412.94270999842922      
5           -836.43443733987419      
6           -3008.7560548102556      
2           -5.7663389823942781      
2           -5.7663389823942781      
6           -503.24278062279382      
3           -1427.5499517526737      
4           -24.502901686724893      
8           -1777.7240660600646      
3           -55.071852290860591      
2           -5.7663389823942781      
4           -85.008708415574233      
3           -16.828801408809223      
3           -12.974262710387126      
5           -530.82822990883562      
1           -1.4415847455985695      
6           -701.4809245870922       
7           -1214.227113493331       
4           -180.16933591604689      
5           -129.18561359676033      
3           -12.974262710387126      
8           -1121.8640293117928      
6           -799.36840927310641      
5           -555.4695317887747       
3           -39.759327753725685      
5           -48.940191577458435      
3           -61.766510966119554      
1           -1.4415847455985695      
8           -733.2614654638295       
3           -12.974262710387126      
4           -26.157157999975315      
5           -771.98005668589235      
3           -289.49256564305313      
6           -3430.9777423465243      
2           -5.7663389823942781      
5           -187.70760512375458      
7           -414.96233136039723      
6           -1738.055829973214       
1           -1.4415847455985695      
5           -1208.5721109201111      
2           -5.7663389823942781      
0           0                        
6           -186.44904366390671      
7           -2307.2731131347259      
5           -245.55410514394256      
6           -657.96645716685305      
0           0                        
