390 1 -3725 35 35 35
4           -3.1366041475410875      
4           -153.61573072204354      
6           -84.335584871596353      
3           -37.366029652255399      
4           -5.8491758708745714      
6           -190.62139065314108      
7           -13.139751210876057      
4           -50.844891658779652      
3           -21.679015960236391      
3           -15.533061330558986      
6           -19.222997849439533      
7           -223.32066248872326      
3           -1.764339832991862       
3           -8.8638853704116531      
4           -140.2868283803611       
4           -44.680982072514659      
9           -206.59772254291596      
7           -285.43848161417412      
7           -36.420779113694621      
6           -82.174888014047681      
2           -0.78415103688527188     
3           -19.983527392659184      
5           -170.08785839903433      
1           -0.19603775922131797     
5           -11.318178677339088      
4           -11.214972495813219      
5           -46.526159873275589      
1           -0.19603775922131797     
4           -94.503940374830506      
10          -431.74351617632323      
11          -258.89743449436787      
8           -305.37533931395711      
5           -48.352057976023275      
3           -1.764339832991862       
8           -284.38683948831562      
3           -13.629899631174389      
4           -42.696551480468223      
4           -19.312012876980372      
5           -284.43406479910038      
2           -2.6894453068284103      
3           -1.764339832991862       
2           -0.78415103688527188     
1           -0.19603775922131797     
5           -67.895582718347313      
4           -33.043039854018396      
2           -0.78415103688527188     
2           -2.8786192493660114      
8           -259.33915902337708      
3           -151.00961925883834      
1           -0.19603775922131797     
5           -10.194937303530157      
5           -26.343690112535505      
4           -3.1366041475410875      
2           -0.78415103688527188     
7           -179.15612362151074      
2           -0.78415103688527188     
6           -315.2528976696488       
5           -47.099925045793938      
6           -27.03565073941202       
2           -0.78415103688527188     
4           -249.46164886566814      
1           -0.19603775922131797     
4           -135.57326914114475      
3           -3.2207590925523326      
3           -1.764339832991862       
12          -494.68816530813547      
0           0                        
0           0                        
5           -286.04193926940815      
4           -7.9812364897292358      
4           -8.6257521839320539      
5           -100.82126513652926      
1           -0.19603775922131797     
1           -0.19603775922131797     
2           -0.78415103688527188     
3           -78.983276524478129      
8           -151.95467005265365      
2           -0.78415103688527188     
9           -131.48448388106348      
4           -5.8981849543384479      
5           -28.403863282801559      
4           -48.209124990729137      
8           -28.846573673058415      
7           -337.26182947284263      
8           -211.59964882847945      
2           -0.78415103688527188     
1           -0.19603775922131797     
1           -0.19603775922131797     
4           -33.29352346723541       
2           -0.78415103688527188     
1           -0.19603775922131797     
2           -0.78415103688527188     
6           -257.74933371290541      
1           -0.19603775922131797     
2           -0.78415103688527188     
2           -0.78415103688527188     
3           -1.764339832991862       
2           -7.9946891058716698      
6           369.05869246966193       
5           -35.33881493805648       
5           -11.969451406926689      
