390 1 -3725 35 35 35
2           -13.270533573855531      
6           -301.4614058684964       
3           174.98949078986067       
4           -7.8494409548799648      
1           -0.20236088611800973     
1           -0.20236088611800973     
3           -1.8212479750620876      
4           -6.6634655305376009      
4           -140.28269313966339      
2           -0.80944354447203892     
8           -240.98323319248271      
3           37.053785236645346       
8           -280.42843314873932      
6           -421.51556561758861      
5           -196.56067225138537      
3           -1.8212479750620876      
2           -0.80944354447203892     
6           -186.6516098037132       
7           -226.54024192683008      
3           -1.8212479750620876      
5           -105.10550660968666      
2           -0.80944354447203892     
3           -82.693138856381267      
3           -48.790427130634178      
6           -218.67995856240154      
2           -0.80944354447203892     
6           -37.721264205908298      
3           -50.911350615592532      
5           -52.910607130039146      
5           -7.9638672758385454      
6           -40.261437111508968      
4           -220.95883188300118      
4           -29.818889419405622      
5           -125.88264728306912      
3           -255.15446876160763      
10          -519.20962635785452      
7           -581.17544327454027      
5           -103.32215747955836      
4           -3.2377741778881557      
1           -0.20236088611800973     
1           -0.20236088611800973     
6           -488.55012547612779      
9           -214.33647158373634      
1           -0.20236088611800973     
1           -0.20236088611800973     
4           -3.2377741778881557      
1           -0.20236088611800973     
3           -117.22229537332252      
2           -0.80944354447203892     
3           -1.8212479750620876      
7           -233.6363747262977       
3           -125.65080072053065      
1           -0.20236088611800973     
9           -467.60568531246867      
1           -0.20236088611800973     
3           -3.0407342603294047      
2           -0.80944354447203892     
0           0                        
7           -198.44925951885173      
4           -87.646074685074851      
3           -83.956236881656096      
7           -311.42936343540191      
4           -63.555866371080093      
2           -0.80944354447203892     
6           -167.2835913133016       
6           -29.657068336563935      
5           -324.71447670765457      
2           -87.100176348312033      
8           -205.76044040741164      
6           -10.680423323151388      
3           -11.242317483260923      
3           -104.30560955454801      
4           -148.7558141214065       
3           -1.8212479750620876      
8           -275.38566142761999      
3           -7.8691035744414712      
2           -0.80944354447203892     
12          -584.52651113849026      
2           -0.80944354447203892     
5           -230.42732321323294      
3           -5.6816193458262045      
6           -43.411961546466905      
2           -1.9390165195382061      
3           -89.964818940006211      
5           -5.0590221529502433      
3           -1.8212479750620876      
2           -0.80944354447203892     
2           -0.80944354447203892     
4           -13.408367698542449      
1           -0.20236088611800973     
6           -165.58057566406973      
2           -0.80944354447203892     
5           -128.67758683165877      
7           -36.987900273882147      
4           -28.070845064638153      
5           -121.55716623865281      
3           -16.920762494388136      
4           -143.0021154119822       
4           -4.8379923078634439      
2           -0.80944354447203892     
4           -64.645767983407666      
