390 1 -3725 35 35 35
5           -360.92774300966511      
4           -889.44908948695263      
8           -1188.6504325109674      
4           -22.754481142626439      
1           -1.4221550714141524      
1           -1.4221550714141524      
10          -2097.5940285450338      
4           -699.39086703739065      
3           -12.799395642727369      
7           -845.37911606304999      
1           -1.4221550714141524      
4           -30.648194233095971      
4           -174.21040191531083      
6           -228.65330837990754      
1           -1.4221550714141524      
8           -880.21833137302008      
4           -22.754481142626439      
2           -5.6886202856566097      
5           -385.94531118613719      
3           -19.272377856278354      
1           -1.4221550714141524      
2           -5.6886202856566097      
1           -1.4221550714141524      
1           -1.4221550714141524      
1           -1.4221550714141524      
4           -54.395642486799574      
3           -12.799395642727369      
10          -1415.723273711553       
5           -524.6425612729098       
5           -43.991647321960201      
0           0                        
4           -151.75290001676859      
3           -12.799395642727369      
3           -12.799395642727369      
4           -324.55094275525926      
1           -1.4221550714141524      
3           -749.6551002125658       
5           -258.63281553022028      
3           -12.799395642727369      
3           -12.799395642727369      
9           -3577.3203243633625      
6           -202.29668581606583      
5           -926.28422802418186      
2           -5.6886202856566097      
5           -302.30684153199894      
4           -291.27370535459335      
1           -1.4221550714141524      
7           -1859.4730703631978      
6           -237.10079761087141      
4           -86.989522133638644      
2           -5.6886202856566097      
4           -32.531054920069266      
3           -754.25091457930171      
8           -944.06259998810958      
5           -205.38846256125061      
4           -22.754481142626439      
8           -1445.5331500579246      
5           -74.169114422190205      
3           -12.799395642727369      
8           -877.72272638290372      
1           -1.4221550714141524      
8           -1703.3855120986623      
2           -5.6886202856566097      
4           -74.951561107791875      
2           -5.6886202856566097      
1           -1.4221550714141524      
0           0                        
6           -429.6426208756651       
5           -48.930772440092937      
2           -5.6886202856566097      
6           -663.70905585708988      
3           -593.68033504149662      
1           -1.4221550714141524      
3           -54.311920861300166      
4           -82.897118648877012      
3           -184.21852381348609      
3           -261.0771835953563       
5           -596.5974870739667       
9           -920.79435066769042      
2           -5.6886202856566097      
5           -1717.034952006622       
6           -1197.6494399324069      
4           -436.2415631992356       
6           -818.12235998798508      
3           -12.799395642727369      
4           -307.08439674599026      
3           -35.40101023360512       
1           -1.4221550714141524      
3           -12.799395642727369      
2           -5.6886202856566097      
7           -494.40438626131044      
4           -796.66576886524604      
8           -5001.7479538391754      
5           -36.598780566930017      
3           -14.780846202441738      
4           -240.29345076947337      
4           -24.077110089566609      
5           -67.823949367171565      
3           -600.20343177076063      
3           -12.799395642727369      
3           -167.83903483646674      
