390 1 -3725 35 35 35
0           0                        
2           -0.80944354447203892     
5           -420.37674301489773      
8           -456.43200072932962      
4           -5.3585181518078731      
5           -60.468892013934713      
4           -114.20137661005582      
4           -6.5165264336087869      
2           -0.80944354447203892     
5           -147.85901234122716      
1           -0.20236088611800973     
6           -461.03068214414321      
5           -248.2575755623607       
3           -31.543682227038943      
6           -114.67593473919842      
3           -5.5619270636017619      
1           -0.20236088611800973     
5           -44.639912973917298      
5           -73.128507507332444      
4           -14.935578673832429      
7           -596.04189969271874      
7           -283.28730771061549      
6           -218.11689738794723      
5           -7.684485735542065       
6           -61.119852189639708      
4           -33.279032927023316      
5           -15.090164995312447      
6           -125.56688064084054      
6           -148.77156394373662      
1           -0.20236088611800973     
5           -30.627632374582483      
5           -174.07906873020403      
3           -1.8212479750620876      
2           -0.80944354447203892     
2           -0.80944354447203892     
2           -117.26635378718964      
7           -76.365211359682064      
3           -1.8212479750620876      
5           -145.85871646440566      
6           -42.486702186257027      
1           -0.20236088611800973     
5           -20.29696392131234       
5           -60.691371154100715      
4           -10.426914885372424      
8           -49.859257097629559      
5           -122.50483681418795      
1           -0.20236088611800973     
1           -0.20236088611800973     
7           -415.45820129492711      
6           -52.957472644323914      
2           -0.80944354447203892     
7           -129.6620591575246       
3           -97.103798588316678      
2           -3.0548838559521436      
3           -145.75401375794536      
1           -0.20236088611800973     
2           -0.80944354447203892     
5           -134.94146600983925      
2           -0.80944354447203892     
5           -95.297804668319273      
8           -460.32138056251745      
5           -7.7103940635080885      
10          -306.82774298504023      
4           -56.767788247411438      
2           -2.2912814985102026      
2           -2.9264301064255838      
3           -3.3625859821930022      
1           -0.20236088611800973     
4           -3.2377741778881557      
14          -604.34595728458692      
8           -334.130236562189        
1           -0.20236088611800973     
1           -0.20236088611800973     
7           -101.53931078915579      
3           -8.1268349260213295      
3           -54.868397795974197      
1           -0.20236088611800973     
7           -213.02714539996103      
3           -3.6739692531032628      
2           -0.80944354447203892     
6           -299.5045151051097       
3           -175.20860789098387      
5           -6.489273084989823       
3           -3.7667933373552702      
6           -10.176887134580788      
3           -112.41169937055385      
2           -0.80944354447203892     
4           -9.3310992404027839      
6           -143.03108810273275      
2           -0.80944354447203892     
4           -25.407683064395314      
5           -80.984156641198396      
4           -114.45813114966784      
9           -645.07221220735448      
5           -35.214750460024405      
2           -0.80944354447203892     
11          -350.03019373610891      
3           -29.193299283767871      
2           -20.35655636888179       
3           -31.532474887572064      
2           -0.80944354447203892     
