390 1 -3725 35 35 35
2           -0.80944354447203892     
3           -1.8212479750620876      
4           -155.16088895551084      
9           -206.76654734025445      
8           -200.52692811292144      
5           -46.401090381330086      
5           -50.934435449627586      
8           -274.43732732701812      
6           -126.35231106214349      
2           -0.80944354447203892     
4           -32.206874740177305      
6           -214.03169172766533      
1           -0.20236088611800973     
1           -0.20236088611800973     
6           -61.749254254239197      
8           -151.61044993597892      
5           -135.08772670522379      
2           -0.80944354447203892     
4           -60.423352186007101      
5           -83.672226975553656      
4           -3.2377741778881557      
6           -133.58416611775644      
3           -1.8212479750620876      
3           -1.8212479750620876      
1           -0.20236088611800973     
6           -93.00294533306996       
4           -127.66836803706354      
2           -0.80944354447203892     
5           -11.094160729314797      
6           -22.214925779194843      
6           -353.28754893967738      
3           -6.3171634357953792      
4           -58.976738178980675      
5           63.970666936755656       
5           -55.516137759199815      
1           -0.20236088611800973     
1           -0.20236088611800973     
5           -203.77774852079025      
5           -38.401159040561943      
5           -224.36986554597831      
5           -86.235900203226635      
2           -16.302793454724672      
2           -0.80944354447203892     
4           -3.2377741778881557      
6           -245.43356273504091      
5           -76.030023258227857      
3           -1.8212479750620876      
3           -17.08050756304732       
5           -21.972716957743337      
5           -8.114870106443          
2           -3.1004004292892455      
0           0                        
2           -0.80944354447203892     
2           -0.80944354447203892     
2           -0.80944354447203892     
4           -42.993713637397519      
5           -104.59779073417599      
3           -1.8212479750620876      
6           -281.38701018358171      
5           -331.07501947773426      
1           -0.20236088611800973     
6           -238.64891334871118      
3           -1.8212479750620876      
3           -1.8212479750620876      
1           -0.20236088611800973     
9           -398.88826401142558      
4           -148.52541412579777      
5           -5.0590221529502433      
5           -6.1386418936478124      
2           -0.80944354447203892     
2           -0.80944354447203892     
5           -592.34041261830646      
4           -52.270103920327088      
6           -24.339496689232149      
6           -97.363013223256985      
7           -68.852930365178935      
3           -16.620020120875957      
2           -0.80944354447203892     
6           -43.821059788277466      
8           -203.55068755680719      
1           -0.20236088611800973     
3           -164.4541115749322       
1           -0.20236088611800973     
5           -206.56882272212434      
1           -0.20236088611800973     
5           -79.928926547053848      
5           -400.61266009827148      
7           -417.54511069169132      
3           -1.8212479750620876      
3           -1.8212479750620876      
2           -0.80944354447203892     
3           -8.8981169806743097      
0           0                        
3           -1.8212479750620876      
4           -4.2870547997324824      
1           -0.20236088611800973     
2           -14.284152365333966      
3           -45.973938663695378      
3           -1.8212479750620876      
7           -39.156759930342091      
4           -5.4048350633835511      
