390 1 -3725 35 35 35
2           -0.78415103688527188     
7           -386.28411575583783      
1           -0.19603775922131797     
1           -0.19603775922131797     
2           -81.926852295744652      
7           -70.221264270590666      
6           -125.83590241777048      
2           -0.78415103688527188     
8           62.619032621935368       
2           -175.95243614657156      
3           -1.764339832991862       
3           -1.764339832991862       
2           -129.18368072416263      
4           -7.1404487131493752      
6           -99.003215177384973      
4           -5.9006091118995094      
1           -0.19603775922131797     
4           -101.95028847110711      
6           -168.28420338945543      
2           -0.78415103688527188     
4           -3.1366041475410875      
1           -0.19603775922131797     
4           -8.6284413298955585      
3           -214.90696831648341      
8           -87.291878346762047      
5           -170.68724195295579      
1           -0.19603775922131797     
4           -14.730925543528716      
4           -87.060664156840801      
9           161.70262467133259       
0           0                        
6           -9.303482011859348       
1           -0.19603775922131797     
4           -62.71421288488942       
3           -1.764339832991862       
3           -1.764339832991862       
11          -339.1999032223182       
3           -32.451642847944655      
5           -96.531100076880563      
1           -0.19603775922131797     
2           -0.78415103688527188     
2           -0.78415103688527188     
7           -362.70522181381102      
5           -9.3182575600148887      
5           -51.8927931536073        
4           -89.919514873732183      
3           -1.764339832991862       
4           -164.68160454613471      
4           -3.1366041475410875      
0           0                        
2           -0.78415103688527188     
6           -229.39865697183896      
4           -3.1366041475410875      
2           -0.78415103688527188     
3           -126.12074923482891      
7           -214.07917673214615      
2           -0.78415103688527188     
4           -129.79415022312773      
1           -0.19603775922131797     
3           -93.720118837182795      
3           -229.1675516576054       
1           -0.19603775922131797     
4           -5.4657164675172041      
2           -0.78415103688527188     
3           -34.72571624132766       
5           -4.9009439805329498      
2           -0.78415103688527188     
0           0                        
3           -1.764339832991862       
2           -0.78415103688527188     
5           -4.9009439805329498      
7           -172.97128339197945      
3           -1.764339832991862       
6           -72.209956423293391      
2           -22.657706252897281      
5           -226.54815460595088      
5           -118.30754583560072      
1           -0.19603775922131797     
3           -29.92708495178351       
2           -0.78415103688527188     
1           -0.19603775922131797     
1           -0.19603775922131797     
6           -11.022239479801165      
2           -2.1598881614992966      
3           -19.568809287491547      
4           -130.8340014347057       
5           -149.61030948296727      
1           -0.19603775922131797     
2           -0.78415103688527188     
5           -141.13402447017992      
7           49.720968317651149       
7           -491.22701923002381      
5           -134.45349962932553      
4           -120.01917660615119      
2           -4.9420772005789741      
3           -3.3705364853214554      
9           -395.73201845703585      
2           -0.78415103688527188     
3           -1.764339832991862       
3           -1.764339832991862       
4           -19.791019795840228      
