390 1 -3725 35 35 35
2           -5.6886202856566097      
1           -1.4221550714141524      
5           -2505.058841979343       
4           -22.754481142626439      
3           -1186.5935144865553      
2           -5.6886202856566097      
5           -40.220400923852857      
3           -88.219335112534509      
3           -17.070293893585394      
3           -1734.8106096679905      
7           -1780.8255370228203      
6           -563.42817223369696      
3           -12.799395642727369      
6           -1153.1184690843254      
4           -822.46379546072239      
5           -51.047659817228563      
5           -583.17696088223317      
3           -1722.3807169811262      
2           -5.6886202856566097      
5           -2515.4587034489186      
1           -1.4221550714141524      
1           -1.4221550714141524      
2           -5.6886202856566097      
9           -1701.2952454597721      
2           -5.6886202856566097      
4           -111.20709354638672      
3           -87.833574083892387      
3           -12.799395642727369      
6           -3593.6156368300426      
2           -490.53362277059898      
2           -5.6886202856566097      
2           -96.580588228928917      
4           -1402.2677111852722      
0           0                        
8           -793.84703452950646      
10          -1809.0973443542714      
4           -374.96057437730667      
0           0                        
4           -139.79207973633393      
2           -5.6886202856566097      
3           -12.799395642727369      
0           0                        
1           -1.4221550714141524      
8           -1346.4393712609553      
5           -520.96431681369131      
7           -1739.4783092642256      
1           -1.4221550714141524      
3           -12.799395642727369      
9           -1647.9331560854016      
2           -5.6886202856566097      
3           -15.542825652863218      
2           -5.6886202856566097      
5           -47.600213345179888      
3           -12.799395642727369      
3           -12.799395642727369      
5           -320.56790021645401      
6           -659.15014994473188      
11          -3345.690804393837       
3           -12.799395642727369      
8           -181.09698956179352      
2           -5.6886202856566097      
11          -4309.2700712107026      
6           -295.84001609924474      
3           -122.3716425904299       
1           -1.4221550714141524      
4           -60.737770887182137      
3           -599.83229872534241      
4           -25.85767897607429       
3           -12.799395642727369      
7           -610.4404964478108       
5           -35.553876785353808      
2           -5.6886202856566097      
4           -918.31584275595947      
3           -12.799395642727369      
0           0                        
6           -788.15133982466818      
1           -1.4221550714141524      
4           -1178.1417082221824      
2           -5.6886202856566097      
2           -5.6886202856566097      
3           -16.608849632155604      
2           -5.6886202856566097      
5           -61.370509149180336      
4           -378.16195408458668      
4           -965.30122635446173      
4           -1162.3987589557612      
3           -634.90994432919808      
3           -12.799395642727369      
6           -1238.2214961190518      
4           -215.13837108913782      
7           -1430.8278441068876      
4           -23.684076784500125      
0           0                        
4           -191.32059577835017      
4           -365.60544905211526      
4           -1310.8739044683007      
1           -1.4221550714141524      
3           -35.816255691190456      
4           -763.81319365933234      
0           0                        
5           -165.59250144803082      
