390 1 -3725 35 35 35
4           -9.7640070699555679      
2           -2.2512045114487211      
4           -9.0048180457948845      
1           -0.56280112786218028     
2           -2.2512045114487211      
4           -349.34680151211387      
1           -0.56280112786218028     
6           -405.30931505379675      
4           -74.349071589527114      
4           -42.559806938514328      
13          -1563.2607249921812      
0           0                        
6           -295.65723384099346      
4           -168.98585402058831      
4           -178.75937162171931      
9           -340.49017426101824      
2           -139.55679867803289      
3           -5.0652101507596221      
1           -0.56280112786218028     
5           -31.152725848915544      
2           -2.2512045114487211      
7           -48.552552688428229      
4           -129.18775254779112      
4           -14.699760272631224      
4           -79.446534485866039      
3           -54.570161840830067      
2           -2.2512045114487211      
2           -2.2512045114487211      
4           -48.669805396309009      
3           -5.0652101507596221      
1           -0.56280112786218028     
2           -2.2512045114487211      
0           0                        
7           -68.459158882267104      
2           -2.2512045114487211      
3           -154.38135029052538      
1           -0.56280112786218028     
6           -42.956798677543574      
2           -2.2512045114487211      
3           -5.0652101507596221      
4           -9.0048180457948845      
1           -0.56280112786218028     
6           -1164.0165018888974      
8           -1186.2359958964528      
3           -5.0652101507596221      
2           -4.489211531425739       
5           -515.40356492778153      
5           -67.067811341738462      
1           -0.56280112786218028     
7           -593.75781775524797      
6           -222.69361543420194      
1           -0.56280112786218028     
7           -1081.2717927471183      
1           -0.56280112786218028     
1           -0.56280112786218028     
1           -0.56280112786218028     
4           -380.25900832134215      
1           -0.56280112786218028     
0           0                        
7           -284.08109697934623      
2           -2.2512045114487211      
12          -1481.5319208387132      
9           -739.04949380560367      
2           -2.2512045114487211      
5           -38.645865892108745      
6           -90.586191178892236      
2           -2.2512045114487211      
7           -1038.6039428032634      
1           -0.56280112786218028     
4           -74.106318055885055      
5           -75.841166235322746      
5           -14.070028196554507      
5           -28.898983120284228      
1           -0.56280112786218028     
7           -270.9415209321034       
6           -135.66950219913588      
8           -1011.0232422968253      
5           -142.59106394824909      
7           -638.24475877510395      
1           -0.56280112786218028     
5           -161.806779128187        
7           -500.45974739657044      
5           -40.588552449182217      
4           -23.738737481380195      
5           -18.282332887268236      
1           -0.56280112786218028     
7           -578.74151659546794      
4           -523.46816219627055      
6           -486.86242338018036      
4           -10.541919484767158      
1           -0.56280112786218028     
5           -36.701457986023399      
3           -229.15440194857914      
6           -54.533100893268951      
7           -219.42746578022047      
3           -13.327699502874182      
1           -0.56280112786218028     
4           -419.75860972062577      
6           -566.70670197272523      
6           -565.84994586647258      
5           -194.87150562610148      
