390 1 -3725 35 35 35
5           -667.6379670588027       
6           -841.47362788293469      
2           -5.6886202856566097      
2           -5.6886202856566097      
2           -5.6886202856566097      
7           -683.16358124414012      
6           -698.92194880031798      
7           -1458.5976125269401      
3           -12.799395642727369      
4           -258.79601014837527      
4           -62.914549578692615      
6           -435.31720734609155      
3           -12.799395642727369      
3           -466.20251418398601      
2           -679.50746204688301      
5           -444.93365148972521      
5           -77.945767057393027      
3           -14.685697010534851      
5           -55.814406372755833      
3           -12.799395642727369      
7           -561.80683780399283      
1           -1.4221550714141524      
2           -5.6886202856566097      
0           0                        
11          -3054.5640774793178      
5           -1200.6818183239509      
4           -22.754481142626439      
4           -200.86100832951155      
7           -1173.994957000363       
6           -507.16094033963725      
7           -1071.137627741806       
3           -288.95723611975006      
3           -264.44229271232416      
8           -250.74801300425077      
2           -241.61530891710254      
6           -687.86010254570681      
2           -5.6886202856566097      
5           -1480.5501020654358      
3           -373.31238966720559      
0           0                        
5           -111.55859734539906      
3           -12.799395642727369      
5           -51.612068885928849      
4           -73.003145521953172      
6           -762.91369893992953      
3           -12.799395642727369      
5           -567.2416882042246       
1           -1.4221550714141524      
4           -965.52095041723078      
6           -1630.2616057583425      
3           -12.799395642727369      
4           -166.36978605823816      
2           -5.6886202856566097      
2           -5.6886202856566097      
4           -386.07269231781078      
2           -5.6886202856566097      
4           -84.035447922671239      
3           -18.697888777917633      
3           -12.799395642727369      
6           -890.02777276029326      
5           -261.52237062521772      
3           -12.799395642727369      
2           -5.6886202856566097      
2           -5.6886202856566097      
1           -1.4221550714141524      
8           -1569.5328934460024      
4           -22.754481142626439      
4           -25.004322319230532      
3           -32.249033222799881      
7           -2728.6112270485255      
2           -5.6886202856566097      
4           -322.93199792569874      
3           -12.799395642727369      
4           -78.256184630854776      
6           -865.82362994176344      
4           -1333.9703152474581      
2           -8.7673279361445644      
3           -432.69036654437969      
2           -65.193405581878153      
5           -105.54498491820731      
5           -897.25618980474587      
4           -598.13372460879305      
5           -104.77178678109566      
8           -2286.5053772652363      
3           -20.720967215248709      
4           -57.487344180421751      
8           -803.54973415854533      
0           0                        
5           -39.564834025872912      
1           -1.4221550714141524      
7           -2215.8229107529937      
6           -1161.9424623727332      
3           -13.934131528284345      
6           -1350.6111368606316      
3           -1261.9780133144873      
0           0                        
1           -1.4221550714141524      
1           -1.4221550714141524      
8           -2374.7020901278556      
2           -5.6886202856566097      
4           -1149.5541628032699      
