390 1 -3725 35 35 35
3           -824.02543907125096      
3           -12.799395642727369      
5           -522.41390252777626      
3           -408.46425995136985      
2           -5.6886202856566097      
3           -1276.531753593684       
5           -130.08321608127022      
5           -1321.463216040373       
5           -1142.5263150733151      
3           -37.919066857693679      
4           -422.08870667577094      
2           -5.6886202856566097      
6           -1431.3707975568893      
3           -112.74141940013371      
5           -502.1462310432417       
3           -14.100963777440263      
6           -692.31650148335723      
8           -1559.1173093673542      
3           -12.799395642727369      
5           -676.91612899692961      
4           -116.17186143398848      
4           -55.01390366877466       
9           -523.52143961170941      
3           -12.799395642727369      
7           -1296.242924894437       
3           -12.799395642727369      
3           -97.273104608966463      
4           -103.3848620084749       
3           -17.690844302329637      
6           -434.82385645971692      
2           -5.6886202856566097      
4           -160.39864413646808      
2           -5.6886202856566097      
5           -58.439881066103055      
7           -779.62678290990777      
4           -1288.6158695437907      
3           -12.799395642727369      
1           -1.4221550714141524      
3           -55.130040866428061      
3           -18.708180641841349      
4           -32.556824174770476      
4           -183.78325251109447      
1           -1.4221550714141524      
3           -12.799395642727369      
2           -5.6886202856566097      
4           -868.48287085922823      
2           -5.6886202856566097      
4           -22.754481142626439      
6           -1441.7683828869497      
3           -12.799395642727369      
3           -12.799395642727369      
4           -141.68268085724009      
11          -2228.1695142901503      
5           -641.61745341479912      
5           -532.70685635399616      
1           -1.4221550714141524      
2           -5.6886202856566097      
0           0                        
6           -307.77039825534166      
10          -3273.1937465686092      
1           -1.4221550714141524      
8           -1644.8772327213471      
5           -737.10678550450598      
1           -1.4221550714141524      
4           -29.871394391473359      
4           -27.24150732266822       
3           -12.799395642727369      
5           -75.966163143187117      
5           -520.0302711722702       
6           -1607.8221289961841      
4           -76.005502447380223      
3           -12.799395642727369      
6           -77.133873151036468      
2           -8.3859246571468695      
3           -14.629250364939523      
9           -1776.3647246117748      
8           -1839.6043719521292      
1           -1.4221550714141524      
1           -1.4221550714141524      
2           -5.6886202856566097      
2           -5.6886202856566097      
4           -23.528829571968306      
4           -342.95725585512139      
3           -12.799395642727369      
4           -634.94382932688291      
3           -15.733306172516976      
5           -412.78326141569994      
3           -58.21177062828707       
2           -5.6886202856566097      
0           0                        
9           -2167.8100944560479      
6           -507.13601246224596      
1           -1.4221550714141524      
10          -5038.2822163729988      
6           -153.60570031812972      
4           -29.41029280989984       
3           -569.04381835870595      
2           -32.078686552519315      
1           -1.4221550714141524      
3           -44.373336070207621      
5           -946.20119736030097      
