390 1 -3725 35 35 35
5           -996.77344574586743      
3           -14.032978672068666      
4           -51.319661002034202      
7           -2111.3741465382727      
6           -297.71448737639901      
3           -102.95003829736154      
4           -924.05366073592677      
2           -637.62147650193447      
2           -5.5920578388213498      
2           -5.5920578388213498      
4           -1013.4037795165204      
2           -5.5920578388213498      
2           -5.5920578388213498      
2           -583.63790330167308      
1           -1.3980144597053374      
4           -338.22796524651147      
4           -1504.4835804536201      
4           -760.70812034720905      
5           -753.42622499209085      
8           -2533.7276426796589      
2           -5.5920578388213498      
4           -22.368231355285399      
2           -128.08409861875109      
2           -5.5920578388213498      
4           -39.838847253740624      
3           -22.679363323821178      
3           -12.582130137348038      
3           -12.582130137348038      
4           -22.368231355285399      
3           -68.687396504453261      
3           -12.582130137348038      
1           -1.3980144597053374      
4           -892.3529476367604       
6           -975.73649587478644      
3           -12.582130137348038      
7           -1061.3420226311712      
5           -212.37155364704762      
4           -23.262834663194337      
4           -1843.909447768232       
4           -39.628486919479855      
4           -732.15886425883843      
4           -136.47421131612154      
3           -286.36684676546179      
5           -2219.0602696680958      
6           -1000.3614080569561      
11          -5419.7998005387799      
7           -1711.0967238429698      
9           -1886.7064771233395      
8           -1068.5545723977975      
2           -616.93576157887719      
5           -43.396729261475144      
5           -931.52172834058479      
4           -22.368231355285399      
8           -1416.2480778454451      
0           0                        
4           -174.97830820452737      
5           -34.950361492633441      
4           -271.10485127672047      
7           -1849.8877626518688      
1           -1.3980144597053374      
5           -494.5998951321713       
4           -642.00418161415064      
1           -1.3980144597053374      
2           -221.668077668476        
6           -1878.5343730555624      
9           -4322.4091670417993      
0           0                        
1           -1.3980144597053374      
2           -5.5920578388213498      
3           -12.582130137348038      
7           -2366.3385465845854      
7           -1774.2070727484415      
2           -5.5920578388213498      
7           -1585.4135854575859      
4           -22.368231355285399      
4           -22.368231355285399      
5           -2097.7285055806274      
5           -1353.8171316888233      
4           -68.296156840342022      
4           -43.285427946024413      
4           -34.521758084924201      
4           -1325.3215149846876      
6           -75.745742488025996      
4           -354.51350007145777      
1           -1.3980144597053374      
5           -347.31377901150989      
1           -1.3980144597053374      
7           -1631.8555251638336      
6           -420.70603844460447      
6           -1219.6149043193277      
7           -455.63714196002877      
1           -1.3980144597053374      
0           0                        
2           -5.5920578388213498      
1           -1.3980144597053374      
10          -1786.3022529780128      
2           -54.202478520901494      
3           -59.308859404976111      
5           -34.950361492633441      
3           -12.582130137348038      
2           -5.5920578388213498      
