390 1 -3725 35 35 35
3           -12.582130137348038      
4           -1099.0063559778346      
3           -12.582130137348038      
4           -22.368231355285399      
3           -12.582130137348038      
2           -5.5920578388213498      
4           -1805.0809788953356      
12          -5025.3844512484566      
5           -551.51472822311166      
5           -929.1264079576016       
4           -33.901963984635401      
6           -462.62623001214206      
0           0                        
1           -1.3980144597053374      
1           -1.3980144597053374      
5           -1506.9121108250183      
4           -68.172802030134676      
2           -5.5920578388213498      
2           -5.5920578388213498      
0           0                        
5           -423.65560166554343      
2           -69.634053400817692      
2           -39.026146439961522      
6           -1211.3515313470245      
9           -2326.2290619747855      
3           -12.582130137348038      
2           -486.84935260028919      
3           -649.5642612478922       
0           0                        
1           -1.3980144597053374      
4           -294.18331076503023      
2           -5.5920578388213498      
5           -507.46955355424086      
1           -1.3980144597053374      
0           0                        
5           -705.41571359081217      
5           -682.8288253783254       
5           -1964.0746476420461      
0           0                        
4           -134.22099928842448      
9           -1532.0778117384016      
2           -5.5920578388213498      
9           -2570.3446175190138      
2           -5.5920578388213498      
1           -1.3980144597053374      
11          -3444.3109520652365      
5           -885.95189090389567      
2           -6.9520469350800669      
2           -15.449733719327462      
4           -24.758291476410122      
5           -521.64930541204933      
3           -514.45510972443458      
2           -5.5920578388213498      
3           -297.68057271907725      
2           -5.5920578388213498      
6           -56.992933304341179      
5           -566.23574140191738      
4           -22.368231355285399      
2           -5.5920578388213498      
7           -1391.6527005471751      
4           -22.368231355285399      
4           -25.10820263357855       
1           -1.3980144597053374      
3           -12.582130137348038      
2           -5.5920578388213498      
3           -13.74926380861889       
5           -990.21603514767446      
2           -5.5920578388213498      
2           -5.5920578388213498      
3           -156.19447600149587      
3           -12.582130137348038      
2           -243.4679454759347       
3           -159.08083408686278      
5           -1041.2103314980402      
3           -1296.8577462694984      
6           -258.03996755024593      
8           -3670.8353973472222      
4           -520.58932242195408      
2           -5.5920578388213498      
5           -1695.7291534235039      
6           -1524.861738358728       
3           -43.826914937142533      
6           -395.55662086863049      
10          -935.77217143078724      
1           -1.3980144597053374      
3           -163.93971242947887      
3           -437.62784680375813      
6           -1772.7019451615738      
4           -650.50098607031714      
6           -699.82201616726707      
0           0                        
5           -53.443293114610377      
4           -603.0742214582948       
5           -163.018071310148        
6           -930.62836777648204      
2           -5.5920578388213498      
3           -39.747944980871814      
5           -54.983363149900953      
0           0                        
0           0                        
2           -8.7380997667854938      
