390 1 -3725 35 35 35
2           -146.07084197959549      
6           -1463.3344911289328      
3           -174.60817346555916      
4           -40.887052207997343      
1           -1.4415847455985695      
1           -1.4415847455985695      
3           -14.092620684247789      
4           -43.602449498044592      
4           -716.15715932868738      
2           -5.7663389823942781      
8           -1163.6951341888775      
3           -326.00799402329517      
8           -1322.4616583717479      
6           -1817.5057902573599      
5           -1395.5032610750275      
3           -12.974262710387126      
2           -5.7663389823942781      
6           -654.04858994763299      
7           -1508.4506906941776      
3           -12.974262710387126      
5           -906.92479352272096      
2           -5.7663389823942781      
3           -210.96674597605329      
3           -283.60748473113904      
6           -1030.3138865296105      
2           -5.7663389823942781      
6           -200.24473257991542      
3           -135.21507280105831      
5           -481.92861311440765      
5           -45.616954589816487      
6           -246.62072126346078      
4           -875.40730572235077      
4           -112.14556650562947      
5           -464.08509265434787      
3           -1141.16085401897        
10          -3113.4201043298403      
7           -4034.0357884460304      
5           -312.88198457175122      
4           -24.005548127575565      
1           -1.4415847455985695      
1           -1.4415847455985695      
6           -2730.2524630411726      
9           -2011.5524420245756      
1           -1.4415847455985695      
1           -1.4415847455985695      
4           -23.065355929577112      
1           -1.4415847455985695      
3           -195.3158593865931       
2           -5.7663389823942781      
3           -12.974262710387126      
7           -1691.8386673550615      
3           -363.16555045354716      
1           -1.4415847455985695      
9           -2643.8184288909079      
1           -1.4415847455985695      
3           -15.540573992344331      
2           -5.7663389823942781      
0           0                        
7           -1178.157386757385       
4           -397.62790531319507      
3           -176.23731979950759      
7           -1642.8101549513367      
4           -451.70187032914743      
2           -5.7663389823942781      
6           -754.04282597340818      
6           -205.06784177533262      
5           -1912.7754374968024      
2           -446.76347628162057      
8           -1206.9382004160063      
6           -59.392094647411312      
3           -33.155868461842459      
3           -520.79623332639915      
4           -635.37870772092754      
3           -12.974262710387126      
8           -1736.6129772824463      
3           -24.577854692526536      
2           -6.5509979672738101      
12          -3642.2680736731827      
2           -5.7663389823942781      
5           -1636.8625006795912      
3           -28.381955559057033      
6           -429.55723385523515      
2           -12.776266264902857      
3           -234.24339899656138      
5           -36.039618639964239      
3           -12.974262710387126      
2           -5.7663389823942781      
2           -5.7663389823942781      
4           -112.22602375379275      
1           -1.4415847455985695      
6           -1769.406150660087       
2           -5.7663389823942781      
5           -866.19985609274352      
7           -190.48661395034694      
4           -126.7057739116848       
5           -367.74420797760274      
3           -132.14253032477637      
4           -980.9029143584678       
4           -24.665574059552402      
2           -5.7663389823942781      
4           -902.9327602065963       
