390 1 -3725 35 35 35
7           -413.6429339978838       
3           -7.84596388161604        
8           -280.0369031239394       
0           0                        
2           -0.80944354447203892     
3           -4.5225481362922455      
2           -0.80944354447203892     
5           -6.3202405040062057      
4           -3.2377741778881557      
3           -1.8212479750620876      
2           -0.80944354447203892     
5           440.10821848674669       
4           -14.490056598496338      
6           -473.17300108871024      
4           -33.521476118721296      
4           -7.5459292912797569      
7           -305.85352186322763      
1           -0.20236088611800973     
6           -148.51379548536576      
2           -0.80944354447203892     
3           -1.8212479750620876      
3           -28.569189353403154      
3           -17.185921735876654      
2           -0.80944354447203892     
1           -0.20236088611800973     
4           -37.702104955162753      
4           -4.9241521103568608      
2           -9.3167446974475467      
3           -1.8212479750620876      
4           -7.5753729336958937      
4           709.18929933130596       
1           -0.20236088611800973     
5           -46.074508984537623      
8           -173.03460139055687      
2           -0.80944354447203892     
10          -284.5104300390409       
3           -1.8212479750620876      
6           -58.18342729133262       
2           -0.80944354447203892     
5           -9.2526880880134428      
2           -0.80944354447203892     
5           -10.310156631348102      
4           -65.587577537391695      
4           -71.37682366223315       
3           -1.8212479750620876      
2           -0.80944354447203892     
6           -17.168479342476161      
1           -0.20236088611800973     
3           -1.8212479750620876      
2           -2.8208831560510497      
3           -1.8212479750620876      
6           -7.8173161724417097      
1           -0.20236088611800973     
4           -61.897293634318295      
5           -315.71722026472816      
2           -60.480280703137986      
1           -0.20236088611800973     
6           -133.26871171621772      
2           -0.80944354447203892     
0           0                        
5           -29.037768048048534      
5           -61.670781854768428      
4           -3.2377741778881557      
3           -1.8212479750620876      
2           -0.80944354447203892     
5           -55.154024603385835      
2           -177.70738635084669      
1           -0.20236088611800973     
7           -190.48550509357156      
5           -62.350743942930855      
4           -6.2958861672260227      
5           -192.08712726214947      
0           0                        
3           -1.8212479750620876      
4           179.37639577509904       
3           -3.1659937679044914      
5           -271.92764714598985      
4           -25.467360989866084      
7           -215.31186315925189      
1           -0.20236088611800973     
6           -29.548588588234985      
6           -325.41229540428907      
8           -197.80467968531809      
6           -49.332728621495662      
0           0                        
2           -0.80944354447203892     
1           -0.20236088611800973     
3           -9.8879708819835432      
1           -0.20236088611800973     
5           -143.38449335645689      
2           -0.80944354447203892     
3           -3.6247646932073327      
4           -120.36806183438226      
5           -26.437912654914584      
2           -0.80944354447203892     
2           -0.80944354447203892     
2           -0.80944354447203892     
2           -35.4900018469299        
6           -10.490727655315677      
1           -0.20236088611800973     
2           -13.270533573855531      
