390 1 -3725 35 35 35
4           -429.88130689780797      
5           -1095.120357099662       
2           -5.6886202856566097      
4           -22.754481142626439      
10          -1631.3102187971015      
4           -67.659412356204626      
1           -1.4221550714141524      
5           -1302.3070209270843      
4           -39.123672883984575      
4           -353.99519645358669      
4           -28.466023071845381      
6           -2546.1421256202766      
3           -12.799395642727369      
8           -1687.9021333822416      
2           -5.6886202856566097      
0           0                        
2           -5.6886202856566097      
9           -774.42073502427183      
8           -4488.0710613653391      
7           -1929.0474956754933      
5           -82.895694386580999      
4           -29.573486283495797      
7           -578.4692106844808       
3           -465.34876133025477      
6           -2114.6639482145101      
4           -102.93382726848697      
3           -245.09265614901651      
2           -5.6886202856566097      
3           -12.799395642727369      
3           -733.32852051994632      
3           -12.799395642727369      
2           -5.6886202856566097      
3           -12.799395642727369      
0           0                        
1           -1.4221550714141524      
5           -547.21120879858256      
3           -315.05356248943735      
4           -25.609477622897558      
4           -212.65970968487085      
5           -1068.641382624749       
1           -1.4221550714141524      
2           -5.6886202856566097      
6           -552.00661852913356      
6           -322.25894416162851      
1           -1.4221550714141524      
3           -222.64291194141282      
1           -1.4221550714141524      
3           -12.799395642727369      
1           -1.4221550714141524      
3           -148.25865317813273      
5           -664.71257561604932      
2           -5.6886202856566097      
8           -2230.8584600991721      
6           -2619.2793286687506      
3           -440.09781298847554      
5           -54.330873914503336      
6           -143.51031099318408      
7           -1017.9823494360601      
5           -48.401139207275371      
3           -12.799395642727369      
9           -2868.2607155872506      
3           -423.8824587567035       
4           -22.754481142626439      
1           -1.4221550714141524      
5           -73.870604092660386      
3           -51.057032288261944      
6           -107.26804529912556      
1           -1.4221550714141524      
0           0                        
3           -12.799395642727369      
1           -1.4221550714141524      
10          -3136.557500479707       
2           23.924159847154478       
3           -939.47284834099366      
3           -14.571427564141333      
10          -3793.2375517341861      
3           -64.79446470177821       
5           -1314.1230134594923      
1           -1.4221550714141524      
6           -430.80559290730287      
4           -26.175698177592015      
3           -175.61470500753049      
10          -1583.3140615802633      
2           -5.6886202856566097      
3           -12.799395642727369      
4           -317.73228487283524      
5           -1286.1807372496289      
2           -5.6886202856566097      
2           -44.397940505022405      
1           -1.4221550714141524      
2           -5.6886202856566097      
2           -301.99298750088894      
4           -32.919355170659053      
3           -198.64723845610544      
1           -1.4221550714141524      
2           -5.6886202856566097      
4           -537.8919936727425       
1           -1.4221550714141524      
0           0                        
4           -22.754481142626439      
3           -12.799395642727369      
