390 1 -3725 35 35 35
4           -22.368231355285399      
2           -5.5920578388213498      
1           -1.3980144597053374      
3           -59.398974939480205      
4           -23.993001090495849      
6           -389.94537709582085      
2           -54.748070360916849      
0           0                        
0           0                        
5           -698.57325099503691      
4           -24.344736059259738      
7           -506.22268465274919      
2           -5.5920578388213498      
2           -5.5920578388213498      
4           -139.4548771219049       
6           -1080.1139225493403      
2           -5.5920578388213498      
3           -88.824653712642203      
2           -5.5920578388213498      
2           -5.5920578388213498      
2           -5.5920578388213498      
6           -4298.2058026290633      
4           -366.55235774971169      
2           -148.76654215993273      
4           -25.981095899389484      
4           -26.20244900567436       
1           -1.3980144597053374      
6           -58.04083303048089       
5           -34.950361492633441      
2           -5.5920578388213498      
0           0                        
5           -509.45079523872471      
5           -155.47281452049722      
3           -89.365820808713238      
4           -454.67860114977145      
4           -22.368231355285399      
8           -292.99978904833074      
2           -5.5920578388213498      
2           -5.5920578388213498      
3           -509.26269671108503      
4           -859.03616561390936      
9           -1582.2314674553286      
5           -474.08659734596199      
9           -1825.0842912378737      
1           -1.3980144597053374      
1           -1.3980144597053374      
3           -746.32835634812557      
6           -1983.1113462930257      
2           -301.28029221329587      
3           -245.49984776470922      
9           -791.90127551142132      
4           -1179.4646252981063      
3           -405.63083392609951      
3           -180.96016550495906      
7           -687.9678429869889       
4           -1295.8753622683785      
2           -5.5920578388213498      
3           -27.7649391755265        
3           -12.582130137348038      
6           -770.24710743322044      
6           -143.3675528823135       
4           -159.33857940288499      
3           -12.582130137348038      
2           -5.5920578388213498      
3           -15.858231200543159      
4           -22.368231355285399      
6           -2747.8658555159932      
4           -379.83846098490511      
1           -1.3980144597053374      
2           -5.5920578388213498      
11          -2022.1982746586004      
5           -788.45598029438679      
9           -3273.1781198439721      
9           -3733.85808310212        
5           -235.055102593144        
9           -2892.1097744018698      
4           -1747.5199186245964      
3           -37.152447464403892      
6           -2932.4970715614027      
3           -632.37500535301058      
1           -1.3980144597053374      
2           -203.97385194740886      
3           -113.83919809933732      
4           -28.390231255174889      
5           -459.93584228024122      
3           -62.965602028498324      
4           -24.778064086022631      
6           -860.21540199519836      
8           -2066.6925450748904      
3           -533.39692649283859      
6           -1127.0969838972705      
5           -54.680142317406592      
2           -5.5920578388213498      
5           -1247.054281233178       
5           -1471.3755781247669      
4           -52.270969193202575      
4           -226.48296330639531      
6           -63.474560622511021      
6           -1416.5970790494264      
5           -601.91472596664119      
3           -814.45759766969422      
