390 1 -3725 35 35 35
2           -65.796084344063559      
3           -37.254861925191172      
4           -89.390741196918043      
1           -0.20236088611800973     
4           -119.5118866847783       
10          -351.25708118762668      
7           -200.76171173523525      
5           -115.28317726621825      
2           -0.80944354447203892     
2           -0.80944354447203892     
5           -5.0590221529502433      
4           -12.103415476161459      
1           -0.20236088611800973     
6           -41.959189995966277      
9           -292.67096440464564      
8           -304.21682543192594      
0           0                        
0           0                        
2           -0.80944354447203892     
3           -87.965193801378717      
4           -148.0627115567639       
5           -5.0590221529502433      
1           -0.20236088611800973     
1           -0.20236088611800973     
2           -0.80944354447203892     
2           -0.80944354447203892     
3           -1.8212479750620876      
3           -1.8212479750620876      
2           -0.80944354447203892     
4           -4.9681566245388584      
5           -60.054586107189685      
0           0                        
4           -11.87949523340151       
5           -165.13056960271101      
3           -1.8212479750620876      
9           -115.15889572682582      
7           -138.27375575824684      
8           -143.03487524082809      
6           -24.801478265024979      
9           -211.36785138828003      
2           -4.1169676772222648      
4           -3.2377741778881557      
2           -0.80944354447203892     
3           -147.57724592932018      
8           -168.36560878796078      
5           -34.788321623129796      
4           -60.463864029663775      
6           -165.66516943303029      
2           -0.80944354447203892     
1           -0.20236088611800973     
1           -0.20236088611800973     
4           154.53700493726913       
3           -1.8212479750620876      
4           -47.635079381751673      
2           -20.695814516166998      
1           -0.20236088611800973     
3           -29.023119762085969      
4           -303.09454724652835      
4           -13.17867447865704       
7           -392.78618780926968      
2           -0.80944354447203892     
2           -0.80944354447203892     
6           -46.028097547961693      
3           -3.4879449622470795      
1           -0.20236088611800973     
6           164.7004439326254        
4           -6.7483267619261316      
2           -2.5035453046624694      
5           -149.06392958181763      
5           -158.2316180424942       
2           -58.403392627587188      
2           -0.80944354447203892     
7           -11.672958261325116      
5           -77.983341141728516      
8           -332.97937586804409      
4           -50.46530885547223       
6           -138.51704964414253      
2           -0.80944354447203892     
1           -0.20236088611800973     
1           -0.20236088611800973     
1           -0.20236088611800973     
2           -0.80944354447203892     
4           -154.59333796048696      
4           -158.83120230026807      
4           -67.223997640882885      
6           -36.555045847839168      
5           -50.341230685078237      
4           -13.063481096139597      
3           -1.8212479750620876      
4           -147.48482230353264      
5           -12.861901661905186      
2           -0.80944354447203892     
3           -76.207884708416103      
9           -276.28357749435963      
8           -138.72256090151717      
1           -0.20236088611800973     
3           -1.8212479750620876      
4           -30.963231213232831      
7           -101.22107816102431      
4           -3.2377741778881557      
2           -3.6869544541436619      
