390 1 -3725 35 35 35
2           -0.80944354447203892     
1           -0.20236088611800973     
5           -282.90024262129236      
4           -3.2377741778881557      
3           -220.65445620048041      
2           -0.80944354447203892     
5           -7.2290100844083307      
3           -21.617679556722386      
3           -3.7449754325517919      
3           -287.38857021045129      
7           -360.17804440998412      
6           -119.35920069461474      
3           -1.8212479750620876      
6           -173.56460387745335      
4           -174.45846934108343      
5           -10.120046907426438      
5           -169.65038447444482      
3           -216.03185235060658      
2           -0.80944354447203892     
5           -579.65504238199776      
1           -0.20236088611800973     
1           -0.20236088611800973     
2           -0.80944354447203892     
9           -247.51078273027903      
2           -0.80944354447203892     
4           -31.830042266340158      
3           -26.301062887407639      
3           -1.8212479750620876      
6           -562.04171883794481      
2           -50.975846783046613      
2           -0.80944354447203892     
2           -30.637361503616848      
4           -213.90712793735278      
0           0                        
8           -199.28389466527821      
10          -338.8126501603266       
4           -125.78692911339718      
0           0                        
4           -33.839751606781419      
2           -0.80944354447203892     
3           -1.8212479750620876      
0           0                        
1           -0.20236088611800973     
8           -211.16022794882508      
5           -43.309582782964299      
7           -379.46487657802061      
1           -0.20236088611800973     
3           -1.8212479750620876      
9           -349.39100591547685      
2           -0.80944354447203892     
3           -3.7104661486011672      
2           -0.80944354447203892     
5           -6.4464967862740483      
3           -1.8212479750620876      
3           -1.8212479750620876      
5           -120.56189504010271      
6           -65.491901609537678      
11          -479.57898142456889      
3           -1.8212479750620876      
8           -26.674595323651562      
2           -0.80944354447203892     
11          -598.42968297480536      
6           -35.275611185656238      
3           -17.437248122120764      
1           -0.20236088611800973     
4           -22.088271687551039      
3           -123.27501666015853      
4           -5.155932564069226       
3           -1.8212479750620876      
7           -205.30159765507963      
5           -5.0590221529502433      
2           -0.80944354447203892     
4           -92.78324709625241       
3           -1.8212479750620876      
0           0                        
6           -71.362166480348577      
1           -0.20236088611800973     
4           -267.31505503815583      
2           -0.80944354447203892     
2           -0.80944354447203892     
3           -3.0776978325964262      
2           -0.80944354447203892     
5           -9.139110746259842       
4           -92.255906342353839      
4           -166.41471671632058      
4           -182.57429448460385      
3           -65.801801429327057      
3           -1.8212479750620876      
6           -290.24774305893095      
4           -44.910735142914866      
7           -341.07966417701778      
4           -3.2377741778881557      
0           0                        
4           -52.372292256915564      
4           -58.41151676619188       
4           -149.28565036077939      
1           -0.20236088611800973     
3           -8.8341125435907664      
4           -87.677960723325214      
0           0                        
5           -18.513815861476331      
