390 1 -3725 35 35 35
3           -1.764339832991862       
9           -392.04245669987836      
1           -0.19603775922131797     
2           -0.78415103688527188     
4           -239.60476841424622      
8           -106.62269862279246      
3           -1.764339832991862       
2           -0.78415103688527188     
2           -0.78415103688527188     
4           -64.021194245449379      
4           -174.57311983238722      
1           -0.19603775922131797     
3           -9.4755260389674341      
2           -0.78415103688527188     
2           -0.78415103688527188     
3           -55.973913146931231      
3           -50.798192731102098      
12          -429.69663690123826      
8           -279.19178227931593      
4           -13.762816257454739      
2           -0.78415103688527188     
0           0                        
6           -521.59131635769745      
1           -0.19603775922131797     
0           0                        
4           -97.10906309088891       
1           -0.19603775922131797     
3           -1.764339832991862       
4           -3.1366041475410875      
2           -2.5862835539943654      
6           -151.85699524003368      
6           -7.0573593319674481      
3           -13.030302622581805      
3           -1.764339832991862       
4           -105.16031540677385      
5           -162.37433490248586      
6           -325.53395294803397      
6           -23.688949331582318      
4           -3.1366041475410875      
8           -182.16797324947095      
5           -16.272437094101505      
5           -350.34972900329035      
3           -1.764339832991862       
2           -0.78415103688527188     
9           -445.10716817438981      
5           -264.03249939938269      
1           -0.19603775922131797     
7           -196.16122778719699      
3           -116.42606384651536      
2           -43.998156695182949      
3           -10.319402347956386      
3           -1.764339832991862       
4           -3.1366041475410875      
3           -1.764339832991862       
0           0                        
4           -142.10281372566925      
5           -4.9009439805329498      
7           -295.05492187517842      
2           -0.78415103688527188     
5           -218.06958487391856      
4           -17.109016350738901      
3           -6.7919179457927097      
5           -4.9009439805329498      
5           -121.74773458251715      
4           -90.174858731899235      
2           -0.78415103688527188     
5           -69.623933404713512      
3           -1.764339832991862       
3           -16.408519336796378      
2           -4.8712416801511811      
0           0                        
2           -0.78415103688527188     
3           -1.764339832991862       
6           -280.65949860917578      
1           -0.19603775922131797     
4           -3.1366041475410875      
7           -653.46047655907091      
3           -1.764339832991862       
0           0                        
2           -93.036895825721373      
4           -3.1366041475410875      
3           -3.6183167852876159      
6           -99.975426255162716      
9           -474.36630845062382      
4           -3.1366041475410875      
1           -0.19603775922131797     
4           -46.414987824655206      
3           -13.891050761172254      
4           -3.1366041475410875      
2           -0.78415103688527188     
1           -0.19603775922131797     
5           -95.481790198157455      
1           -0.19603775922131797     
4           -8.2729065900237817      
6           -94.755902228861913      
2           -0.78415103688527188     
5           -180.8465229691528       
2           -0.78415103688527188     
2           -0.78415103688527188     
5           -53.936983750780485      
4           -5.9647136605607614      
