390 1 -3725 35 35 35
7           -321.64070550517005      
4           -7.1677231451620642      
4           -6.0767094572078539      
6           -135.25867075951808      
3           -1.764339832991862       
6           -137.2726373439327       
4           -295.1978280877866       
5           -318.88330234045645      
3           -1.764339832991862       
3           -1.764339832991862       
5           -48.676777533463927      
7           -319.7331658227107       
1           -0.19603775922131797     
5           -43.754666474381786      
2           -0.78415103688527188     
2           -0.78415103688527188     
1           -0.19603775922131797     
1           -0.19603775922131797     
2           -0.78415103688527188     
6           -76.362145991668967      
8           -225.95021622686141      
2           -59.960883348348531      
5           -214.07045820949133      
4           -5.1689986319165211      
6           -398.47336948892575      
2           -0.78415103688527188     
4           -75.708378969237884      
6           -407.54469317628462      
10          -261.70866736838633      
5           -52.187150764350157      
2           -0.78415103688527188     
1           -0.19603775922131797     
5           -140.49475616483116      
7           -54.936183990588056      
4           -144.43911712919689      
0           0                        
6           -110.36111993441192      
7           -31.160637405824222      
1           -0.19603775922131797     
3           -8.5769480002524272      
1           -0.19603775922131797     
2           -0.78415103688527188     
4           -39.27067232437642       
5           -99.867637690133421      
3           -1.764339832991862       
7           -417.63287547921885      
2           -0.78415103688527188     
10          -403.12480697954902      
5           -138.79360939514174      
5           -314.56847381911336      
2           -0.78415103688527188     
6           -151.37529654213716      
3           -3.5403240830354492      
5           -234.617468395445        
2           -0.78415103688527188     
4           -101.09348766161057      
4           -3.1366041475410875      
5           -16.986566351180837      
3           -40.824401767406691      
6           -108.52703495214219      
2           -0.78415103688527188     
4           -67.105521331793383      
8           -450.74167150634815      
7           -377.18594926632528      
9           -259.75288833452009      
5           -153.67599005705799      
0           0                        
8           -121.23428705593808      
3           -1.764339832991862       
12          -645.61491803744798      
5           -41.048639077220471      
6           -300.63975267191682      
5           -19.818783355793308      
4           -23.65411575424848       
2           -0.78415103688527188     
5           -30.660195124852308      
5           -12.038191524632726      
3           -1.764339832991862       
4           -126.0404267744849       
7           -42.739263667450579      
7           -391.20884964201224      
10          -266.48731999190005      
5           -21.275792617315375      
8           -629.77123785028459      
8           -262.96152863895742      
7           -274.1602424873559       
9           -131.72294336127447      
3           -8.6255927014951368      
3           -15.715351858017302      
4           -4.5464957458955313      
2           -0.78415103688527188     
4           -3.1366041475410875      
3           -38.896867731305221      
5           -139.87198026601146      
3           -105.98376545378802      
3           -1.764339832991862       
0           0                        
7           -52.679664727222573      
9           -222.19807788611388      
7           -122.36828923513971      
5           -34.370845270649177      
