390 1 -3725 35 35 35
0           0                        
2           -0.78415103688527188     
5           -419.23375717258233      
8           -450.30062671023381      
4           -5.1911015885278537      
5           -58.587499618303205      
4           -110.76164607941955      
4           -6.3129282632948573      
2           -0.78415103688527188     
5           -144.98020070067338      
1           -0.19603775922131797     
6           -452.6292463402221       
5           -245.5913815838685       
3           -30.563941903791108      
6           -111.93428684698092      
3           -5.3882293274447282      
1           -0.19603775922131797     
5           -43.260664461330698      
5           -70.880279818207811      
4           -14.470931271651843      
7           -614.58925290662467      
7           -275.48012896881215      
6           -215.99357617399195      
5           -7.444406225809594       
6           -59.275118287170962      
4           -32.244390939022253      
5           -14.619614910873068      
6           -122.29889080394017      
6           -145.09781830002126      
1           -0.19603775922131797     
5           -29.674411633488702      
5           -169.3119839608085       
3           -1.764339832991862       
2           -0.78415103688527188     
2           -0.78415103688527188     
2           -114.42456289738467      
7           -74.022198783263349      
3           -1.764339832991862       
5           -152.28079445440875      
6           -41.183925207993084      
1           -0.19603775922131797     
5           -19.663575610973314      
5           -58.804845120852455      
4           -10.101658947267191      
8           -48.311429639418904      
5           -118.98649182991494      
1           -0.19603775922131797     
1           -0.19603775922131797     
7           -407.78194989306303      
6           -71.50842008671485       
2           -0.78415103688527188     
7           -140.0036102766793       
3           -94.58302893396187       
2           -2.9594518897333022      
3           -145.5452183201765       
1           -0.19603775922131797     
2           -0.78415103688527188     
5           -130.92149226173285      
2           -0.78415103688527188     
5           -92.402982119147893      
8           -448.80052465712862      
5           -7.4694799091558775      
10          -297.87625178501781      
4           -55.039950027732552      
2           -2.2196934977617988      
2           -2.8350083746481318      
3           -3.2575240299239359      
1           -0.19603775922131797     
4           -3.1366041475410875      
14          -622.10538796529704      
8           -332.51686969269559      
1           -0.19603775922131797     
1           -0.19603775922131797     
7           -98.394793140891494      
3           -7.8730917338804751      
3           -53.182256531974012      
1           -0.19603775922131797     
7           -209.87935166078125      
3           -3.5591831414461299      
2           -0.78415103688527188     
6           -291.76243541829024      
3           -170.42494812473703      
5           -6.2865106429141804      
3           -3.6491087839498544      
6           -9.8589390308579148      
3           -109.46132309467055      
2           -0.78415103688527188     
4           -9.0397237140063158      
6           -139.20193189503516      
2           -0.78415103688527188     
4           -24.619887528286597      
5           -78.537865417451755      
4           -111.07986630255101      
9           -636.84887092833719      
5           -34.135734527755076      
2           -0.78415103688527188     
11          -346.41159248815575      
3           -28.293779037989115      
2           -19.725427171682966      
3           -30.56658785953422       
2           -0.78415103688527188     
