390 1 -3725 35 35 35
7           -1883.9213612151707      
4           -33.655518752423205      
4           -39.476252214031362      
6           -831.83400952142813      
3           -12.974262710387126      
6           -641.5654666797966       
4           -1319.8639201575443      
5           -2319.8996019979249      
3           -12.974262710387126      
3           -12.974262710387126      
5           -579.65278952180461      
7           -1152.6284072908634      
1           -1.4415847455985695      
5           -492.46725594165821      
2           -5.7663389823942781      
2           -5.7663389823942781      
1           -1.4415847455985695      
1           -1.4415847455985695      
2           -5.7663389823942781      
6           -471.77188919221624      
8           -1520.087539685308       
2           -202.33333374075974      
5           -1535.0354359748392      
4           -27.730176013594015      
6           -3124.1178542104799      
2           -5.7663389823942781      
4           -520.37685982259188      
6           -1893.5384176876237      
10          -2416.6782292549447      
5           -375.47655298510318      
2           -5.7663389823942781      
1           -1.4415847455985695      
5           -717.61563273905949      
7           -440.72631765416065      
4           -848.51521768861869      
0           0                        
6           -909.09420247370281      
7           -560.01864795657696      
1           -1.4415847455985695      
3           -40.332896173309265      
1           -1.4415847455985695      
2           -5.7663389823942781      
4           -310.0176004083541       
5           -797.90273104907953      
3           -12.974262710387126      
7           -3509.201774108888       
2           -5.7663389823942781      
10          -2026.1548722638868      
5           -778.4557052383359       
5           -1520.8663188228759      
2           -5.7663389823942781      
6           -624.41936304769376      
3           -25.316889485070618      
5           -1761.1784487184048      
2           -5.7663389823942781      
4           -791.25442695436107      
4           -23.065355929577112      
5           -92.012818312016307      
3           -110.12795183264157      
6           -656.95930340508289      
2           -5.7663389823942781      
4           -459.32035438574331      
8           -2690.7822655881164      
7           -1680.6404508770784      
9           -1716.6972530935473      
5           -865.26656168947613      
0           0                        
8           -715.38759716418258      
3           -12.974262710387126      
12          -3302.6781593057613      
5           -428.81947038110718      
6           -1559.6166161343624      
5           -114.33202609449975      
4           -250.57582692739143      
2           -5.7663389823942781      
5           -307.75433726102466      
5           -55.414588083224899      
3           -12.974262710387126      
4           -762.3602227294283       
7           -170.40529002088655      
7           -2238.1195318822824      
10          -1162.0684195408728      
5           -204.0945914001814       
8           -3055.1877992174636      
8           -1801.1807122354116      
7           20.166320936488219       
9           -1011.5330915459629      
3           -27.625213781548922      
3           -140.8843696928603       
4           -26.977414951271392      
2           -5.7663389823942781      
4           -26.233092509098864      
3           -582.26127786372706      
5           -843.44443082134831      
3           -473.95962977297444      
3           -12.974262710387126      
0           0                        
7           -585.89760663170023      
9           -940.08098779661259      
7           -1424.6051475712477      
5           -291.32083006594218      
