390 1 -3725 35 35 35
4           -151.85802660554816      
1           -1.4221550714141524      
7           -1078.7420189262673      
4           -628.93464562328109      
7           -108.68331285052201      
1           -1.4221550714141524      
3           -12.799395642727369      
4           -1119.2708756461234      
4           -22.754481142626439      
8           -219.81830638157865      
2           -120.48408280456781      
4           -22.754481142626439      
6           -730.78610600027287      
8           -2848.7624220690859      
11          -2813.2848642879858      
5           -37.331617802938922      
5           -982.36448581583568      
9           -2433.2396386979485      
7           -2032.7501090473313      
9           -1331.6682014001981      
8           -1786.5033089382043      
6           -826.16888863123029      
4           -27.745277736979535      
3           -573.47079272077121      
4           -27.739260556485412      
6           -739.26161410342422      
7           -1670.1861056352127      
4           -350.11466937128341      
3           -729.97035850009536      
1           -1.4221550714141524      
4           -1217.4776186839915      
7           -170.3348328789366       
4           -789.41804804512458      
5           -181.59564004593102      
5           -40.653152108389335      
1           -1.4221550714141524      
1           -1.4221550714141524      
7           -1303.44858192232        
9           -1087.2195219910272      
3           -472.43865488544338      
5           -138.23376324892493      
2           -5.6886202856566097      
7           -1083.4054316053234      
5           -332.22101640451677      
2           -5.6886202856566097      
2           -10.898776938099301      
3           -94.564409032576549      
1           -1.4221550714141524      
5           -251.09444026089756      
4           -1273.4823625372971      
6           -667.53744571276218      
2           -5.6886202856566097      
5           -97.690399428008234      
5           -344.40004017051496      
4           -587.11545416038484      
2           -5.6886202856566097      
4           -513.09399399492088      
3           -27.707769610994671      
5           -1232.9731103564045      
4           -44.028361491319217      
7           -243.9618503526433       
7           -2460.3309773640735      
1           -1.4221550714141524      
13          -5675.8396570182913      
5           -751.72365384372165      
4           -345.58838060927229      
3           -18.33410538880706       
5           -417.6992374988298       
6           -1958.3471713747524      
7           -155.09232551751828      
1           -1.4221550714141524      
3           -12.799395642727369      
5           -139.52206868013798      
2           -5.6886202856566097      
0           0                        
5           -35.553876785353808      
1           -1.4221550714141524      
2           -5.6886202856566097      
3           -671.73082149402899      
5           -87.146748846976564      
1           -1.4221550714141524      
2           -5.6886202856566097      
6           -340.33668300236309      
6           -226.90715929687832      
5           -772.26633405234338      
2           -5.6886202856566097      
4           -22.754481142626439      
2           -5.6886202856566097      
2           -5.6886202856566097      
6           -72.168039494417911      
1           -1.4221550714141524      
5           -594.77590852159767      
4           -346.68375751120857      
3           -12.799395642727369      
6           -1646.7344505313058      
4           -195.91000646987075      
3           -120.89424221440217      
2           -5.6886202856566097      
9           -2049.1489122029866      
6           -1260.2486042923604      
4           -22.754481142626439      
