390 1 -3725 35 35 35
0           0                        
4           -168.05885482433354      
5           -1208.5153847062593      
6           -998.02904532473929      
5           -681.43368619169075      
3           -12.799395642727369      
2           -10.541561235276028      
2           -50.788213687446401      
2           -9.6914229773201939      
6           -1533.5093574129037      
4           -1115.9015701048181      
3           -34.190321893353683      
4           -39.91843816886616       
5           -1861.4489571892757      
5           -338.36105047199544      
1           -1.4221550714141524      
3           -12.799395642727369      
5           -350.14263077012703      
1           -1.4221550714141524      
8           -953.84719012380242      
8           -276.13004410981955      
0           0                        
6           -58.715851160950926      
3           -41.849683619943704      
4           -37.785137626152405      
8           -1220.3086251161621      
4           -872.92743216026463      
6           -1306.7973423659662      
1           -1.4221550714141524      
5           -2711.1387475988331      
7           -1229.2857248361593      
7           -336.00389320490768      
3           -12.799395642727369      
5           -112.1400527991799       
1           -1.4221550714141524      
5           -74.66222895911568       
2           -5.6886202856566097      
9           -2245.9990273300891      
3           -12.799395642727369      
2           -5.6886202856566097      
3           -13.662166242155266      
0           0                        
4           -358.45347653480826      
3           -204.61810414920538      
8           -374.51576136007111      
4           -79.164641887385955      
6           -593.93685589723043      
8           -743.13679811511759      
3           -12.799395642727369      
2           -5.6886202856566097      
10          -2958.4859898189957      
9           -1601.2847692773676      
6           -102.72800518302657      
3           -12.799395642727369      
4           -30.416888064257179      
6           -169.17848229191031      
4           -406.0340715388096       
3           -12.799395642727369      
4           -1459.8490810034823      
3           -12.799395642727369      
3           -319.43795493000709      
5           -526.50477298058684      
3           -12.799395642727369      
7           -313.63069313995271      
0           0                        
2           -5.6886202856566097      
2           -5.6886202856566097      
3           -28.821639667632294      
5           -1722.6341813776119      
3           -12.799395642727369      
5           -64.232659889308309      
0           0                        
5           -518.52679423476013      
5           -35.553876785353808      
2           -5.6886202856566097      
6           -2016.1584646342915      
4           -86.436453754487516      
6           -1765.0585676992089      
2           -5.6886202856566097      
5           -829.31263930376929      
5           -1094.8104423007769      
8           -2503.73265126059        
5           -1684.9400432497207      
1           -1.4221550714141524      
3           -12.799395642727369      
2           -5.6886202856566097      
2           -7.147712113893502       
6           -57.6297957152021        
4           -551.06950125983985      
0           0                        
9           -1723.6806112572667      
4           -1260.5429645113902      
3           -12.799395642727369      
5           -1022.3964092770964      
4           -1024.3495747955824      
4           -565.09451601469846      
3           -12.799395642727369      
2           -7.4945853631345445      
4           -766.44054886766105      
1           -1.4221550714141524      
2           -5.6886202856566097      
