390 1 -3725 35 35 35
2           -0.78415103688527188     
3           -1.764339832991862       
4           -76.624079747797097      
4           -167.38102744413078      
6           -9.1909037390140007      
7           -165.19851547175602      
4           -16.865422770492238      
2           -0.78415103688527188     
5           -228.09977823285564      
7           -117.93432045629081      
2           -0.78415103688527188     
4           -5.5547179254614329      
4           -254.73838112403689      
4           -5.0539810646372061      
2           -0.78415103688527188     
4           -67.148670682370039      
1           -0.19603775922131797     
8           -104.93814352676903      
3           -128.54397686681986      
5           -9.7963698830353554      
3           -1.764339832991862       
3           -68.048894123934772      
1           -0.19603775922131797     
5           -133.67553969829189      
0           0                        
4           -202.79626912155666      
8           -596.79344007637121      
4           -28.18834736112148       
7           -242.07706367926764      
8           -370.23519752664663      
5           -4.9009439805329498      
3           -1.764339832991862       
3           -53.796869293394167      
4           -156.34444919159984      
6           -52.417182739814109      
2           -0.78415103688527188     
1           -0.19603775922131797     
2           -0.78415103688527188     
3           -77.354052538638555      
2           -0.78415103688527188     
2           -5.8263871508558109      
5           -77.314178925756053      
0           0                        
4           -52.347612244443283      
2           -0.78415103688527188     
2           -0.78415103688527188     
4           -3.1366041475410875      
7           -388.14739517866951      
7           -132.19426125627982      
9           -239.54980534168936      
4           -3.1366041475410875      
4           -3.1366041475410875      
3           -1.764339832991862       
3           -4.7324926348605185      
6           -46.815946952928812      
5           -6.6160103430047457      
4           -16.453568229714698      
3           -1.764339832991862       
3           -40.302905275262447      
9           -809.07241936272362      
2           -0.78415103688527188     
3           -1.764339832991862       
5           -168.23678871734603      
2           -0.78415103688527188     
6           -71.492004534218154      
4           -104.40622929750778      
4           -53.449572575427332      
8           -177.37119827190244      
1           -0.19603775922131797     
6           -612.60580920099096      
5           -22.676763383288211      
5           -12.781449225057848      
5           -77.649019583893107      
1           -0.19603775922131797     
0           0                        
2           -3.1890068803200098      
3           -7.1384578402953016      
1           -0.19603775922131797     
4           -5.859772216267201       
1           -0.19603775922131797     
5           -15.09515672992509       
5           -4.9009439805329498      
3           -1.764339832991862       
5           -160.03436935716201      
1           -0.19603775922131797     
4           -3.1366041475410875      
3           -131.41258749769733      
6           -179.00377109969554      
1           -0.19603775922131797     
0           0                        
2           -0.78415103688527188     
7           -279.55879420256434      
4           -5.2782307217450297      
2           -0.78415103688527188     
2           -0.78415103688527188     
3           -1.764339832991862       
1           -0.19603775922131797     
7           -73.465495063016874      
4           -51.838841418603806      
2           -0.78415103688527188     
7           -407.07144812086267      
