390 1 -3725 35 35 35
7           -834.07524698210261      
3           -27.326575998858839      
4           -225.64995887120412      
8           -477.76252918379458      
8           -1068.361885395416       
4           -8.7380382210161294      
0           0                        
4           -228.5844722597445       
4           -8.7380382210161294      
3           -4.9151464993215725      
1           -0.54612738881350809     
3           -11.476493091892486      
7           -473.59788028410316      
3           -4.9151464993215725      
4           -24.079516518067884      
4           -8.7380382210161294      
6           -51.828051382619243      
2           -2.1845095552540323      
2           -2.1845095552540323      
3           -80.520381197595583      
6           -201.57314858940077      
5           -34.186858482597671      
6           -29.156846229352123      
5           -316.72407389761878      
3           -4.9151464993215725      
1           -0.54612738881350809     
3           -4.9151464993215725      
3           -26.515658673383975      
8           -724.26108648960201      
1           -0.54612738881350809     
6           -693.29759886878378      
1           -0.54612738881350809     
2           -2.1845095552540323      
5           -25.045054976833338      
5           -963.29666872616144      
4           -262.79170946775145      
1           -0.54612738881350809     
4           -13.822260765257347      
5           -256.58488031282252      
0           0                        
1           -0.54612738881350809     
2           -2.1845095552540323      
0           0                        
3           -4.9151464993215725      
3           -20.075474248183575      
3           -50.652957516743129      
5           -316.44464104701183      
1           -0.54612738881350809     
2           -2.1845095552540323      
3           -102.91269221278961      
3           -4.9151464993215725      
3           -4.9151464993215725      
4           -8.7380382210161294      
4           -8.7380382210161294      
2           -2.1845095552540323      
6           -1026.6648152492576      
3           -5.6871100782619797      
3           -4.9151464993215725      
10          -1259.0819947050379      
7           -466.64268002269415      
6           -588.82220896117747      
3           -23.629642577484557      
4           -536.54922620409332      
3           -4.9151464993215725      
2           -2.1845095552540323      
5           -76.06123671917652       
5           -543.63395656688192      
4           -9.4415798564071221      
1           -0.54612738881350809     
4           -83.251698323512798      
6           -69.210773401041934      
4           -275.19843413913668      
2           -2.1845095552540323      
2           -2.1845095552540323      
7           -66.809635984958902      
5           -20.41360382683721       
2           -11.161200405803836      
3           -4.9151464993215725      
1           -0.54612738881350809     
0           0                        
7           -1491.3999694604204      
3           -4.9151464993215725      
1           -0.54612738881350809     
6           -220.2342266087006       
2           -2.1845095552540323      
4           -8.7380382210161294      
3           -4.9151464993215725      
0           0                        
5           -54.546463505965811      
0           0                        
6           -32.34151239049956       
2           -87.636480044117576      
3           -4.9151464993215725      
2           -3.0923566869226913      
2           -2.1845095552540323      
4           -396.64821303255889      
6           -857.73883824114159      
2           -2.1845095552540323      
2           -2.1845095552540323      
3           -12.236217168885034      
0           0                        
