390 1 -3725 35 35 35
5           -749.49273106285375      
7           -291.33789250063478      
2           -2.2512045114487211      
4           -9.0048180457948845      
2           -114.92447342796791      
1           -0.56280112786218028     
5           -26.58687217323461       
8           -245.05108656321585      
5           -85.729517775584782      
3           -302.98032799745789      
3           -5.0652101507596221      
4           -9.7280402997444408      
2           -7.8237783729640817      
5           -111.79515803495774      
4           -333.82862408565899      
5           -255.84970119368009      
2           -2.2512045114487211      
2           -2.2512045114487211      
4           -9.0048180457948845      
3           -28.42232491844112       
1           -0.56280112786218028     
7           -915.37731825671563      
8           -322.03136297435526      
1           -0.56280112786218028     
1           -0.56280112786218028     
1           -0.56280112786218028     
4           -9.0048180457948845      
7           -318.99225269683649      
4           -57.596689919097393      
4           -101.82057176678686      
5           -101.11928593381386      
5           -416.66735143274457      
2           -2.2512045114487211      
1           -0.56280112786218028     
0           0                        
10          -278.16737658426513      
6           -734.48994206427756      
6           -472.26798150997973      
2           -2.2512045114487211      
4           -9.0048180457948845      
5           -279.12141062693462      
5           -643.76791956721934      
5           -16.437604390790582      
5           -74.128123027762015      
5           -321.07672673656862      
3           -5.0652101507596221      
3           -5.0652101507596221      
10          -1227.8173863898601      
10          -874.06637446759555      
7           -289.06749505823751      
6           -434.7332022235658       
5           -388.21852276507445      
2           -15.364911942812068      
0           0                        
3           -5.0652101507596221      
0           0                        
2           -2.2512045114487211      
0           0                        
2           -2.2512045114487211      
8           -647.39384888356517      
3           -5.0652101507596221      
8           -196.42895022331268      
3           -5.0652101507596221      
1           -0.56280112786218028     
3           -103.37701395003542      
4           -36.26769300270648       
2           -2.2512045114487211      
7           -978.47025478802448      
2           -59.532302468250577      
3           -5.0652101507596221      
3           -5.0652101507596221      
3           -150.64391654079731      
2           -2.2512045114487211      
1           -0.56280112786218028     
2           -249.02988403010121      
3           -5.0652101507596221      
4           -267.18771875471145      
4           -38.535525741526918      
0           0                        
3           -78.292451360705769      
7           -325.45587345136596      
3           -6.5376391020698641      
2           -2.2512045114487211      
3           -5.0652101507596221      
0           0                        
2           -2.2512045114487211      
4           -545.87721360794239      
6           -945.75378718245418      
6           -537.33608776173253      
3           -54.998117561809423      
4           -11.014332327740309      
3           -5.0652101507596221      
4           -14.063747430485517      
7           -975.04324417061343      
3           -5.0652101507596221      
8           -722.52172474345457      
3           -302.3760610019736       
3           -5.0652101507596221      
5           -44.345392468888029      
5           -14.070028196554507      
7           -857.25788299401279      
