390 1 -3725 35 35 35
2           -30.169137094932008      
7           -223.39805969060697      
7           -227.66174298227844      
2           -0.78415103688527188     
7           -352.3967423849345       
4           -21.197669854312622      
2           -28.11127385148815       
4           -29.702377543339463      
5           -60.60049946098713       
3           -16.39773180252617       
2           -0.78415103688527188     
2           -0.78415103688527188     
4           -3.1366041475410875      
2           -0.78415103688527188     
5           -98.93184232593832       
5           -8.5994112571262953      
3           -38.405559034123009      
7           -57.555920463319595      
0           0                        
5           -11.983154997084235      
2           -15.507550004349612      
3           -85.621098650768175      
9           -309.61001375845211      
6           -32.155299018901729      
5           -7.2954936723897843      
2           -0.78415103688527188     
2           -0.78415103688527188     
7           -194.38048388660539      
0           0                        
6           -11.97966116998775       
5           -122.03750172634687      
4           -3.1366041475410875      
9           -237.68071505740988      
4           -6.7070467076451239      
0           0                        
6           -102.81221048077047      
4           -3.1366041475410875      
4           -26.741524714608872      
7           -213.1686029372913       
4           -148.46500326124598      
3           -3.1960323775541486      
3           -7.7985933244001728      
2           -3.1895020973850929      
1           -0.19603775922131797     
3           -123.86094458040454      
4           -3.1366041475410875      
2           -62.63405517822526       
4           -9.6955401956087375      
5           -39.457025774268836      
6           -209.75874241577338      
3           -83.982374764750105      
8           -300.90558542331223      
5           -135.67465191725387      
3           -1.764339832991862       
5           -153.90979616572977      
2           -0.78415103688527188     
3           -1.764339832991862       
3           -1.764339832991862       
2           -0.78415103688527188     
7           -95.885601726075492      
2           -10.354952084099395      
4           -5.8053467100140583      
3           -1.764339832991862       
7           -227.74360833358185      
3           -1.764339832991862       
5           -46.699254950045784      
5           -192.12364395126596      
6           -87.909668845956361      
6           -13.248984747430868      
0           0                        
2           -0.78415103688527188     
5           -252.5401738332603       
5           -579.22891030030928      
2           -0.78415103688527188     
1           -0.19603775922131797     
3           -9.1192790294111354      
2           -0.78415103688527188     
3           -1.764339832991862       
3           -1.764339832991862       
1           -0.19603775922131797     
6           -177.37847600510665      
5           -134.91785218788428      
3           -4.6061177571906722      
8           106.05923409568311       
4           42.661761420389858       
2           -0.78415103688527188     
6           -39.214995312942278      
5           -59.583734649739924      
2           -0.78415103688527188     
1           -0.19603775922131797     
1           -0.19603775922131797     
4           -37.093432570395017      
3           -11.686969291192487      
4           -3.1366041475410875      
1           -0.19603775922131797     
2           -153.81466123068017      
1           -0.19603775922131797     
2           -0.78415103688527188     
2           -0.78415103688527188     
2           -0.78415103688527188     
7           -368.94611344787216      
