390 1 -3725 35 35 35
6           -593.3550013378524       
4           -266.93756973399707      
1           -0.54612738881350809     
0           0                        
3           -7.0671912322500603      
1           -0.54612738881350809     
3           -4.9151464993215725      
5           -472.32464742699693      
6           -49.862037559001053      
8           -221.42994955722946      
8           -1610.4283897251751      
4           -8.7380382210161294      
2           -16.473734808170171      
3           234.67998594426621       
2           -15.487337349196093      
3           -238.48093779843444      
1           -0.54612738881350809     
2           -2.1845095552540323      
5           -13.6531847203377        
7           -518.93760229552163      
8           -858.12048490482391      
2           -2.1845095552540323      
5           -261.50798252934305      
1           -0.54612738881350809     
2           -2.1845095552540323      
4           -47.579059219022412      
2           -2.1845095552540323      
7           -249.45121591807876      
5           -44.372832852471824      
1           -0.54612738881350809     
4           -11.341353234034107      
2           -2.1845095552540323      
4           -12.141117815385474      
3           -4.9151464993215725      
4           -8.7380382210161294      
3           -609.15808506936139      
4           -9.5897001483059086      
5           -56.363252841525274      
2           -2.1845095552540323      
2           -2.1845095552540323      
7           -185.79952665824106      
5           -241.66349567415219      
2           -373.00377354944538      
3           -4.9151464993215725      
7           -443.62302852030814      
8           -231.94693751118251      
7           -112.29028065278048      
5           -197.58151791774603      
4           -8.7380382210161294      
3           -42.124999798423879      
2           -2.1845095552540323      
5           -320.22590718900625      
3           -4.9151464993215725      
5           -171.90819269155193      
4           -8.7380382210161294      
6           -303.70796925898048      
4           -8.7380382210161294      
5           -254.49913455796113      
2           -2.1845095552540323      
4           -16.138980383495401      
2           -35.139103714812691      
5           -378.89914106419468      
5           -299.53695763831797      
4           -311.81913382738418      
2           -2.1845095552540323      
2           -2.1845095552540323      
1           -0.54612738881350809     
0           0                        
6           -172.03639024394144      
4           -11.337578273841094      
6           -50.17174843425839       
2           -2.1845095552540323      
3           -245.20789221531501      
3           -14.337185361756116      
5           -59.7390625641724        
5           -567.27472674017633      
3           -4.9151464993215725      
6           -100.10240110487157      
1           -0.54612738881350809     
5           -71.933510703086398      
0           0                        
4           -8.7380382210161294      
3           -32.871657742898591      
3           -31.127842970864407      
4           -9.5889262154439852      
2           -2.1845095552540323      
4           -215.8003604838172       
8           -138.10258471638036      
2           -8.7234810407032626      
7           -403.22397054501454      
4           -169.01133864818939      
7           -26.760242051861898      
7           -283.03623147441527      
2           -22.876811845907142      
3           -61.040061883202767      
6           -403.41243403306032      
0           0                        
2           -2.1845095552540323      
5           -16.175992869865549      
2           -3.2718861185150496      
3           -4.9151464993215725      
