390 1 -3725 35 35 35
7           -974.67829644567246      
1           -1.4221550714141524      
3           -41.335077562213854      
5           -333.96096964859657      
6           -1236.2458507398262      
0           0                        
1           -1.4221550714141524      
3           -28.798734294987643      
1           -1.4221550714141524      
8           -861.44613018144082      
1           -1.4221550714141524      
7           -1986.1433864900873      
4           -636.99837678592405      
2           -5.6886202856566097      
4           -23.688753213129313      
7           -1911.7718272866932      
2           -140.53155547620545      
7           -2542.8149191644284      
3           -697.22024904659895      
1           -1.4221550714141524      
4           -60.005653971392768      
5           -689.83867841687561      
1           -1.4221550714141524      
1           -1.4221550714141524      
2           -5.6886202856566097      
10          -2901.3787608544599      
4           -64.0867887857612        
3           -19.048412877806498      
5           -174.05000454275904      
4           -1122.7485544633021      
3           -25.191522447496993      
3           -12.799395642727369      
3           -12.799395642727369      
3           -12.799395642727369      
4           -534.98402616056228      
1           -1.4221550714141524      
2           -5.6886202856566097      
8           -2764.6078049274693      
3           -12.799395642727369      
11          -2742.2858043378906      
2           -5.6886202856566097      
1           -1.4221550714141524      
1           -1.4221550714141524      
4           -281.42171236561467      
5           -129.7570346603701       
3           -15.29743742357639       
2           -9.8141787992744796      
9           -2177.2365370588823      
3           -499.29118386560197      
4           -828.45477623923819      
5           -75.161023704207253      
1           -1.4221550714141524      
4           -26.5104702180539        
3           -106.87693890265655      
4           -56.20284091296201       
6           -1453.0889719142367      
4           -22.754481142626439      
4           -70.212776654185404      
1           -1.4221550714141524      
0           0                        
5           -43.843320900237742      
5           -54.419974929924777      
4           -754.13803069193295      
6           -1412.7466125645344      
5           -1245.8000808579422      
2           -5.6886202856566097      
2           -32.803088751868877      
4           -44.615068850988621      
5           -172.96114755199375      
3           -22.152266568696501      
1           -1.4221550714141524      
4           -149.31341026066804      
4           -42.411215383717916      
4           -563.56642355458882      
2           -5.6886202856566097      
3           -12.799395642727369      
6           -1236.5907835428445      
5           -158.19566596353005      
2           -19.785261503556129      
4           -471.82768865342928      
1           -1.4221550714141524      
4           -22.754481142626439      
1           -1.4221550714141524      
5           -446.89806463617958      
2           -5.6886202856566097      
4           -22.754481142626439      
3           -12.799395642727369      
2           -5.6886202856566097      
3           -56.272030711859237      
3           -213.60925888296612      
4           -54.858337935265176      
3           -12.799395642727369      
2           -5.6886202856566097      
2           -5.6886202856566097      
5           -188.37576868541919      
9           -2069.0536019691713      
0           0                        
2           -5.6886202856566097      
1           -1.4221550714141524      
1           -1.4221550714141524      
3           -12.799395642727369      
