390 1 -3725 35 35 35
3           -12.799395642727369      
4           -29.5632904166491        
4           -37.385135519197014      
1           -1.4221550714141524      
5           -1533.2918074010888      
4           -30.995456031287254      
1           -1.4221550714141524      
7           -2798.8374510660619      
6           -1161.5820834661406      
1           -1.4221550714141524      
4           -1236.8542121542453      
9           -2254.4417386511154      
8           -2457.5276239257873      
5           -687.02003555010731      
5           -718.79508304201306      
4           -47.597819663523552      
8           -1608.7877334374493      
5           -450.90932323902166      
4           -260.36216248296319      
6           -1233.026367705434       
0           0                        
3           -12.799395642727369      
5           -746.92461375153596      
10          -2369.2758034086487      
7           -481.75835776299681      
2           -60.979364039490775      
6           -1163.3685586575057      
8           -1374.2962721447286      
5           -36.580640810476737      
4           -934.7737096204462       
4           -103.28427960678795      
4           -1061.0210046073403      
1           -1.4221550714141524      
2           -5.6886202856566097      
2           -1058.9104217459951      
2           -14.719556989125186      
1           -1.4221550714141524      
7           -3345.3510043841939      
1           -1.4221550714141524      
6           -203.35598508445472      
3           -12.799395642727369      
2           -23.655180038378276      
1           -1.4221550714141524      
6           -2063.0067176965522      
4           -698.16272430267816      
3           -123.65342037044331      
7           -595.17451939580587      
0           0                        
7           -1625.7496266184696      
4           -404.36084956860549      
7           -718.97792149305167      
5           -236.83198048397639      
1           -1.4221550714141524      
0           0                        
1           -1.4221550714141524      
7           -605.95655599448571      
5           -722.82918335597151      
1           -1.4221550714141524      
5           -316.9892765940271       
4           -169.39435114567112      
3           -12.799395642727369      
5           -1213.9662801434847      
8           -2641.0013067759764      
6           -54.907185090514574      
2           -5.6886202856566097      
4           -22.754481142626439      
4           -1945.0351361472972      
9           -2426.6427358171077      
6           -1167.3415074303898      
3           -852.27566559921365      
3           0.12454973513136025      
4           -24.083750953097063      
2           -5.6886202856566097      
8           -1940.3738447774326      
2           -5.6886202856566097      
1           -1.4221550714141524      
6           -798.01600247803538      
7           -1836.315081856678       
5           -601.73386868146122      
2           -10.895759043702251      
3           -12.799395642727369      
1           -1.4221550714141524      
9           -1459.6757644411023      
7           -1615.0329727145354      
0           0                        
2           -91.365099171318406      
2           -5.6886202856566097      
7           -1376.1764437681757      
3           -357.42880872650011      
5           -229.27835498346371      
3           -15.665643104687906      
1           -1.4221550714141524      
5           -331.73420516005643      
1           -1.4221550714141524      
7           -1010.0319653040076      
4           -22.754481142626439      
6           -705.9241510815101       
6           -889.29373671234123      
3           -318.09798329555531      
5           -35.553876785353808      
2           -6.7923632221665819      
