390 1 -3725 35 35 35
4           -36.395724671309694      
7           -323.28981267482959      
1           -1.4221550714141524      
1           -1.4221550714141524      
5           -44.930073745247306      
5           -1611.113077962709       
1           -1.4221550714141524      
2           -5.6886202856566097      
2           -5.6886202856566097      
6           -1520.0056492961705      
6           -252.40812143763216      
3           -12.799395642727369      
4           -540.34495363281064      
3           -12.799395642727369      
3           -244.88811028846655      
2           -5.6886202856566097      
5           -35.553876785353808      
10          -1362.1873009185304      
4           -23.737676631337898      
3           -12.799395642727369      
5           -208.36384552496207      
5           -78.712190050082214      
2           -5.6886202856566097      
2           -5.6886202856566097      
4           -22.754481142626439      
5           -486.35806663413348      
5           -844.83553347478471      
5           -1627.6414052945422      
3           -40.427095448015358      
8           -894.7374309398482       
4           -286.45923496850952      
2           -370.74234065019766      
6           -1557.0011099961714      
2           -5.6886202856566097      
1           -1.4221550714141524      
3           -44.993029691006079      
2           -5.6886202856566097      
1           -1.4221550714141524      
0           0                        
8           -1191.4371917743674      
4           -22.754481142626439      
4           -698.57370651891472      
4           -557.16520557880426      
6           -434.47619180850143      
1           -1.4221550714141524      
0           0                        
5           -2042.3128349187441      
1           -1.4221550714141524      
4           -730.31930937011089      
5           -875.72643223343096      
2           -106.07227659696858      
3           -12.799395642727369      
5           -473.99351222987315      
3           -15.994489445782676      
3           -14.824061039022467      
4           -1270.3775677386257      
4           -508.03106624774512      
4           -26.128616020582651      
2           -5.6886202856566097      
4           -1470.0298112396788      
5           -1644.111464534212       
4           -25.577591272565908      
5           -43.424797765461406      
6           -1037.9951376235729      
2           -5.6886202856566097      
6           -82.915334588496052      
1           -1.4221550714141524      
1           -1.4221550714141524      
8           -2668.9500246366529      
8           -1874.8633158264111      
4           -94.716011868042983      
5           -781.45652713110815      
4           -412.84905466744544      
3           -22.804489502873516      
4           -653.39788383943301      
2           -5.6886202856566097      
4           -196.3951386815491       
4           -633.95692907301736      
5           -560.38643434591518      
6           -1376.7311739566264      
3           -12.799395642727369      
4           -117.20187617888575      
2           -5.6886202856566097      
2           -544.13684830500677      
8           -942.12382070296508      
2           -5.6886202856566097      
5           -163.41914831486594      
2           -523.14490081087945      
5           -163.4984616204768       
1           -1.4221550714141524      
5           -1636.700218685286       
5           -43.676505947497972      
9           -3386.7320961004016      
3           -12.799395642727369      
1           -1.4221550714141524      
1           -1.4221550714141524      
3           -331.63542748829246      
8           -3114.3079252489479      
2           -5.6886202856566097      
4           -22.754481142626439      
3           -12.799395642727369      
