390 1 -3725 35 35 35
6           -413.51894141682538      
1           -1.4415847455985695      
5           -1506.748135565713       
4           -25.538128532405544      
6           -1312.6564956238014      
1           -1.4415847455985695      
1           -1.4415847455985695      
4           -25.166865872951512      
5           -36.039618639964239      
6           -686.35710077437807      
1           -1.4415847455985695      
4           -1075.689889698941       
5           -61.396354486338865      
4           -64.404364419212996      
6           -1648.1902791418797      
1           -1.4415847455985695      
6           -2894.0793860507406      
4           -23.065355929577112      
1           -1.4415847455985695      
3           -975.10838728907697      
1           -1.4415847455985695      
8           -1293.6588032501513      
3           -12.974262710387126      
5           -1400.3886999302472      
3           -12.974262710387126      
6           -52.78466461276345       
3           -717.81031363682439      
3           -793.79161327578663      
3           -12.974262710387126      
4           -23.065355929577112      
5           -629.18427607409728      
3           -1177.1784998457463      
2           -217.9741389365017       
6           -603.24444260481062      
1           -1.4415847455985695      
1           -1.4415847455985695      
6           -528.26144269316239      
1           -1.4415847455985695      
5           -298.22800913102787      
4           -58.892786712368817      
5           -520.42601627050442      
3           -12.974262710387126      
0           0                        
3           -51.679213779594804      
7           -1547.2898059469592      
3           -190.89802728366226      
5           -36.039618639964239      
2           -38.120156695296544      
3           -12.974262710387126      
5           -125.68700090320476      
4           -57.369689428934151      
5           -36.039618639964239      
5           -513.83453527659162      
1           -1.4415847455985695      
3           -12.974262710387126      
4           -23.065355929577112      
2           -53.544964300651266      
9           -1711.4393446322524      
7           -1042.8723835966205      
5           -104.19827370010557      
4           -358.47276515235421      
4           -578.45150365486506      
3           -12.974262710387126      
1           -1.4415847455985695      
2           -9.3612760778757114      
1           -1.4415847455985695      
6           -1825.6057601165819      
2           -12.043862449197057      
1           -1.4415847455985695      
2           -5.7663389823942781      
3           -12.974262710387126      
1           -1.4415847455985695      
2           -5.7663389823942781      
5           -153.77317755520804      
4           -73.348710527450123      
1           -1.4415847455985695      
8           -1112.2424657531437      
5           -691.38302947720001      
2           429.93977892594648       
4           -23.065355929577112      
7           -1225.5958939175966      
3           -32.168841345439425      
3           -12.974262710387126      
7           -2580.5073617865824      
4           -23.065355929577112      
4           -785.75649059590569      
2           -5.7663389823942781      
6           -1640.9707307440685      
2           -5.7663389823942781      
5           -854.40209895248358      
4           -116.0708020769948       
3           -25.777811026823564      
6           -390.61768606085747      
4           -32.896510440662446      
6           -505.64458057611995      
5           -41.698973288486108      
3           -680.39897580944364      
3           -12.974262710387126      
2           -5.7663389823942781      
5           -448.20179251013781      
2           -5.7663389823942781      
