390 1 -3725 35 35 35
5           -21.444687612084351      
1           -0.19603775922131797     
3           -7.2575278749829017      
2           -0.78415103688527188     
3           -1.764339832991862       
4           -4.648345770220919       
5           -4.9009439805329498      
2           -0.78415103688527188     
4           -3.1366041475410875      
2           -0.78415103688527188     
2           -0.78415103688527188     
5           -186.27253340792456      
4           -23.78137228128886       
5           -59.395922357589406      
1           -0.19603775922131797     
3           -1.764339832991862       
2           -0.78415103688527188     
5           -128.28528399265127      
7           -79.373001188121151      
4           -13.215624354781331      
4           -31.758217206437489      
6           -303.95090375438548      
4           -3.1366041475410875      
5           -90.307847480323332      
3           -1.764339832991862       
1           -0.19603775922131797     
7           -151.0658359349668       
10          -251.72696387911233      
3           -32.318425819405292      
3           -6.360284170581564       
3           -1.764339832991862       
2           -12.622134525171708      
7           -124.828828379378        
2           -4.8790682201104536      
3           -1.764339832991862       
6           -40.624150160646892      
6           -63.618121878439929      
4           -19.259121186461936      
3           -9.4256841609640478      
4           -3.1366041475410875      
0           0                        
4           -232.11729047774344      
3           -1.764339832991862       
6           -89.952716459949968      
3           -1.764339832991862       
3           -1.764339832991862       
1           -0.19603775922131797     
5           -101.3923865351945       
7           -11.577137907697393      
2           -0.78415103688527188     
7           -434.97002943628468      
2           -0.78415103688527188     
1           -0.19603775922131797     
0           0                        
8           -89.813659371575937      
4           -3.1366041475410875      
3           -1.764339832991862       
3           -128.69333656524847      
2           -0.78415103688527188     
5           -59.378783462751521      
3           -12.195484976187183      
7           -17.959392410384709      
4           -6.3608835118920766      
1           -0.19603775922131797     
3           -1.764339832991862       
3           -2.8234350045643457      
3           -1.764339832991862       
7           -120.35172118347057      
5           -43.411680119220705      
4           -4.2304574349535207      
6           -42.29025595775083       
0           0                        
7           -60.481132840418709      
1           -0.19603775922131797     
2           -0.78415103688527188     
6           -384.11316893590759      
8           -154.23254759562505      
4           -3.1366041475410875      
1           -0.19603775922131797     
4           -6.46556413979269        
2           -0.78415103688527188     
2           -20.558608794650478      
6           -173.70179190643245      
2           -0.78415103688527188     
1           -0.19603775922131797     
3           -19.351251003659893      
5           -217.60339206004292      
7           -49.524382709787503      
1           -0.19603775922131797     
4           -120.76534643326518      
2           -0.78415103688527188     
4           -12.306387356931818      
5           -98.259889404303792      
6           -103.5646014681798       
2           -0.78415103688527188     
7           -206.11407487648103      
7           -75.702474704570562      
0           0                        
4           -55.928575365304184      
8           -263.35098060712937      
8           -178.51972166900495      
