390 1 -3725 35 35 35
5           -355.32120958677689      
4           -885.23114720878266      
8           -1199.0331798821373      
4           -22.368231355285399      
1           -1.3980144597053374      
1           -1.3980144597053374      
10          -2077.7663999812798      
4           -690.65098661938305      
3           -12.582130137348038      
7           -831.56870024898217      
1           -1.3980144597053374      
4           -30.124103645430765      
4           -171.20623534270135      
6           -224.76816213268427      
1           -1.3980144597053374      
8           -866.7293926608379       
4           -22.368231355285399      
2           -5.5920578388213498      
5           -379.34685965314594      
3           -18.937051239024516      
1           -1.3980144597053374      
2           -5.5920578388213498      
1           -1.3980144597053374      
1           -1.3980144597053374      
1           -1.3980144597053374      
4           -53.447680965974492      
3           -12.582130137348038      
10          -1432.2898250106655      
5           -517.96486878483017      
5           -43.2346797068329        
0           0                        
4           -149.13466960626096      
3           -12.582130137348038      
3           -12.582130137348038      
4           -319.01385398421559      
1           -1.3980144597053374      
3           -738.56962108391144      
5           -254.28050025214256      
3           -12.582130137348038      
3           -12.582130137348038      
9           -3535.5149127169097      
6           -198.80443290820384      
5           -914.5067674402535       
2           -5.5920578388213498      
5           -297.4515558941207       
4           -296.30440392798664      
1           -1.3980144597053374      
7           -1837.3258445062188      
6           -233.06333215246451      
4           -85.468506773204979      
2           -5.5920578388213498      
4           -31.966254137684036      
3           -743.65912050137626      
8           -928.99079749870134      
5           -202.00809394154444      
4           -22.368231355285399      
8           -1427.3252982710414      
5           -72.936881652993719      
3           -12.582130137348038      
8           -876.02074818058838      
1           -1.3980144597053374      
8           -1675.4781671093715      
2           -5.5920578388213498      
4           -73.659237787237615      
2           -5.5920578388213498      
1           -1.3980144597053374      
0           0                        
6           -422.48273644720462      
5           -48.072112186452429      
2           -5.5920578388213498      
6           -657.55618769417742      
3           -585.93196929241765      
1           -1.3980144597053374      
3           -53.42512228471869       
4           -81.517518645089439      
3           -181.02618105657655      
3           -256.74278876244273      
5           -594.26590942624193      
9           -905.6384656955031       
2           -5.5920578388213498      
5           -1702.3506528435519      
6           -1187.2238077286841      
4           -430.78599118091944      
6           -805.40714607014479      
3           -12.582130137348038      
4           -301.85632759841474      
3           -34.773820291857334      
1           -1.3980144597053374      
3           -12.582130137348038      
2           -5.5920578388213498      
7           -486.01145936271314      
4           -784.46592896919651      
8           -4972.3928880221865      
5           -35.97390725969376       
3           -14.523087274688955      
4           -236.1834715647949       
4           -23.663826846832535      
5           -66.657935487048377      
3           -595.37209209897048      
3           -12.582130137348038      
3           -164.95336021783314      
