390 1 -3725 35 35 35
3           -4.9151464993215725      
6           -406.69068326242848      
5           -46.641798593705161      
2           -3.6336225121782819      
3           -4.9151464993215725      
2           -2.1845095552540323      
4           -9.647312064085849       
6           -676.69544333225849      
2           -2.1845095552540323      
8           -589.5321081114198       
6           -432.40583029466859      
2           -2.1845095552540323      
4           -462.33594104774795      
5           -211.1357810868752       
4           -10.670720171609828      
3           -4.9151464993215725      
3           -4.9151464993215725      
4           -190.13570552101336      
7           -938.10984249084754      
5           -389.19379862206932      
3           -137.16377583810109      
4           -177.63510044957118      
1           -0.54612738881350809     
5           -233.92668715584117      
2           -7.4778604574515262      
6           -598.33481655520097      
4           -8.7380382210161294      
4           -21.470717968482269      
6           -841.04930533141624      
3           -4.9151464993215725      
5           -88.357851121394532      
2           -2.1845095552540323      
2           -2.1845095552540323      
2           -2.1845095552540323      
6           -184.44844657568308      
6           -87.162402809683627      
2           -357.94953132956147      
2           -2.1845095552540323      
4           -8.7380382210161294      
3           -4.9151464993215725      
0           0                        
3           -16.299160543696239      
5           -539.30571221116463      
6           -67.154991902397526      
6           -25.187947912919043      
2           -2.1845095552540323      
1           -0.54612738881350809     
9           -406.6640317223389       
1           -0.54612738881350809     
1           -0.54612738881350809     
1           -0.54612738881350809     
6           -20.370659215226798      
1           -0.54612738881350809     
8           -62.339626705744813      
5           -13.6531847203377        
6           -700.31696657032649      
4           228.71048349825625       
1           -0.54612738881350809     
4           -8.7380382210161294      
6           -1011.8302261581764      
6           -261.84770079355712      
2           -41.562705360049073      
2           -2.1845095552540323      
5           -17.252114291026267      
1           -0.54612738881350809     
4           -124.10994837335224      
3           -71.891485668879085      
3           -42.608787284401323      
2           -2.1845095552540323      
5           -21.08325909142448       
5           -89.347962434078241      
5           -19.386460801766422      
5           -20.78804810353364       
2           -2.1845095552540323      
4           -618.48011687289761      
4           -9.6780344565385494      
6           -606.67292813544805      
2           -2.1845095552540323      
2           -2.1845095552540323      
6           -277.58340795322147      
4           -12.669063616856556      
7           -196.89860509231613      
6           -243.32247827171008      
2           -88.573361405749296      
8           -666.68310482181471      
6           -755.17307775004554      
4           -10.89403938824935       
1           -0.54612738881350809     
4           -8.7380382210161294      
9           88.705841906735657       
3           -4.9151464993215725      
4           -249.70794948644979      
2           -2.1845095552540323      
3           -4.9151464993215725      
11          -2402.8909278072429      
3           -75.967548054310129      
4           -100.3536006277923       
7           -262.97574025559828      
3           -40.287389578319157      
4           -145.89720276507902      
6           -800.56935573668011      
