390 1 -3725 35 35 35
4           -11.016814667078238      
3           -1.8212479750620876      
7           -33.377077784553308      
3           -1.8212479750620876      
1           -0.20236088611800973     
4           -3.2377741778881557      
4           -3.2377741778881557      
5           -234.5710484527082       
0           0                        
10          -596.26559337371111      
9           -318.92119539896333      
1           -0.20236088611800973     
7           -486.26842573980912      
7           -146.87504461333495      
1           -0.20236088611800973     
2           -0.80944354447203892     
2           -0.80944354447203892     
5           -66.07993186415834       
3           -26.065241764973727      
10          -452.68786282921394      
5           -122.08733529971357      
3           -152.44431243906226      
1           -0.20236088611800973     
3           -1.8212479750620876      
7           -235.90701006651923      
2           -0.80944354447203892     
3           -76.896198094216558      
7           -140.00751297999878      
3           -2.8618143658047077      
1           -0.20236088611800973     
4           -9.1541618613944564      
6           -8.6877973688459846      
5           -51.839972979897503      
3           -25.500197799102864      
1           -0.20236088611800973     
1           -0.20236088611800973     
5           -252.76915054466295      
6           -172.88971027215032      
0           0                        
3           -1.8212479750620876      
5           -142.58940792646752      
1           -0.20236088611800973     
1           -0.20236088611800973     
9           -188.4201026001281       
6           -42.156967460581043      
6           -26.284374747764318      
4           -24.527650217132745      
6           -30.88097943695664       
3           -1.8212479750620876      
3           -1.8212479750620876      
5           -91.208125211164116      
3           -1.8212479750620876      
3           -30.194858582210827      
4           -97.477551808067048      
0           0                        
9           -395.09778338473484      
5           -138.63320239137232      
0           0                        
8           -582.13551234530848      
1           -0.20236088611800973     
5           -102.96891285517907      
3           -4.0923833545374331      
2           -0.80944354447203892     
3           -7.1078288402759364      
5           -8.4735355080625858      
7           -229.39158256193815      
2           -0.80944354447203892     
6           -123.48001974147857      
3           -6.85499182756576        
2           -0.80944354447203892     
2           -0.80944354447203892     
3           -4.2098615621079443      
4           -119.28646005339101      
5           -342.86331950235552      
5           -12.38492374534799       
2           -0.80944354447203892     
5           -15.206935662191073      
8           -389.43155013118155      
1           -0.20236088611800973     
3           -79.239685117743178      
11          -202.09942096292261      
5           -91.12741701680217       
4           -11.597046701879389      
3           -3.3392190055143347      
6           -101.44791733076303      
0           0                        
5           -114.17051808885084      
2           -0.80944354447203892     
2           -41.470587885551758      
4           -4.6674457032768952      
2           -48.157512443052624      
5           -217.67143814890122      
4           -3.2377741778881557      
6           -322.39751562209545      
2           -12.908296889691384      
6           -62.662408371468821      
1           -0.20236088611800973     
2           -0.80944354447203892     
2           -0.80944354447203892     
3           -1.8212479750620876      
6           -20.704209014807653      
