390 1 -3725 35 35 35
2           -0.80944354447203892     
3           -1.8212479750620876      
4           -78.882816306804799      
4           -169.6274965915681       
6           -9.487346918947134       
7           -170.36065930047303      
4           -17.407747932560994      
2           -0.80944354447203892     
5           -233.32342635915842      
7           -121.27432072266706      
2           -0.80944354447203892     
4           -5.7338743676788502      
4           -261.60868473948574      
4           -5.2169784676201312      
2           -0.80944354447203892     
4           -69.246508373454873      
1           -0.20236088611800973     
8           -108.23860641379378      
3           -130.3097623019076       
5           -10.11231598484909       
3           -1.8212479750620876      
3           -70.037074725289685      
1           -0.20236088611800973     
5           -137.60846148695566      
0           0                        
4           -206.83676891197797      
8           -608.72654489662193      
4           -29.08507780679431       
7           -249.36406563953068      
8           -379.84519746133344      
5           -5.0590221529502433      
3           -1.8212479750620876      
3           -55.420105073184871      
4           -160.89342934410445      
6           -54.099234791043401      
2           -0.80944354447203892     
1           -0.20236088611800973     
2           -0.80944354447203892     
3           -79.70800913025235       
2           -0.80944354447203892     
2           -6.0140765335914654      
5           -79.72346333547668       
0           0                        
4           -53.966095818303643      
2           -0.80944354447203892     
2           -0.80944354447203892     
4           -3.2377741778881557      
7           -396.78507623645334      
7           -136.27513458925918      
9           -217.79653935264471      
4           -3.2377741778881557      
4           -3.2377741778881557      
3           -1.8212479750620876      
3           -4.8851207208130178      
6           -48.316043675265341      
5           -6.8293950072431464      
4           -16.983605380632806      
3           -1.8212479750620876      
3           -41.579533726307304      
9           -829.44900471384085      
2           -0.80944354447203892     
3           -1.8212479750620876      
5           -172.61837419963354      
2           -0.80944354447203892     
6           -73.77134141874609       
4           -107.14441603238255      
4           -55.154199785097589      
8           -173.04659445163762      
1           -0.20236088611800973     
6           -626.02713380330488      
5           -23.403472041704781      
5           -13.193175465112203      
5           -80.110638376958846      
1           -0.20236088611800973     
0           0                        
2           -3.2918353408413932      
3           -7.368422847542762       
1           -0.20236088611800973     
4           -6.0487639266629349      
1           -0.20236088611800973     
5           -15.581666647000322      
5           -5.0590221529502433      
3           -1.8212479750620876      
5           -163.96574594711944      
1           -0.20236088611800973     
4           -3.2377741778881557      
3           -134.6945798197336       
6           -183.89318003892996      
1           -0.20236088611800973     
0           0                        
2           -0.80944354447203892     
7           -287.62908272797659      
4           -5.448455082041054       
2           -0.80944354447203892     
2           -0.80944354447203892     
3           -1.8212479750620876      
1           -0.20236088611800973     
7           -75.817593641580217      
4           -53.480687396785044      
2           -0.80944354447203892     
7           -413.6429339978838       
