390 1 -3725 35 35 35
6           -1316.6134158000373      
4           -668.99121523179053      
1           -1.4415847455985695      
0           0                        
3           -20.271419241679979      
1           -1.4415847455985695      
3           -12.974262710387126      
5           -789.95411648505171      
6           -111.64517313468036      
8           -715.08817002933631      
8           -4329.27967538959        
4           -25.987074593705483      
2           -34.210134446784117      
3           -210.67590299468515      
2           -51.444096136732306      
3           -432.79530760752152      
1           -1.4415847455985695      
2           -5.7663389823942781      
5           -41.212969908200201      
7           -1406.7170208907858      
8           -2150.6553040697422      
2           -5.7663389823942781      
5           -769.8660896998058       
1           -1.4415847455985695      
2           -5.7663389823942781      
4           -102.29162028303615      
2           -5.7663389823942781      
7           -986.96980800241727      
5           -166.38084383735227      
1           -1.4415847455985695      
4           -25.748133965883408      
2           -5.7663389823942781      
4           -54.084384963651921      
3           -12.974262710387126      
4           -23.065355929577112      
3           -1266.0669923058038      
4           -28.12552344808477       
5           -161.30945452115697      
2           -5.7663389823942781      
2           -5.7663389823942781      
7           -859.50932296661153      
5           -630.01804772231333      
2           -690.86001561808803      
3           -12.974262710387126      
7           -1405.4902291600179      
8           -662.06391129126098      
7           -410.98474531710508      
5           -772.34483451277401      
4           -23.065355929577112      
3           -226.59700746351379      
2           -5.7663389823942781      
5           -887.78412705566234      
3           -12.974262710387126      
5           -469.35160069190647      
4           -23.065355929577112      
6           -962.40313444665696      
4           -23.065355929577112      
5           -995.24719579851194      
2           -5.7663389823942781      
4           -48.773464287362401      
2           -86.96796051101694       
5           -1036.3668785643802      
5           -878.24938978566036      
4           -514.27665339371492      
2           -5.7663389823942781      
2           -5.7663389823942781      
1           -1.4415847455985695      
0           0                        
6           -626.7963224075894       
4           -39.087853189394629      
6           -126.82834424962056      
2           -5.7663389823942781      
3           -607.90940002090815      
3           -45.235034794142052      
5           -180.20990216247273      
5           -1248.4137033292277      
3           -12.974262710387126      
6           -401.5634937060949       
1           -1.4415847455985695      
5           -329.33041840843032      
0           0                        
4           -28.06704469534338       
3           -110.28635321492604      
3           -217.96120829848749      
4           -37.890842852875537      
2           -5.7663389823942781      
4           -659.97178999711173      
8           -455.30273418663359      
2           -50.291850032111263      
7           -103.67665366386316      
4           -588.78618563503153      
7           -70.637652534329902      
7           -803.14262959511029      
2           -102.98713239938699      
3           -171.26609356094747      
6           -917.55589864598846      
0           0                        
2           -9.8418250226198687      
5           -48.136467564167326      
2           -11.622953030714811      
3           -12.974262710387126      
