390 1 -3725 35 35 35
4           -43.396004792775749      
3           -12.582130137348038      
7           -211.68772702180357      
3           -12.582130137348038      
1           -1.3980144597053374      
4           -35.530017918252         
4           -23.230075077706637      
5           -1003.3356838099901      
0           0                        
10          -3755.5502316072675      
9           -1994.2117532791594      
1           -1.3980144597053374      
7           -2735.9649310991754      
7           -1628.0489526127085      
1           -1.3980144597053374      
2           -26.71559540113763       
2           -5.5920578388213498      
5           -484.76864536795671      
3           -149.80872128017299      
10          -2040.9057656715238      
5           -199.87124548413584      
3           -1117.3043550039215      
1           -1.3980144597053374      
3           -12.582130137348038      
7           -1059.8323349563052      
2           -5.5920578388213498      
3           -374.75080940499936      
7           -1211.3439335659143      
3           -16.566955471914198      
1           -1.3980144597053374      
4           -47.64567235443478       
6           -62.957046125345734      
5           -325.42185051297304      
3           -398.69055578548694      
1           -1.3980144597053374      
1           -1.3980144597053374      
5           -1165.0612853249747      
6           -765.88233853353051      
0           0                        
3           -12.582130137348038      
5           -803.24463463781694      
1           -1.3980144597053374      
1           -1.3980144597053374      
9           -1082.1281778212124      
6           -651.40945837858965      
6           -197.55214547723705      
4           -195.1501172595429       
6           -334.94129378058415      
3           -12.582130137348038      
3           -12.582130137348038      
5           -525.18478774445646      
3           -12.582130137348038      
3           -101.82203081818022      
4           -431.27749460144327      
0           0                        
9           -1965.0979887724079      
5           -851.61931468104058      
0           0                        
8           -2664.914833082792       
1           -1.3980144597053374      
5           -645.2737041541892       
3           -29.891817582959213      
2           -5.5920578388213498      
3           -31.449170275858272      
5           -74.495897882001373      
7           -2311.0816255161244      
2           -5.5920578388213498      
6           -818.83125697678611      
3           -47.858236349101908      
2           -5.5920578388213498      
2           -5.5920578388213498      
3           -18.244693873664577      
4           -415.64575670290083      
5           -1527.2890725749978      
5           -55.010006244051191      
2           -5.5920578388213498      
5           -92.252838326647691      
8           -2568.508208298811       
1           -1.3980144597053374      
3           -338.61524825259562      
11          -922.10935655745789      
5           -211.51343197024897      
4           -136.95427289171349      
3           -14.052677152355745      
6           -607.55399605234493      
0           0                        
5           -551.12285209479376      
2           -5.5920578388213498      
2           -448.38557537217832      
4           -23.753236707939315      
2           -281.15289024130055      
5           -1343.130989585351       
4           -22.368231355285399      
6           -1032.9710692946185      
2           -37.807959958426459      
6           -546.43111594474522      
1           -1.3980144597053374      
2           -5.5920578388213498      
2           -5.5920578388213498      
3           -12.582130137348038      
6           -167.43809448329986      
