390 1 -3725 35 35 35
9           -1393.3718314433374      
3           -12.799395642727369      
2           -200.82403974755525      
1           -1.4221550714141524      
1           -1.4221550714141524      
5           -632.41640839980141      
5           -566.36258715312783      
5           -54.756024323746054      
6           -868.07629836923695      
4           -45.853091073980288      
3           -653.86272287966369      
3           -758.34399103175929      
1           -1.4221550714141524      
4           -361.8338875354865       
5           -460.85389252979473      
1           -1.4221550714141524      
4           -499.02595552234442      
5           -2060.2541605471856      
3           -12.799395642727369      
2           -11.795511696233032      
2           -5.6886202856566097      
2           -5.6886202856566097      
1           -1.4221550714141524      
1           -1.4221550714141524      
3           -14.27847541860443       
1           -1.4221550714141524      
6           -1921.9894410034115      
1           -1.4221550714141524      
1           -1.4221550714141524      
9           -1129.1890775468451      
3           -94.52814180735362       
3           -12.799395642727369      
3           -12.799395642727369      
2           -5.6886202856566097      
9           -1991.0435213490655      
2           -5.6886202856566097      
4           -381.4939512938783       
5           -651.02543444803666      
1           -1.4221550714141524      
3           -112.70400187293515      
3           -13.938639340533948      
2           -7.6637475589669517      
4           -22.754481142626439      
0           0                        
10          -630.07699934784102      
2           -5.6886202856566097      
5           -1207.9290346238502      
3           -1410.3478356664507      
3           -35.199609852366109      
2           -5.6886202856566097      
1           -1.4221550714141524      
6           -1128.4050712480318      
4           -226.97397183797889      
5           -36.534044531321868      
1           -1.4221550714141524      
4           -22.754481142626439      
5           -402.3542682421396       
5           -444.97818377264218      
3           -12.799395642727369      
2           -5.6886202856566097      
6           -1290.3654050059108      
5           -324.58360158948187      
3           -12.799395642727369      
3           -364.92933656003709      
2           -5.6886202856566097      
4           -70.108619874333186      
6           -753.10357215322483      
2           -322.23251684769895      
3           -12.799395642727369      
2           -5.6886202856566097      
4           -22.754481142626439      
3           -12.799395642727369      
5           -35.553876785353808      
5           -141.16170736915024      
9           -1046.1159181778137      
6           -156.92006699342357      
6           -460.4755971729727       
3           -105.54973972888729      
3           -22.543987194259163      
4           -771.44188337481125      
3           -897.50297175283083      
3           -1091.9445766254705      
2           -5.6886202856566097      
1           -1.4221550714141524      
1           -1.4221550714141524      
0           0                        
3           -139.76992975338612      
5           -277.06279347644227      
3           -20.443238836690323      
4           -100.19638674752693      
2           -5.6886202856566097      
5           -958.24199674952945      
2           -5.6886202856566097      
3           -12.799395642727369      
6           -283.71899095463471      
9           -1972.0195585172892      
3           -12.799395642727369      
4           -22.754481142626439      
2           -186.43968518804698      
2           -5.6886202856566097      
5           -35.553876785353808      
