390 1 -3725 35 35 35
0           0                        
3           -406.16776580450761      
5           -895.59694333709501      
2           -5.7663389823942781      
6           -1397.4998699853093      
5           -361.3460355035985       
5           -216.66787068777529      
7           -2049.0783412960709      
2           -5.7663389823942781      
3           -954.17544342567817      
3           -15.233819127882249      
6           -3284.8917317853316      
3           -320.89151072694824      
4           -557.00804030005963      
6           -432.82039597656006      
5           -904.30582859404342      
4           -23.065355929577112      
2           -5.7663389823942781      
3           -12.974262710387126      
4           -1108.1360599608756      
5           -1612.4839904530502      
0           0                        
7           -736.7696314270695       
5           -1170.5597362004289      
2           -5.7663389823942781      
4           -23.065355929577112      
5           -907.15938517510779      
7           -147.37826931711382      
4           -76.64032510472309       
7           -1899.7222950936898      
3           -12.974262710387126      
9           -3525.8075968935032      
4           -1975.049185366385       
3           -12.974262710387126      
3           -12.974262710387126      
3           -804.393930909711        
3           -13.965992709069599      
2           -5.7663389823942781      
5           -622.28007880910013      
2           -406.1216124612119       
4           -23.065355929577112      
2           -5.7663389823942781      
5           -61.492026680034655      
5           -202.08501551495587      
2           -5.7663389823942781      
1           -1.4415847455985695      
3           -28.189027708191965      
4           -23.065355929577112      
6           -784.16479152068598      
1           -1.4415847455985695      
0           0                        
4           -23.065355929577112      
2           -5.7663389823942781      
6           -638.51858118133123      
5           -954.40002364067379      
8           -909.36132563416788      
1           -1.4415847455985695      
3           -12.974262710387126      
5           -45.55273208587024       
3           -913.2927718062117       
4           -425.39205624682143      
6           -281.10945464772902      
6           -125.44454819444616      
8           -4287.0020512494712      
3           -12.974262710387126      
4           -46.112474870038724      
7           -1835.546911499506       
4           -93.870044685751338      
2           -5.7663389823942781      
1           -1.4415847455985695      
2           -17.720287602493681      
1           -1.4415847455985695      
5           -43.404846838406087      
2           -5.7663389823942781      
9           -2689.0901131700562      
3           -12.974262710387126      
5           -735.31192021731181      
2           -5.7663389823942781      
6           -1802.8903338626749      
10          -2751.5985115216722      
2           -5.7663389823942781      
7           -576.20904429883933      
4           -23.065355929577112      
3           -932.25878723631638      
2           -5.7663389823942781      
1           -1.4415847455985695      
3           -12.974262710387126      
3           -722.23022639551868      
6           -1698.6205770571598      
4           -23.065355929577112      
10          -1762.3860299241837      
6           -293.19618535363338      
4           -336.75891273314312      
0           0                        
0           0                        
1           -1.4415847455985695      
5           -64.143336075268593      
3           -12.974262710387126      
2           -5.7663389823942781      
6           -2478.7159301425781      
14          -3836.541943086434       
