390 1 -3725 35 35 35
7           -862.59023434581115      
6           -424.42684470737856      
3           -12.582130137348038      
5           -565.83877213399171      
6           -651.21450949647419      
3           -1247.5081438998941      
7           -1156.0467259149218      
2           -5.5920578388213498      
2           -6.3229772430722946      
2           -5.5920578388213498      
3           -12.582130137348038      
9           -1889.1806932589698      
0           0                        
5           -34.950361492633441      
3           -14.543416376358234      
3           -12.582130137348038      
1           -1.3980144597053374      
6           -1343.60877757258        
3           -120.21964257533045      
6           -187.84469477491498      
4           -22.368231355285399      
3           -12.582130137348038      
4           -22.368231355285399      
8           -1009.3110116958358      
10          -2792.040871445326       
8           -241.45601559550755      
5           -115.49151546029813      
2           -54.894213879882315      
2           -5.5920578388213498      
7           -2315.4291213608212      
3           -386.7180273484384       
5           -57.650188861044889      
9           -1618.8686676879518      
4           -22.368231355285399      
2           -5.5920578388213498      
3           -259.2120098602781       
1           -1.3980144597053374      
5           -325.58560660972364      
4           -27.842834531829922      
6           -154.00676028377896      
2           -5.5920578388213498      
11          -3779.3991368543707      
3           -402.47449210863721      
2           -770.03776228600441      
1           -1.3980144597053374      
5           -35.845217376578056      
3           -44.022641517979601      
6           -1737.691655661391       
2           -5.5920578388213498      
3           -574.0226661129816       
6           -123.30183567135403      
6           -1468.7219515234774      
1           -1.3980144597053374      
6           -2232.258321155085       
6           -1522.1293575801185      
3           -12.582130137348038      
4           -367.27620753083158      
7           -1012.7994245545083      
3           -123.23828342192638      
8           -2364.1567212788905      
7           -775.38693707693994      
5           -1360.4205827344854      
2           -5.5920578388213498      
2           -5.5920578388213498      
4           -460.47455461863603      
3           -42.718633948236281      
8           -720.49396177040262      
7           -1302.6672102372117      
2           -5.5920578388213498      
7           -283.88412850682039      
4           -1002.4631982935009      
6           -1174.0140092282684      
3           -12.582130137348038      
5           -2529.6078823852308      
5           -117.2158899407641       
3           -50.599707354788784      
6           -51.209182360447556      
1           -1.3980144597053374      
3           -12.582130137348038      
6           -1011.2087527632179      
4           -405.74745158903818      
2           -5.5920578388213498      
1           -1.3980144597053374      
3           -183.27137659719978      
4           -305.31149502825855      
2           -820.01900932493959      
3           -12.582130137348038      
6           -467.93987047515122      
3           -505.9142563827578       
2           -5.5920578388213498      
4           -38.013382836051022      
3           -599.06970468421287      
3           -875.76801320643699      
6           -255.92344647680537      
4           -22.368231355285399      
8           -680.37754222532146      
0           0                        
3           -13.37438807614828       
6           -1662.0215979225291      
6           -1940.9496280996586      
2           -5.5920578388213498      
