390 1 -3725 35 35 35
5           -13.6531847203377        
4           -60.474810425231723      
1           -0.54612738881350809     
3           -187.04258476469357      
5           -65.156405316458574      
7           -1490.0018158685891      
4           -18.011711603504406      
2           -2.1845095552540323      
3           -4.9151464993215725      
7           -569.26104734889157      
1           -0.54612738881350809     
3           -12.044751087186775      
3           -45.110131200496788      
4           -26.613324008648203      
6           -123.89682671017339      
2           -2.1845095552540323      
3           -4.9151464993215725      
5           -270.65210724973673      
4           -250.84822998672578      
5           -21.589050911536305      
5           -465.55597158478628      
1           -0.54612738881350809     
1           -0.54612738881350809     
3           -4.9151464993215725      
1           -0.54612738881350809     
3           -38.832636026106968      
5           -254.98160177735303      
2           -2.1845095552540323      
6           -141.08519055911276      
4           -8.7380382210161294      
6           -53.162188321986299      
8           -531.709530505928        
5           -343.44936007543441      
0           0                        
4           -8.7380382210161294      
6           -44.943372182902387      
7           -578.10181103859168      
7           -1977.9565743196752      
2           -2.1845095552540323      
2           -2.1845095552540323      
8           -1502.4777175736697      
3           -10.957349493726312      
4           -8.7380382210161294      
4           -34.885950883989793      
9           -639.62031148701033      
3           -8.2133224684611115      
4           -141.13346034443268      
8           -1355.1634227455579      
2           -2.1845095552540323      
1           -0.54612738881350809     
5           -543.94163390079598      
2           -2.1845095552540323      
2           -2.1845095552540323      
3           -10.435721054046617      
0           0                        
6           -1083.8289312991374      
4           -8.7380382210161294      
2           -2.1845095552540323      
2           -87.180674376470535      
2           -2.1845095552540323      
1           -0.54612738881350809     
5           -83.368316071031842      
0           0                        
7           -282.89600355548993      
4           -239.01493239294615      
1           -0.54612738881350809     
5           -78.115309487419225      
4           -9.6265089615708472      
4           -501.48869953544107      
5           -317.49465424260387      
6           -169.39903168964625      
8           -679.31811563012741      
3           -484.19788911431385      
8           -606.17112123560332      
3           -4.9151464993215725      
1           -0.54612738881350809     
3           -20.233995546501912      
2           -2.1845095552540323      
2           -21.249810738418539      
3           -647.36825250477216      
5           -652.0836990312655       
5           -58.155072928139703      
4           -8.7380382210161294      
5           -32.99946083856544       
3           -4.9151464993215725      
6           -19.66058599728629       
4           -149.64399810984602      
5           -508.58230151501147      
1           -0.54612738881350809     
5           -44.125974845208972      
3           -4.9151464993215725      
4           -62.07144171456423       
1           -0.54612738881350809     
3           -7.0681965770942181      
3           -4.9151464993215725      
2           -172.90874543206681      
2           -2.1845095552540323      
3           -23.987722854391262      
5           -263.95784477353624      
2           -2.1845095552540323      
7           -607.45775978963286      
