390 1 -3725 35 35 35
7           -377.74151444201021      
3           -75.903115918392785      
8           -926.6032139653023       
0           0                        
2           -2.2512045114487211      
3           -5.0652101507596221      
2           -2.2512045114487211      
5           -16.073897726540931      
4           -9.0048180457948845      
3           -5.0652101507596221      
2           -2.2512045114487211      
5           -188.4746499477294       
4           -32.480122551425666      
6           -643.35797268781812      
4           -61.918834883726888      
4           -41.587313237287134      
7           -440.92729546606643      
1           -0.56280112786218028     
6           -119.7573989048944       
2           -2.2512045114487211      
3           -5.0652101507596221      
3           -145.81406837376812      
3           -231.93966861022332      
2           -2.2512045114487211      
1           -0.56280112786218028     
4           -169.0101687285173       
4           -9.0048180457948845      
2           -7.8489283665448966      
3           -5.0652101507596221      
4           -19.531986641540634      
4           -121.62017295815846      
1           -0.56280112786218028     
5           -38.963232497959282      
8           -722.07052518269052      
2           -2.2512045114487211      
10          -491.27203387632369      
3           -5.0652101507596221      
6           -70.29061827468864       
2           -2.2512045114487211      
5           -35.31029486663148       
2           -2.2512045114487211      
5           -14.070028196554507      
4           -61.845956391586562      
4           -26.634981309637688      
3           -5.0652101507596221      
2           -2.2512045114487211      
6           -60.569660950497067      
1           -0.56280112786218028     
3           -5.0652101507596221      
2           -2.2512045114487211      
3           -5.0652101507596221      
6           -71.454823543293116      
1           -0.56280112786218028     
4           -105.3435212770901       
5           -251.37268556663389      
2           -44.841318211496869      
1           -0.56280112786218028     
6           -94.209737335229832      
2           -2.2512045114487211      
0           0                        
5           -74.204201128303438      
5           -140.33928975764869      
4           -9.0048180457948845      
3           -5.0652101507596221      
2           -2.2512045114487211      
5           -82.898492106959097      
2           -215.91563182078684      
1           -0.56280112786218028     
7           -469.72399716930425      
5           -141.5622481857134       
4           -15.349586909524819      
5           -523.38168772264487      
0           0                        
3           -5.0652101507596221      
4           -346.44425568358122      
3           -5.0652101507596221      
5           -912.32695273653121      
4           -25.734455219138603      
7           -540.97354626253684      
1           -0.56280112786218028     
6           -66.875395132886652      
6           -644.15111100865033      
8           -661.12258983004961      
6           -287.37543313292861      
0           0                        
2           -2.2512045114487211      
1           -0.56280112786218028     
3           -10.06019990104588       
1           -0.56280112786218028     
5           -417.10532285950666      
2           -2.2512045114487211      
3           -7.0151359488596672      
4           -267.2947534553353       
5           -500.64645622806972      
2           -2.2512045114487211      
2           -2.2512045114487211      
2           -2.2512045114487211      
2           -19.041448393108624      
6           -20.260840603038488      
1           -0.56280112786218028     
2           -43.315295243912125      
