390 1 -3725 35 35 35
2           -2.1845095552540323      
3           -4.9151464993215725      
4           -282.03095873560125      
9           -736.04220857250004      
8           -507.96595803066373      
5           -31.350653822425862      
5           -252.89558445021177      
8           -621.73113169189958      
6           -287.45370649880942      
2           -2.1845095552540323      
4           -127.25134534005446      
6           -235.05251531687892      
1           -0.54612738881350809     
1           -0.54612738881350809     
6           -493.07486549941927      
8           -673.68875968466261      
5           -59.769233908202189      
2           -2.1845095552540323      
4           -31.735131326381598      
5           -144.25122838059306      
4           -8.7380382210161294      
6           -103.5642836551385       
3           -4.9151464993215725      
3           -4.9151464993215725      
1           -0.54612738881350809     
6           -350.76317152816853      
4           -126.35534151058667      
2           -2.1845095552540323      
5           -46.479473509104402      
6           -50.140160747953672      
6           -480.03557991145431      
3           -10.639498464608655      
4           -375.85870147343405      
5           -56.541343591125717      
5           -86.885588700780303      
1           -0.54612738881350809     
1           -0.54612738881350809     
5           53.080485952812715       
5           -62.610850297764358      
5           -550.24921344039126      
5           -134.2882708393563       
2           -9.019391281353851       
2           -2.1845095552540323      
4           -8.7380382210161294      
6           -307.04587614163268      
5           -91.679254504662509      
3           -4.9151464993215725      
3           -12.778262682084122      
5           -22.986191223547529      
5           -13.6531847203377        
2           -6.9151294495477424      
0           0                        
2           -2.1845095552540323      
2           -2.1845095552540323      
2           -2.1845095552540323      
4           -52.905651248599256      
5           -530.06936807737213      
3           -4.9151464993215725      
6           -655.04759851654717      
5           -534.75428134517051      
1           -0.54612738881350809     
6           -621.14176136528727      
3           -4.9151464993215725      
3           -4.9151464993215725      
1           -0.54612738881350809     
9           -446.73731818374239      
4           -142.36315887909217      
5           -13.6531847203377        
5           -13.6531847203377        
2           -2.1845095552540323      
2           -2.1845095552540323      
5           -765.96460153330838      
4           -69.209158804568091      
6           -59.898003774707327      
6           -146.52089346834492      
7           -133.60034175997208      
3           -28.990588391565353      
2           -2.1845095552540323      
6           -495.60918783064574      
8           -217.94593483834598      
1           -0.54612738881350809     
3           -187.90164290226892      
1           -0.54612738881350809     
5           -244.74384127428243      
1           -0.54612738881350809     
5           -176.82243845653048      
5           -999.69139593928446      
7           -534.10623963082639      
3           -4.9151464993215725      
3           -4.9151464993215725      
2           -2.1845095552540323      
3           -36.17309552838168       
0           0                        
3           -4.9151464993215725      
4           -8.7380382210161294      
1           -0.54612738881350809     
2           -8.2268735188056539      
3           -422.41882522503835      
3           -4.9151464993215725      
7           -298.99861253120599      
4           -9.7640579142625903      
