390 1 -3725 35 35 35
5           -57.53966554940834       
0           0                        
7           -535.96105593537413      
1           -0.56280112786218028     
2           -2.2512045114487211      
0           0                        
5           -527.07566321112893      
1           -0.56280112786218028     
2           -2.2512045114487211      
1           -0.56280112786218028     
4           -42.581212853711264      
5           -68.837707995484706      
3           -5.0652101507596221      
4           -477.07413879377327      
2           -2.2512045114487211      
2           -2.2512045114487211      
2           -2.2512045114487211      
6           -315.27971429358257      
4           -95.701098867897002      
3           -5.0652101507596221      
6           -493.04598718926547      
1           -0.56280112786218028     
4           -99.891664431775808      
1           -0.56280112786218028     
4           -9.0048180457948845      
5           -713.99341910744795      
2           -2.2512045114487211      
1           -0.56280112786218028     
2           -2.2512045114487211      
3           -181.26661775518932      
2           -253.85663515397167      
3           -5.0652101507596221      
4           -11.217131894507324      
6           -124.25635517136351      
3           -5.0652101507596221      
5           -401.05490455110305      
3           -32.215374331063941      
2           -2.2512045114487211      
5           -38.062372868208222      
5           -56.491724514687334      
1           -0.56280112786218028     
4           -57.28751538598771       
4           -34.072009806066291      
3           -5.0652101507596221      
6           -246.81973085367156      
6           -121.2878608342411       
4           -189.35576857588168      
4           -17.543099430923647      
3           -5.0652101507596221      
6           -399.51223543830798      
3           -100.08961906137525      
8           -743.54562336425522      
6           -186.26333484591493      
7           -32.259688363316371      
2           -2.2512045114487211      
3           -9.9559703999443627      
4           -292.02298190500665      
6           -521.68699681229634      
1           -0.56280112786218028     
1           -0.56280112786218028     
4           -10.614912200797894      
6           -152.6289167049506       
2           -2.2512045114487211      
5           -610.65137682265492      
11          -1658.3033853826007      
4           -24.96879473534359       
2           -2.2512045114487211      
4           -9.0048180457948845      
4           -283.5108229437177       
2           -2.2512045114487211      
1           -0.56280112786218028     
1           -0.56280112786218028     
1           -0.56280112786218028     
3           -5.0652101507596221      
2           -2.2512045114487211      
1           -0.56280112786218028     
7           -286.6604947292189       
5           -552.51900468459837      
3           -5.0652101507596221      
2           -2.2512045114487211      
4           -43.544265191048247      
9           -1224.4192703831336      
0           0                        
5           -19.154958475025225      
6           -87.364912349947957      
1           -0.56280112786218028     
9           -124.77466385939279      
4           -13.258301717230591      
5           -101.16220361388989      
2           -2.2512045114487211      
5           -176.16950332104227      
9           -594.14827558451918      
3           -72.763840001199         
2           -2.2512045114487211      
4           -335.02124333929123      
2           -2.2512045114487211      
4           -69.709886464989424      
4           -67.394997395516697      
6           -370.10308364674228      
3           -475.13361775034684      
5           -14.070028196554507      
