390 1 -3725 35 35 35
6           -408.98657336451481      
1           -1.4221550714141524      
5           -1493.0250129791682      
4           -25.195059792578327      
6           -1299.5894841606962      
1           -1.4221550714141524      
1           -1.4221550714141524      
4           -24.83099063271014       
5           -35.553876785353808      
6           -677.10308088596582      
1           -1.4221550714141524      
4           -1063.4286207952714      
5           -60.580049683810458      
4           -63.558335004057227      
6           -1629.1151126912912      
1           -1.4221550714141524      
6           -2869.0186939390805      
4           -22.754481142626439      
1           -1.4221550714141524      
3           -986.54285263119618      
1           -1.4221550714141524      
8           -1279.7221944860141      
3           -12.799395642727369      
5           -1401.9924822481285      
3           -12.799395642727369      
6           -52.073638995100048      
3           -709.5055770614789       
3           -790.13259436210933      
3           -12.799395642727369      
4           -22.754481142626439      
5           -634.65466185424168      
3           -1173.9598821519235      
2           -221.83514214341125      
6           -600.24363226835339      
1           -1.4221550714141524      
1           -1.4221550714141524      
6           -521.56968971181618      
1           -1.4221550714141524      
5           -294.17688359427478      
4           -58.098691964489028      
5           -516.76712065086633      
3           -12.799395642727369      
0           0                        
3           -51.013666332508585      
7           -1540.2058604753508      
3           -188.4740370155871       
5           -35.553876785353808      
2           -37.627470884822436      
3           -12.799395642727369      
5           -123.97085229419157      
4           -56.620323789058411      
5           -35.553876785353808      
5           -507.19007776662403      
1           -1.4221550714141524      
3           -12.799395642727369      
4           -22.754481142626439      
2           -52.871152922133291      
9           -1709.0350469233267      
7           -1031.4410533710641      
5           -102.79929392044534      
4           -353.96353797373001      
4           -584.72497284597603      
3           -12.799395642727369      
1           -1.4221550714141524      
2           -9.2374708717865133      
1           -1.4221550714141524      
6           -1809.0636086095194      
2           -11.886424856450649      
1           -1.4221550714141524      
2           -5.6886202856566097      
3           -12.799395642727369      
1           -1.4221550714141524      
2           -5.6886202856566097      
5           -151.75685473403968      
4           -72.374647630996037      
1           -1.4221550714141524      
8           -1106.2666915873763      
5           -683.03184933100943      
2           395.54140134760206       
4           -22.754481142626439      
7           -1210.6545369022051      
3           -31.745070714395212      
3           -12.799395642727369      
7           -2562.7294168351         
4           -22.754481142626439      
4           -780.02552617955416      
2           -5.6886202856566097      
6           -1632.4887782029277      
2           -5.6886202856566097      
5           -859.52508887284353      
4           -114.49511839461564      
3           -25.430313404809205      
6           -386.74049032313201      
4           -32.467719951740463      
6           -512.23449086344658      
5           -41.131177880679168      
3           -682.87561851555233      
3           -12.799395642727369      
2           -5.6886202856566097      
5           -443.24615882661232      
2           -5.6886202856566097      
