390 1 -3725 35 35 35
3           -22.708357754409089      
4           -194.65720792623327      
5           -813.87187898688489      
2           -2.2512045114487211      
7           -997.47647458028064      
0           0                        
3           -5.0652101507596221      
3           -83.366600651410522      
6           -171.46054726941378      
2           -2.2512045114487211      
4           -78.80303404436458       
4           -104.24801426161844      
7           -235.61039916805831      
3           -5.0652101507596221      
1           -0.56280112786218028     
4           -326.71334279605469      
4           -272.64590460826452      
4           -11.584864729002913      
2           -2.2512045114487211      
5           -203.15000454141807      
2           -2.2512045114487211      
6           -117.91138121477942      
6           -1165.4138803885237      
8           -413.41783754469645      
6           -536.43344961584887      
8           -2031.9958872426826      
5           -241.43483646389052      
10          -1104.3744028213723      
4           -45.162134556458312      
0           0                        
3           -101.22215101534033      
2           -2.2512045114487211      
4           -9.0048180457948845      
9           -729.78603342214694      
5           -183.79278549412965      
4           -24.671304885237852      
4           -19.090589331082725      
6           -566.70455528281832      
11          -353.49629320138479      
5           -14.070028196554507      
6           -1223.2989813124452      
2           -20.815375488653821      
2           -2.2512045114487211      
2           -2.2512045114487211      
5           -88.726180743310849      
14          -2092.9016057580611      
7           -1243.3044214750751      
6           -142.70117816978393      
2           -2.2512045114487211      
1           -0.56280112786218028     
1           -0.56280112786218028     
7           -887.75686533522617      
3           -44.574761159606041      
4           -295.00695402537906      
11          -2131.8584878072948      
5           -63.116416045406268      
7           -180.33407083604709      
5           -151.07219335237068      
5           -529.85251497121624      
8           -490.05333067318679      
6           -33.018368886767767      
3           -5.0652101507596221      
5           -28.635737464464647      
5           -329.56103527456241      
4           -60.845747391900765      
3           -266.47922208204051      
6           -228.29692988609526      
2           -2.2512045114487211      
2           -6.285649012248788       
4           -9.0048180457948845      
6           309.31975626069396       
3           -5.0652101507596221      
3           -5.0652101507596221      
6           -153.55790514581946      
8           -783.40286344621074      
2           -2.2512045114487211      
1           -0.56280112786218028     
0           0                        
2           -37.712396456305569      
3           -61.096082448554867      
4           -9.0048180457948845      
4           -23.627207827960074      
5           -179.45209561233759      
1           -0.56280112786218028     
7           -171.62897443106857      
7           -156.55885946299421      
3           -157.57744687579989      
3           -5.0652101507596221      
4           -13.596108243473488      
7           -179.74535492413392      
2           -137.49688141706071      
1           -0.56280112786218028     
3           -5.0652101507596221      
7           -332.08741517445765      
8           -706.8620665258195       
2           -114.39919926784273      
10          -443.64897132641437      
2           -2.2512045114487211      
6           -307.99947618656455      
2           -2.2512045114487211      
2           -2.2512045114487211      
