390 1 -3725 35 35 35
5           -365.12605705093688      
4           -892.47191552864854      
8           -1173.6002023725525      
4           -23.065355929577112      
1           -1.4415847455985695      
1           -1.4415847455985695      
10          -2114.241605723641       
4           -706.28633215435332      
3           -12.974262710387126      
7           -856.2906539525718       
1           -1.4415847455985695      
4           -31.064069205429149      
4           -176.25778434005952      
6           -231.72917254571058      
1           -1.4415847455985695      
8           -890.67884440812247      
4           -23.065355929577112      
2           -5.7663389823942781      
5           -390.89824818187782      
3           -19.529716975691304      
1           -1.4415847455985695      
2           -5.7663389823942781      
1           -1.4415847455985695      
1           -1.4415847455985695      
1           -1.4415847455985695      
4           -55.119278789142683      
3           -12.974262710387126      
10          -1403.5264978840901      
5           -529.56517278576746      
5           -44.585231010040715      
0           0                        
4           -153.77039701077339      
3           -12.974262710387126      
3           -12.974262710387126      
4           -328.81976571882001      
1           -1.4415847455985695      
3           -758.66186440890442      
5           -261.9515889723308       
3           -12.974262710387126      
3           -12.974262710387126      
9           -3609.7223639727508      
6           -204.95677303045574      
5           -935.63283606526466      
2           -5.7663389823942781      
5           -306.44421116858183      
4           -289.27605281482533      
1           -1.4415847455985695      
7           -1876.997401785314       
6           -239.98104027389212      
4           -88.137230711525689      
2           -5.7663389823942781      
4           -32.966228752061397      
3           -762.56513632518727      
8           -956.3125328897612       
5           -208.2363766960847       
4           -23.065355929577112      
8           -1459.5312784259886      
5           -75.201247877782322      
3           -12.974262710387126      
8           -879.22755731165216      
1           -1.4415847455985695      
8           -1725.2524328711143      
2           -5.7663389823942781      
4           -75.9524177703764        
2           -5.7663389823942781      
1           -1.4415847455985695      
0           0                        
6           -434.83002980089515      
5           -49.578452078951955      
2           -5.7663389823942781      
6           -668.29512701301087      
3           -600.10457269856738      
1           -1.4415847455985695      
3           -55.078446122268971      
4           -84.048262197711779      
3           -186.52280221045615      
3           -264.39967982811635      
5           -599.852085060695        
9           -932.17947314511332      
2           -5.7663389823942781      
5           -1728.2023286139906      
6           -1204.8182045814463      
4           -440.63321869612531      
6           -827.87153403818445      
3           -12.974262710387126      
4           -311.12868082291453      
3           -35.86473731530684       
1           -1.4415847455985695      
3           -12.974262710387126      
2           -5.7663389823942781      
7           -500.66790154482436      
4           -806.077710590621        
8           -5028.1612707019349      
5           -37.096175830427818      
3           -14.977807200893203      
4           -243.49477559264156      
4           -24.402734901595871      
5           -68.739378589968496      
3           -603.61205628115056      
3           -12.974262710387126      
3           -169.80257897248512      
