390 1 -3725 35 35 35
1           -0.56280112786218028     
4           -10.593278930990907      
2           -2.2512045114487211      
5           -17.813325624853107      
4           -9.0048180457948845      
8           -834.86680462623519      
6           -352.20263903649504      
2           -2.2512045114487211      
4           -212.36623837866017      
3           -5.0652101507596221      
4           -183.86884003386476      
3           -5.0652101507596221      
2           -2.2512045114487211      
7           -432.18051817576196      
5           -44.48918016871496       
6           -515.52732889455899      
2           -2.2512045114487211      
9           -703.10165462038856      
2           -2.2512045114487211      
2           -2.2512045114487211      
5           -109.05953966287932      
2           -2.2512045114487211      
2           -3.0402363145775517      
2           -2.2512045114487211      
2           -20.010362685144216      
5           -78.273586606606514      
3           -6.8727648076437875      
4           -14.010331705145418      
2           -3.0298077436021398      
3           -5.0652101507596221      
6           -205.8801622169226       
1           -0.56280112786218028     
2           -2.2512045114487211      
9           -1224.4744233727649      
11          -445.81526919776877      
0           0                        
6           -393.73196611171863      
3           -124.25719355731343      
2           -2.2512045114487211      
5           -22.437720400080501      
6           -109.9488721726852       
6           -47.916723132219801      
3           -5.0652101507596221      
1           -0.56280112786218028     
7           -54.839526063842577      
10          -1333.5079484633438      
4           -225.67390409937019      
4           -73.046869975621661      
3           -11.582431367082538      
1           -0.56280112786218028     
5           -19.730773480619035      
6           -720.17335427390037      
2           -2.2512045114487211      
3           -5.0652101507596221      
3           -305.64358438461448      
3           -23.399679319225342      
0           0                        
6           -86.889238818858374      
3           -5.0652101507596221      
3           -8.1758400796227555      
4           -9.0048180457948845      
3           -5.0652101507596221      
2           -2.2512045114487211      
4           -22.770434464115301      
4           -9.0048180457948845      
4           -233.54129962201935      
8           -1260.3910052402844      
5           -32.90819077706891       
4           -19.652874674723719      
2           -2.2512045114487211      
0           0                        
2           -3.0276701173917782      
6           -43.484760081588725      
2           -2.2512045114487211      
2           -2.2512045114487211      
5           -14.070028196554507      
2           -2.2512045114487211      
3           -5.0652101507596221      
2           -2.2512045114487211      
4           -52.12736516378898       
2           -2.2512045114487211      
5           -48.274982722036853      
5           -16.429759047482445      
0           0                        
2           -7.1916237786624677      
3           -23.82914436849514       
3           -5.0652101507596221      
7           -117.55047366216206      
1           -0.56280112786218028     
3           -150.99902152937935      
11          -419.85764615498147      
4           -9.7280512057787671      
6           -202.77578486958345      
0           0                        
4           -286.03530672942952      
3           -5.0652101507596221      
8           -817.23299667816525      
1           -0.56280112786218028     
5           -101.75908003060934      
3           -433.71748702879376      
0           0                        
