390 1 -3725 35 35 35
6           -307.55905930870858      
3           -12.799395642727369      
4           -619.5627319218795       
2           -5.6886202856566097      
6           -2589.3050378877615      
6           -1130.4330730878194      
4           -819.26359262048572      
5           -36.765420742452932      
5           -74.473669262681085      
6           -512.31027406827627      
7           -619.32822636776632      
5           -147.98543796195852      
8           -1499.2708468108426      
2           -5.6886202856566097      
2           -5.6886202856566097      
4           -24.89681064778279       
4           -289.78566985454319      
3           -12.799395642727369      
6           -987.38124967329702      
6           -267.44111820298031      
4           -22.754481142626439      
2           -56.769807890926842      
5           -276.44452294216086      
5           -714.22545358400498      
7           -1869.2439155518514      
1           -1.4221550714141524      
1           -1.4221550714141524      
3           -12.799395642727369      
2           -5.6886202856566097      
4           -22.754481142626439      
4           -23.714374700669989      
4           -24.024353775406297      
4           -23.786484172602719      
2           -5.6886202856566097      
10          -2785.8395871675912      
2           -197.32262640736781      
4           -1748.607751569094       
2           -5.6886202856566097      
2           -5.6886202856566097      
2           -5.6886202856566097      
5           -1031.2231223232452      
2           -5.6886202856566097      
2           -5.6886202856566097      
1           -1.4221550714141524      
1           -1.4221550714141524      
7           -629.04345992622325      
3           -12.799395642727369      
1           -1.4221550714141524      
4           -22.754481142626439      
5           -1603.442875580067       
1           -1.4221550714141524      
7           -352.21686981924859      
0           0                        
3           -712.49752345692195      
5           -1182.0083256598625      
2           -5.6886202856566097      
2           -5.6886202856566097      
2           -6.6424633352644307      
4           -53.578563656158622      
5           -366.45448537729078      
4           -61.933019409070987      
4           -530.81521575363445      
6           -360.43596251900328      
4           -22.754481142626439      
1           -1.4221550714141524      
6           -679.96186187463547      
5           -181.85748698891001      
3           -372.02974489783116      
2           -9.7569114927120104      
2           -5.6886202856566097      
6           -416.10603798613818      
3           -60.550639157948538      
1           -1.4221550714141524      
1           -1.4221550714141524      
4           -69.682811464578663      
3           -23.82097413456869       
3           -12.799395642727369      
3           -451.77224625941778      
5           -544.8397687470349       
3           -12.799395642727369      
5           -842.35052901507493      
3           -39.888720803082109      
1           -1.4221550714141524      
5           -64.341230084585348      
2           -5.6886202856566097      
4           -24.479656019089568      
2           -5.6886202856566097      
5           -655.13545676204035      
5           -304.25359308327654      
1           -1.4221550714141524      
2           -5.6886202856566097      
7           -1528.6338794697413      
5           -695.87761561227626      
4           -22.754481142626439      
5           -875.92931036677248      
3           -12.799395642727369      
3           -159.05541855681633      
4           -124.8708688547695       
5           -2799.419192167898       
3           -132.23218865704246      
1           -1.4221550714141524      
