390 1 -3725 35 35 35
7           -327.46220684221737      
4           -7.3988571595569184      
4           -6.2726935120150946      
6           -127.78762965779228      
3           -1.8212479750620876      
6           -139.25286086103739      
4           -285.33805386553286      
5           -315.53809935954416      
3           -1.8212479750620876      
3           -1.8212479750620876      
5           -50.21053694856051       
7           -327.91621064479159      
1           -0.20236088611800973     
5           -45.15202771312309       
2           -0.80944354447203892     
2           -0.80944354447203892     
1           -0.20236088611800973     
1           -0.20236088611800973     
2           -0.80944354447203892     
6           -78.598413765506052      
8           -232.32516746635989      
2           -61.755509994840502      
5           -219.6145806250162       
4           -5.3357028837261682      
6           -409.92446064577263      
2           -0.80944354447203892     
4           -78.033572647369425      
6           -416.93443572993471      
10          -245.39274677258678      
5           -53.828980130146427      
2           -0.80944354447203892     
1           -0.20236088611800973     
5           -142.05897891623283      
7           -56.68446811243269       
4           -146.36788183330933      
0           0                        
6           -113.58253442746448      
7           -32.162702633966653      
1           -0.20236088611800973     
3           -8.8534619730547774      
1           -0.20236088611800973     
2           -0.80944354447203892     
4           -40.504259167067104      
5           -102.95521257197296      
3           -1.8212479750620876      
7           -428.5512022925227       
2           -0.80944354447203892     
10          -395.61636510477757      
5           -140.37386546027071      
5           -307.50575299339607      
2           -0.80944354447203892     
6           -152.49732733588996      
3           -3.6545023162341668      
5           -240.3840637301216       
2           -0.80944354447203892     
4           -103.78916091113732      
4           -3.2377741778881557      
5           -17.532616652132763      
3           -42.087575077075932      
6           -111.86921817274873      
2           -0.80944354447203892     
4           -69.174918048216455      
8           -462.94661817149392      
7           -380.0811385467216       
9           -262.60954595232562      
5           -158.17707406140758      
0           0                        
8           -125.04148234538663      
3           -1.8212479750620876      
12          -661.29065914035095      
5           -42.360186630306202      
6           -301.55266983097903      
5           -20.457232242735586      
4           -24.413545844143012      
2           -0.80944354447203892     
5           -31.643006547441907      
5           -12.425870979770144      
3           -1.8212479750620876      
4           -129.32141086080532      
7           -44.107325318780177      
7           -395.78617184801607      
10          -264.70783744719228      
5           -21.960947064514677      
8           -637.60842858446097      
8           -271.18067805228276      
7           -281.73086485612902      
9           -135.78138374736773      
3           -8.9032611880147901      
3           -16.221603653673164      
4           -4.6931342893130807      
2           -0.80944354447203892     
4           -3.2377741778881557      
3           -40.122545962090825      
5           -143.77887061343014      
3           -109.17086343506024      
3           -1.8212479750620876      
0           0                        
7           -54.372292939779854      
9           -224.71148597935314      
7           -126.2076035557686       
5           -35.467785740262656      
