390 1 -3725 35 35 35
4           -20.995803467942352      
2           -2.1845095552540323      
2           -2.1845095552540323      
7           -290.53643650036531      
3           -4.9151464993215725      
5           -227.835078620367        
3           -303.22510224804125      
3           -23.876490591122536      
5           -22.100986999518298      
3           -50.901798646553118      
3           -4.9151464993215725      
3           -4.9151464993215725      
3           -48.194863843724583      
4           -119.75418359316396      
4           -101.59869446848128      
4           -17.581608750467165      
2           -2.1845095552540323      
3           -45.382024216212727      
5           -270.45697013699851      
4           -8.7380382210161294      
3           -4.9151464993215725      
1           -0.54612738881350809     
2           -2.1845095552540323      
4           -15.340003792869497      
6           -351.47531642715614      
3           -4.9151464993215725      
5           -77.872455573622403      
2           -2.1845095552540323      
4           -130.87490633086946      
3           -27.786131041881788      
3           -4.9151464993215725      
3           -4.9151464993215725      
4           -8.7380382210161294      
3           -55.441075030196025      
3           -7.4585896723924057      
3           -284.41250320123754      
5           -55.678713815254689      
7           -386.96103462715365      
4           -9.6717071894818645      
3           -6.5379071781094451      
3           -4.9151464993215725      
3           -376.92471759294841      
4           -11.170697743784636      
4           -187.87222012252906      
6           -704.88772160961412      
1           -0.54612738881350809     
0           0                        
5           -13.6531847203377        
6           -429.38175616535068      
9           -694.43149637578131      
3           -172.38194875060287      
4           -205.88548579339769      
9           -1166.7311591384992      
2           -2.1845095552540323      
2           -2.1845095552540323      
3           -8.0910198742367783      
2           -2.1845095552540323      
3           -97.857137904283292      
4           -8.7380382210161294      
7           -868.21462523789558      
4           -10.410322536288737      
2           -2.1845095552540323      
10          -142.0005503198617       
3           -12.779358839518636      
3           -181.2271694212593       
7           -625.34536498463808      
5           -258.45840241422781      
4           -386.65753052450492      
1           -0.54612738881350809     
4           -8.7380382210161294      
2           -2.1845095552540323      
7           -753.36830674909481      
3           -4.9151464993215725      
3           -4.9151464993215725      
8           -209.08127442860405      
5           -27.508342291527896      
4           -8.7380382210161294      
2           -3.4298196312373816      
6           -428.0789069867028       
3           -9.4052802510665359      
2           -2.1845095552540323      
2           -2.1845095552540323      
1           -0.54612738881350809     
10          -1195.8137100449969      
3           -22.682361292265814      
2           -152.53018137026336      
3           -4.9151464993215725      
4           -8.7380382210161294      
1           -0.54612738881350809     
5           -66.575914364498402      
6           -331.63622167650669      
0           0                        
7           -72.966562078580779      
9           -810.23695906740238      
7           -130.32173572437176      
3           -30.629613800169839      
1           -0.54612738881350809     
0           0                        
2           -2.1845095552540323      
4           -163.47721759708571      
5           -298.89836688660432      
