390 1 -3725 35 35 35
7           -2316.4659061125149      
3           -114.96895157671182      
4           -546.59657960863581      
8           -914.58380296828921      
8           -2886.8239893962705      
4           -22.368231355285399      
0           0                        
4           -757.60764343573874      
4           -22.368231355285399      
3           -12.582130137348038      
1           -1.3980144597053374      
3           -48.40351214750568       
7           -1305.2169999463149      
3           -13.590486816909253      
4           -82.264032907444331      
4           -22.368231355285399      
6           -289.86231730211432      
2           -5.5920578388213498      
2           -5.5920578388213498      
3           -371.66307794951911      
6           -867.96014763273831      
5           -186.12526371844825      
6           -93.807875792910039      
5           -1282.7470561610057      
3           -12.582130137348038      
1           -1.3980144597053374      
3           -12.582130137348038      
3           -70.537015664484443      
8           -2002.3876567892921      
1           -1.3980144597053374      
6           -1622.5734498319998      
1           -1.3980144597053374      
2           -5.5920578388213498      
5           -88.884676801908668      
5           -2360.3565906611866      
4           -602.31629723896299      
1           -1.3980144597053374      
4           -96.399777653333018      
5           -876.38519135236629      
0           0                        
1           -1.3980144597053374      
2           -5.5920578388213498      
0           0                        
3           -12.582130137348038      
3           -44.599337675568542      
3           -134.58097315225473      
5           -619.15882239373263      
1           -1.3980144597053374      
2           -5.5920578388213498      
3           -385.13700265274008      
3           -12.582130137348038      
3           -12.582130137348038      
4           -23.595185408945742      
4           -22.368231355285399      
2           -5.5920578388213498      
6           -2034.3013292169564      
3           -27.053152079661345      
3           -12.582130137348038      
10          -2860.20857275456        
7           -896.31309924998493      
6           -1351.404551745637       
3           -99.21470444546668       
4           -819.74218226392372      
3           -12.582130137348038      
2           -5.5920578388213498      
5           -176.17028075634099      
5           -1028.929273553666       
4           -25.857630992780113      
1           -1.3980144597053374      
4           -252.90491694689177      
6           -178.94150895891499      
4           -831.04642427141562      
2           -5.5920578388213498      
2           -5.5920578388213498      
7           -186.48014998299794      
5           -62.156667462635831      
2           -20.547487149627152      
3           -12.582130137348038      
1           -1.3980144597053374      
0           0                        
7           -3575.3519482558513      
3           -12.582130137348038      
1           -1.3980144597053374      
6           -757.17259498740543      
2           -5.5920578388213498      
4           -22.368231355285399      
3           -12.582130137348038      
0           0                        
5           -194.3741872614639       
0           0                        
6           -103.64441051213473      
2           -254.71806206845446      
3           -12.582130137348038      
2           -6.4999049704900091      
2           -5.5920578388213498      
4           -754.4962812782428       
6           -1807.6659270547664      
2           -5.5920578388213498      
2           -5.5920578388213498      
3           -37.705256209063215      
0           0                        
