390 1 -3725 35 35 35
6           -279.19920983152281      
3           -12.974262710387126      
4           -627.19670026942049      
2           -5.7663389823942781      
6           -2611.1657667645909      
6           -1144.8259908039615      
4           -808.43935399229429      
5           -37.264674082642664      
5           -75.467965126284213      
6           -518.59783974132301      
7           -625.59154486435091      
5           -149.96748220438809      
8           -1505.5131310074735      
2           -5.7663389823942781      
2           -5.7663389823942781      
4           -25.235946480871796      
4           -293.28592560999107      
3           -12.974262710387126      
6           -978.60578639527614      
6           -270.88281708684195      
4           -23.065355929577112      
2           -57.488552467363306      
5           -279.89259071445059      
5           -708.97453117312034      
7           -1822.3437615286657      
1           -1.4415847455985695      
1           -1.4415847455985695      
3           -12.974262710387126      
2           -5.7663389823942781      
4           -23.065355929577112      
4           -24.037912563423237      
4           -24.349390390867452      
4           -24.110973032358284      
2           -5.7663389823942781      
10          -2809.2185421961772      
2           -199.90174439382309      
4           -1768.879445373005       
2           -5.7663389823942781      
2           -5.7663389823942781      
2           -5.7663389823942781      
5           -1043.1113659928703      
2           -5.7663389823942781      
2           -5.7663389823942781      
1           -1.4415847455985695      
1           -1.4415847455985695      
7           -626.81748942904937      
3           -12.974262710387126      
1           -1.4415847455985695      
4           -23.065355929577112      
5           -1611.3893127413592      
1           -1.4415847455985695      
7           -356.92370349960476      
0           0                        
3           -717.81585742906441      
5           -1193.9425400657808      
2           -5.7663389823942781      
2           -5.7663389823942781      
2           -6.7327653098714482      
4           -54.29494549764577       
5           -370.94025859358197      
4           -62.746457582145595      
4           -537.22622193683628      
6           -364.98809781808063      
4           -23.065355929577112      
1           -1.4415847455985695      
6           -679.32862796492157      
5           -184.30375213417594      
3           -365.45248658489385      
2           -9.8836603700997863      
2           -5.7663389823942781      
6           -420.77406213536716      
3           -61.405867111179475      
1           -1.4415847455985695      
1           -1.4415847455985695      
4           -70.590080794957387      
3           -24.140828297982122      
3           -12.974262710387126      
3           -455.73396974789972      
5           -551.38940553438408      
3           -12.974262710387126      
5           -848.33499580883404      
3           -40.407796100470321      
1           -1.4415847455985695      
5           -65.229129762571745      
2           -5.7663389823942781      
4           -24.809768375774656      
2           -5.7663389823942781      
5           -660.61847925859433      
5           -308.32926691241454      
1           -1.4415847455985695      
2           -5.7663389823942781      
7           -1532.410767052379       
5           -704.19428284929404      
4           -23.065355929577112      
5           -885.52790609653243      
3           -12.974262710387126      
3           -160.8515516141824       
4           -126.54163753805705      
5           -2820.6881212769772      
3           -134.02153939146527      
1           -1.4415847455985695      
