390 1 -3725 35 35 35
3           -1.8212479750620876      
4           -115.24150188952359      
4           -19.335165544967417      
3           -177.68347938754698      
3           -74.38997783843844       
4           -6.8092947078609072      
5           -279.89314098873041      
2           -0.80944354447203892     
0           0                        
4           -3.2377741778881557      
6           -183.3543205640477       
8           -328.4387299060279       
3           -3.3193260709892112      
3           -1.8212479750620876      
1           -0.20236088611800973     
3           -11.091116883888795      
9           -370.72554654597474      
9           -68.359188175667811      
0           0                        
4           -3.2377741778881557      
2           -0.80944354447203892     
3           -8.8045681897760026      
6           -83.439914492662098      
4           -4.571415743774244       
6           -9.1669854124002406      
3           -1.8212479750620876      
5           -184.98117587674187      
2           -10.301216433374123      
2           -0.80944354447203892     
1           -0.20236088611800973     
10          -335.72600408901457      
4           -186.31240321080293      
6           -41.333171638465259      
4           -15.438252569180648      
4           -20.606298644144104      
3           -95.983030876291735      
3           -1.8212479750620876      
8           -22.564705985279183      
5           -17.417385270858702      
1           -0.20236088611800973     
3           -40.749594653102143      
6           -118.71816271757149      
5           -14.064028456008501      
6           -202.26645923760211      
2           -90.174664562885056      
4           -176.97509381632088      
1           -0.20236088611800973     
4           -113.15640678245478      
3           -15.43629507327368       
10          -406.56586040354551      
1           -0.20236088611800973     
5           -159.01231279498788      
6           -13.062393427395488      
3           -226.03375837379329      
4           -3.2377741778881557      
3           -111.13837439396164      
5           -6.45328241954254        
2           -2.3562787839196391      
2           -0.80944354447203892     
4           -15.556430329465002      
7           -19.044235026388478      
4           -16.254505746169379      
8           -258.55261319820744      
2           -0.80944354447203892     
5           -12.190294114165416      
4           -20.128088903856863      
6           -259.12408769412485      
2           -0.80944354447203892     
2           -0.80944354447203892     
9           -857.07903534014497      
1           -0.20236088611800973     
5           -107.70812200637585      
4           -23.582541015259217      
1           -0.20236088611800973     
6           -94.447230613910847      
5           -125.69484468300011      
2           -0.80944354447203892     
7           -172.33081493671452      
2           -0.80944354447203892     
6           -67.798774710517563      
2           -17.779090473924548      
4           -3.2377741778881557      
4           -106.69041564500792      
6           -85.385259082023765      
4           -6.8447044906971923      
3           -4.1598270618208888      
6           -9.6245977788376429      
3           -74.293991780996208      
1           -0.20236088611800973     
9           -562.80938488761024      
7           -13.02660028748133       
4           -19.416236881143586      
3           -3.134674660098995       
10          -272.66814833956124      
0           0                        
3           -91.324466154061909      
4           -298.43834973787102      
4           -103.02366560346684      
4           -3.2377741778881557      
1           -0.20236088611800973     
2           -0.80944354447203892     
