390 1 -3725 35 35 35
3           -1.764339832991862       
6           -118.81454720978566      
5           -25.042145863091829      
2           -3.1812941520952829      
3           -1.764339832991862       
2           -0.78415103688527188     
4           -4.8927140543234486      
6           -326.86845129514228      
2           -0.78415103688527188     
8           -87.485705739531028      
6           -187.21703247727416      
2           -0.78415103688527188     
4           -110.16717553654161      
5           -88.514252785124512      
4           -8.5840830691168808      
3           -1.764339832991862       
3           -1.764339832991862       
4           -40.755808003460523      
7           -339.25528490306959      
5           -179.00065382248718      
3           -87.508320396517234      
4           -39.811569570088814      
1           -0.19603775922131797     
5           -136.20053819950778      
2           -3.5360259356931985      
6           -26.598350423700442      
4           -4.3315732696840419      
4           -37.798607493122638      
6           -118.19349211582956      
3           -2.9427975013903342      
5           -28.454744920642007      
2           -0.78415103688527188     
2           -0.78415103688527188     
2           -0.78415103688527188     
6           -85.013229962587616      
6           -26.701946114360961      
2           -51.587585500971308      
2           -0.78415103688527188     
4           -3.1366041475410875      
3           -1.764339832991862       
0           0                        
3           -6.6399311524330908      
5           -145.26067988572623      
6           -35.555629979987501      
6           -16.726655832129289      
2           -0.78415103688527188     
1           -0.19603775922131797     
9           -185.3923286411152       
1           -0.19603775922131797     
1           -0.19603775922131797     
1           -0.19603775922131797     
6           -8.1641291921361354      
1           -0.19603775922131797     
8           -133.16282140722797      
5           -6.9828494972136657      
6           -224.41493000889065      
4           -105.73782129255241      
1           -0.19603775922131797     
4           -4.7097639613409115      
6           -372.2967586246869       
6           -45.269971935211693      
2           -11.998287110773235      
2           -0.78415103688527188     
5           -7.3410415472555552      
1           -0.19603775922131797     
4           -126.53682150134766      
3           -6.5048804831885976      
3           -52.765321013357578      
2           -0.78415103688527188     
5           -10.451423598407093      
5           -124.23126721546062      
5           -8.1797022289866455      
5           -10.465400826923053      
2           -0.78415103688527188     
4           -60.564215240370125      
4           -5.9751578749054692      
6           -210.77175673025408      
2           -0.78415103688527188     
2           -0.78415103688527188     
6           -197.77641315577856      
4           -20.617415446617255      
7           -159.48350550733034      
6           -231.35928138913818      
2           -23.250872252497086      
8           -246.4792397244517       
6           -284.00891352111097      
4           -3.1366041475410875      
1           -0.19603775922131797     
4           -7.5546347315689051      
9           -627.50929330207464      
3           -1.764339832991862       
4           -57.856595662121812      
2           -0.78415103688527188     
3           -1.764339832991862       
11          -1062.5879810745473      
3           -44.525305207041754      
4           -114.99883297766361      
7           -174.05233372989863      
3           -10.087422401770983      
4           -113.55750841742842      
6           -245.70841126149637      
