390 1 -3725 35 35 35
4           -927.63028288102691      
4           -250.09599489925861      
6           -230.59580290635535      
1           -1.4415847455985695      
2           -17.09569074920292       
1           -1.4415847455985695      
3           -24.206494318083276      
1           -1.4415847455985695      
4           -26.498898086677194      
7           -1888.6653183002904      
4           -1189.7000256129538      
2           -5.7663389823942781      
2           -254.47343164973339      
2           -5.7663389823942781      
10          -2899.4365516800817      
3           -1128.3101947408966      
2           -16.658264601062772      
4           -283.59225768980798      
2           -5.7663389823942781      
1           -1.4415847455985695      
9           -971.74189795003747      
0           0                        
8           -2157.019213078645       
7           -2428.5456389932347      
2           -134.46406250009849      
2           -142.47131829397151      
6           -1061.0579376944145      
1           -1.4415847455985695      
4           -23.065355929577112      
3           -618.26767854371133      
3           -16.98068419982609       
3           -14.091251041440174      
3           -66.726133411492413      
3           -623.97263550497701      
3           -721.10183462904138      
8           -1223.0404211026953      
10          -1839.9233797897512      
2           -5.7663389823942781      
3           -12.974262710387126      
9           -216.61514597649682      
1           -1.4415847455985695      
2           -5.7663389823942781      
4           -369.34285206248109      
0           0                        
1           -1.4415847455985695      
15          -7728.9388161210372      
3           -15.330505485044483      
6           -906.07685394613452      
4           -46.02140770011237       
1           -1.4415847455985695      
2           -86.514324889000022      
5           -610.43386990725628      
1           -1.4415847455985695      
2           -5.7663389823942781      
3           -76.925203207926572      
2           -5.7663389823942781      
5           -1348.7707487727655      
2           -5.7663389823942781      
10          -3393.0543198389619      
2           -5.7663389823942781      
3           -12.974262710387126      
0           0                        
5           -37.39906357456919       
8           -490.59229953539824      
0           0                        
6           -1944.2016246972514      
2           -5.7663389823942781      
4           -212.3483957306197       
4           -48.179155676810979      
4           -188.11315827932626      
5           -38.396961152599786      
1           -1.4415847455985695      
3           -12.974262710387126      
1           -1.4415847455985695      
4           -153.93393954553929      
5           -916.42838430613494      
4           -116.44707273963309      
6           -894.96203817829576      
2           -5.7663389823942781      
3           -14.171497119447611      
3           -12.974262710387126      
5           -538.49421001811731      
2           -55.338111212332578      
1           -1.4415847455985695      
1           -1.4415847455985695      
5           -759.11167130604156      
5           -248.70927326930365      
1           -1.4415847455985695      
8           -1415.084523677855       
8           -1979.049923152973       
5           -1641.7101336507105      
7           -345.48288225313223      
4           -201.93296157875167      
2           -338.47445754211924      
2           -5.7663389823942781      
1           -1.4415847455985695      
1           -1.4415847455985695      
10          -2008.211616935876       
3           -12.974262710387126      
3           -165.11194703044447      
3           -12.974262710387126      
