390 1 -3725 35 35 35
9           -235.8627983170677       
3           -1.764339832991862       
2           -22.80246884509403       
1           -0.19603775922131797     
1           -0.19603775922131797     
5           -51.249195988535526      
5           -71.551442799706464      
5           -10.92819979108474       
6           -213.89103103399174      
4           -10.224116577902963      
3           -85.957405775747603      
3           -82.555172570843652      
1           -0.19603775922131797     
4           -41.342974638538948      
5           -121.27666523554554      
1           -0.19603775922131797     
4           -64.236258114319853      
5           -330.04312891395631      
3           -1.764339832991862       
2           -2.7367618763278458      
2           -0.78415103688527188     
2           -0.78415103688527188     
1           -0.19603775922131797     
1           -0.19603775922131797     
3           -3.2131893498601185      
1           -0.19603775922131797     
6           -376.39906409869468      
1           -0.19603775922131797     
1           -0.19603775922131797     
9           -195.50419787643474      
3           -10.918025406066659      
3           -1.764339832991862       
3           -1.764339832991862       
2           -0.78415103688527188     
9           -213.22496627471426      
2           -0.78415103688527188     
4           -106.43420080196356      
5           -210.40972226123844      
1           -0.19603775922131797     
3           -31.36616257214412       
3           -2.8802975553171972      
2           -0.78415103688527188     
4           -3.1366041475410875      
0           0                        
10          -100.7654591586072       
2           -0.78415103688527188     
5           -221.60461448144801      
3           -207.74689452855284      
3           -5.9904618652937298      
2           -0.78415103688527188     
1           -0.19603775922131797     
6           -228.80338253507026      
4           -95.87045124684299       
5           -4.9009439805329498      
1           -0.19603775922131797     
4           -3.1366041475410875      
5           -52.934186201154979      
5           -47.538231095365461      
3           -1.764339832991862       
2           -0.78415103688527188     
6           -241.09766208972064      
5           -45.256373532569086      
3           -1.764339832991862       
3           -120.6635952647584       
2           -0.78415103688527188     
4           -18.715530362547941      
6           -109.92280538465685      
2           -44.066926668314274      
3           -1.764339832991862       
2           -0.78415103688527188     
4           -3.1366041475410875      
3           -1.764339832991862       
5           -4.9009439805329498      
5           -41.037366134745625      
9           -224.23323489028601      
6           -49.655058835818146      
6           -70.181618573964556      
3           -12.719673380711065      
3           -4.3630840481833086      
4           -114.74372881203894      
3           -85.61338927397027       
3           -195.29615997709641      
2           -0.78415103688527188     
1           -0.19603775922131797     
1           -0.19603775922131797     
0           0                        
3           -40.081329190112974      
5           -61.551600731205355      
3           -4.1712364966786         
4           -11.396211236268536      
2           -0.78415103688527188     
5           -190.1820557988793       
2           -0.78415103688527188     
3           -1.764339832991862       
6           -25.230755389686642      
9           -402.74672632820131      
3           -1.764339832991862       
4           -3.1366041475410875      
2           -81.709661244267011      
2           -0.78415103688527188     
5           -4.9009439805329498      
