390 1 -3725 35 35 35
2           -139.11050838244742      
7           -1249.7014311696755      
7           -1238.927027681219       
2           -5.6886202856566097      
7           -1719.277872035243       
4           -156.81971114095219      
2           -109.269217016746        
4           -396.34547760565732      
5           -516.69077561544657      
3           -171.18117439181819      
2           -5.6886202856566097      
2           -5.6886202856566097      
4           -24.82388420090108       
2           -5.6886202856566097      
5           -921.6330570013339       
5           -51.561432836515735      
3           -291.08869756699158      
7           -416.88410362674028      
0           0                        
5           -50.489526330877268      
2           -95.928271261871132      
3           -895.90413883019039      
9           -1177.9865904829148      
6           -443.12416424282833      
5           -40.375721177651592      
2           -5.6886202856566097      
2           -5.6886202856566097      
7           -910.45456554487373      
0           0                        
6           -62.275369455429889      
5           -713.81735945702815      
4           -22.754481142626439      
9           -2161.8931008819322      
4           -35.396902619350712      
0           0                        
6           -739.59531113292132      
4           -22.754481142626439      
4           -172.62434647990651      
7           -1400.8918487093788      
4           -1538.7810709452131      
3           -27.271057882223978      
3           -84.362707645244086      
2           -13.37087555351418       
1           -1.4221550714141524      
3           -355.5065380335061       
4           -25.233894375758048      
2           -290.85595714220869      
4           -59.230970508807523      
5           -283.90180941779755      
6           -822.43379340814772      
3           -668.58465248121058      
8           -1324.3626922633809      
5           -767.57011158084345      
3           -12.799395642727369      
5           -887.51432904013632      
2           -5.6886202856566097      
3           -12.799395642727369      
3           -12.799395642727369      
2           -5.6886202856566097      
7           -510.81297521081149      
2           -96.082000019815922      
4           -28.732542668370353      
3           -12.799395642727369      
7           -1503.0250575537686      
3           -12.799395642727369      
5           -223.49893278190092      
5           -368.8584863987416       
6           -620.13896174499416      
6           -80.372438135579984      
0           0                        
2           -5.6886202856566097      
5           -1017.1783817633866      
5           -2642.1532129220091      
2           -5.6886202856566097      
1           -1.4221550714141524      
3           -28.461368459946108      
2           -5.6886202856566097      
3           -12.799395642727369      
3           -12.799395642727369      
1           -1.4221550714141524      
6           -1110.7861350426767      
5           -395.14898591457739      
3           -34.968974964358004      
8           -773.00238531939613      
4           -1864.0288162674672      
2           -5.6886202856566097      
6           -574.9541621796385       
5           -213.96712613221308      
2           -5.6886202856566097      
1           -1.4221550714141524      
1           -1.4221550714141524      
4           -496.61527502900714      
3           -88.511654939551107      
4           -22.754481142626439      
1           -1.4221550714141524      
2           -617.21139200928394      
1           -1.4221550714141524      
2           -5.6886202856566097      
2           -5.6886202856566097      
2           -5.6886202856566097      
7           -1869.5099675442057      
