390 1 -3725 35 35 35
2           -5.5920578388213498      
7           -1814.3873615121929      
1           -1.3980144597053374      
1           -1.3980144597053374      
2           -806.70070694057881      
7           -347.47169839650371      
6           -341.7093353940603       
2           -5.5920578388213498      
8           -1238.5993665922408      
2           -712.0571959233223       
3           -12.582130137348038      
3           -12.582130137348038      
2           -590.87040627347835      
4           -33.127966098277291      
6           -875.34631385689681      
4           -28.808420994137379      
1           -1.3980144597053374      
4           -520.13908712019111      
6           -1076.7381692225681      
2           -5.5920578388213498      
4           -22.368231355285399      
1           -1.3980144597053374      
4           -35.770869298250005      
3           -1502.8107582616858      
8           -519.25820491374327      
5           -1165.5590529745546      
1           -1.3980144597053374      
4           -133.08920520562322      
4           -516.4105582017246       
9           -893.98368874755033      
0           0                        
6           -58.284763140950936      
1           -1.3980144597053374      
4           -492.21760198123877      
3           -12.582130137348038      
3           -12.582130137348038      
11          -1945.5904393092592      
3           -305.82501032185354      
5           -804.97431865034991      
1           -1.3980144597053374      
2           -5.5920578388213498      
2           -5.5920578388213498      
7           -1563.3249182959         
5           -50.434097518968613      
5           -579.42521988582621      
4           -1229.4962857207086      
3           -12.582130137348038      
4           -1086.5633918459196      
4           -22.368231355285399      
0           0                        
2           -5.5920578388213498      
6           -1977.7634358281216      
4           -22.368231355285399      
2           -5.5920578388213498      
3           -252.04022805786153      
7           -1705.3684099441148      
2           -5.5920578388213498      
4           -335.51410964081356      
1           -1.3980144597053374      
3           -564.0300771931461       
3           -832.17635296609706      
1           -1.3980144597053374      
4           -27.266546542125649      
2           -5.5920578388213498      
3           -532.74781136418267      
5           -34.950361492633441      
2           -5.5920578388213498      
0           0                        
3           -12.582130137348038      
2           -5.5920578388213498      
5           -34.950361492633441      
7           -860.00767719173973      
3           -12.582130137348038      
6           -939.12276643415532      
2           -84.68245648407003       
5           -1418.5202574494315      
5           -985.15889775572111      
1           -1.3980144597053374      
3           -115.25856795295283      
2           -5.5920578388213498      
1           -1.3980144597053374      
1           -1.3980144597053374      
6           -65.678883036427379      
2           -14.578655873145092      
3           -171.40679496142062      
4           -415.7369527166648       
5           -519.46352256110742      
1           -1.3980144597053374      
2           -5.5920578388213498      
5           -1421.032766007562       
7           -1344.8459455827137      
7           -2162.9277283070596      
5           -359.73220811580347      
4           -283.19401466992326      
2           -14.223235127251073      
3           -16.666774476189687      
9           -1874.1295926827527      
2           -5.5920578388213498      
3           -12.582130137348038      
3           -12.582130137348038      
4           -149.31660604042088      
