390 1 -3725 35 35 35
6           -73.720441724344838      
4           -19.160035938594724      
2           -2.2512045114487211      
6           -787.36276650476293      
3           -158.35007928540551      
2           -2.2512045114487211      
2           -2.2512045114487211      
1           -0.56280112786218028     
4           -17.413866253292717      
4           -15.898640815415503      
5           -655.78970284804052      
10          -901.53423411734616      
0           0                        
4           -67.980331742068074      
0           0                        
8           -608.95149396235547      
2           -2.2512045114487211      
6           -218.88248569219951      
2           -3.0656424342530908      
1           -0.56280112786218028     
2           -2.2512045114487211      
2           -2.2512045114487211      
3           -14.515944607768544      
4           -490.85567463757604      
7           -529.39448652035685      
2           -2.2512045114487211      
6           -38.228257941774075      
2           -2.2512045114487211      
4           -123.70218544330254      
5           -51.359819207018234      
4           -9.0048180457948845      
5           -116.96919194137327      
5           -14.070028196554507      
5           -83.071728948643496      
2           -2.2512045114487211      
6           -21.002664873996356      
0           0                        
5           -30.072510687100607      
4           -306.89077317266197      
2           -2.2512045114487211      
9           -316.20533362595864      
5           -276.70066057613644      
2           -2.2512045114487211      
9           -564.62303957163408      
5           -46.099955130643025      
3           -5.0652101507596221      
1           -0.56280112786218028     
6           -498.02765750518978      
5           -271.760710122847        
7           -642.76745722499345      
2           -2.2512045114487211      
4           -397.45247234969253      
4           -15.522492283658854      
3           -5.0652101507596221      
1           -0.56280112786218028     
7           -225.42190628532623      
2           -2.2512045114487211      
1           -0.56280112786218028     
5           -25.958586061836641      
4           -88.145693240509019      
7           -48.605684689982915      
10          -1931.9650796486417      
2           -2.2512045114487211      
10          -1318.6757629696983      
1           -0.56280112786218028     
1           -0.56280112786218028     
1           -0.56280112786218028     
1           -0.56280112786218028     
2           -2.2512045114487211      
3           -5.0652101507596221      
5           -193.4992952009766       
2           -3.0272566382228856      
5           -291.26470013676573      
9           -289.78934938582756      
2           -3.9115557176733224      
5           -702.57263712395866      
5           -110.07072591710408      
3           -5.0652101507596221      
8           -688.9575605088296       
4           -16.761757349673211      
2           -2.2512045114487211      
4           -155.55550665286901      
6           -55.401477459043186      
3           -22.599306532566924      
2           -2.2512045114487211      
8           -1970.748365446615       
5           -208.68449252670297      
8           -1204.411538329          
6           -1479.4441320194144      
6           -578.01122169685891      
5           -23.589117295911848      
9           -423.85838479994931      
3           -5.0652101507596221      
2           -2.2512045114487211      
4           -80.567582038428981      
2           -2.2512045114487211      
4           -73.720566273639804      
6           -86.95953631547907       
6           -64.077796562375269      
4           -11.279593279210705      
4           -11.385775851390274      
