390 1 -3725 35 35 35
7           -368.94611344787211      
1           -0.19603775922131797     
1           -0.19603775922131797     
2           -77.902510362830711      
6           -8.170791509621262       
1           -0.19603775922131797     
2           -0.78415103688527188     
3           -3.9360269469627944      
2           -0.78415103688527188     
3           -4.3210396632677277      
7           -362.51986220718101      
4           -4.314868335059483       
6           -251.33084630030831      
3           -1.764339832991862       
2           -0.78415103688527188     
5           -18.687709004044297      
3           -1.764339832991862       
2           -0.78415103688527188     
2           -4.8261311584667617      
2           -22.02697593577777       
1           -0.19603775922131797     
4           -7.395176532442548       
1           -0.19603775922131797     
1           -0.19603775922131797     
6           -142.79402978578793      
7           -26.842932185325861      
5           -253.76564039581061      
3           -4.6408614601483995      
7           -180.00029697977016      
3           -1.764339832991862       
2           -0.78415103688527188     
3           -14.487651722051012      
1           -0.19603775922131797     
4           -5.0658632422722958      
5           -17.586479835660466      
9           -355.6070922251148       
3           -1.764339832991862       
3           -3.7560204200301817      
6           -246.97883425372737      
5           -245.89559831424438      
1           -0.19603775922131797     
3           -3.165792972026674       
8           -301.19417000032882      
4           -77.02244888246905       
4           -30.392539020669933      
6           -131.14614900273259      
3           -1.764339832991862       
4           -110.5295772836901       
2           -128.9525275405378       
5           -27.431354930253796      
3           -18.856308188292587      
4           -3.1366041475410875      
3           -93.600752213598767      
6           -157.56058290599293      
6           -7.0573593319674481      
2           -65.199721975616498      
3           -52.363363112454209      
5           -6.0036692350719187      
1           -0.19603775922131797     
6           -131.41166495681634      
3           -1.764339832991862       
6           -167.73511569235117      
4           -3.1366041475410875      
6           -315.10456302059248      
2           -0.78415103688527188     
3           -42.023163484678697      
6           -204.71348953561488      
3           -3.5078635373943841      
7           -439.15517414519616      
5           -34.007065947470707      
3           -353.69770902411472      
4           -53.279055199778107      
4           -129.10863645849739      
3           -1.764339832991862       
5           -47.342026169925262      
8           -60.610299940025961      
10          -420.3029517358525       
9           -513.39019775048985      
4           -3.1366041475410875      
3           -1.764339832991862       
1           -0.19603775922131797     
4           -3.1366041475410875      
2           -0.78415103688527188     
4           -151.47034090754516      
3           -15.094520940646618      
4           -109.76678926157682      
6           -269.15346874211156      
6           -99.876160258267277      
4           -3.1366041475410875      
6           -37.089387381064512      
1           -0.19603775922131797     
1           -0.19603775922131797     
3           -1.764339832991862       
5           -274.73354622081456      
7           -228.02262972476882      
5           -8.7188483147487315      
4           -134.8417556858671       
3           -1.764339832991862       
2           -49.41075225725784       
4           -10.464914211323581      
2           -0.78415103688527188     
