390 1 -3725 35 35 35
2           -3.0091375221399352      
4           -9.0048180457948845      
8           -1646.2210622941375      
1           -0.56280112786218028     
3           -5.0652101507596221      
5           -390.07412533031174      
4           -9.0048180457948845      
4           -56.6649653746978        
2           -2.2512045114487211      
10          -754.35046565907885      
4           -632.55763189924096      
11          -1097.6743026286774      
4           -365.06950669532699      
2           -2.2512045114487211      
8           -39.61571868869693       
3           -6.1360746573453069      
2           -2.2512045114487211      
1           -0.56280112786218028     
2           -2.2512045114487211      
3           -5.0652101507596221      
5           -413.32732819121287      
5           -15.533815332522357      
1           -0.56280112786218028     
5           -21.533867299043177      
7           -852.70551899443763      
5           -602.78366495489456      
3           -191.0214936271052       
4           -17.033843376882086      
8           -608.77807376353871      
4           -13.039517127867166      
5           -16.534823159809047      
4           -249.34286172630775      
3           -5.0652101507596221      
1           -0.56280112786218028     
4           -46.092636348044273      
7           -35.200682786398303      
4           -189.55357654303191      
4           -9.8528410725675624      
5           -327.12512837087013      
4           -9.0048180457948845      
5           -14.070028196554507      
5           -14.070028196554507      
4           -127.90022498182969      
3           -5.0652101507596221      
3           -17.520589331084103      
3           -55.17895371191878       
10          -1309.1065122816919      
6           -141.61764666019508      
4           -12.085677772611303      
5           -40.964912545911744      
5           -14.070028196554507      
4           -1282.6995359600346      
1           -0.56280112786218028     
7           -60.535914968030532      
4           -101.60083152163369      
3           -5.0652101507596221      
6           1103.7252605513402       
1           -0.56280112786218028     
3           -5.0652101507596221      
11          -1027.470292789503       
4           -23.898283547157845      
3           -5.9320906484524532      
7           -59.395553658023658      
3           -5.0652101507596221      
4           -29.08284705066314       
4           -11.123655434114507      
3           -5.0652101507596221      
1           -0.56280112786218028     
9           -778.66144655435767      
3           -210.86241906400517      
3           -5.0652101507596221      
7           -144.88862085292843      
9           -719.59431007788578      
3           -5.9708852317334324      
6           -191.6092802781742       
6           -166.98922835658357      
10          -976.11577923833602      
2           -2.2512045114487211      
4           -389.35612439439029      
2           -35.749734878307045      
2           -3.0852465449525357      
1           -0.56280112786218028     
3           -19.870544606771354      
4           -28.684444943253478      
4           -453.52425370793787      
4           -9.0048180457948845      
3           -98.592245110945115      
1           -0.56280112786218028     
6           -410.59097591403196      
4           -10.981375801203095      
4           -19.433953236128392      
1           -0.56280112786218028     
3           -355.61850872256241      
3           -5.0652101507596221      
4           -9.0048180457948845      
2           -2.2512045114487211      
4           -9.0048180457948845      
5           -39.990662319955732      
10          -977.34987258156434      
1           -0.56280112786218028     
6           -141.36727878417219      
