390 1 -3725 35 35 35
7           -269.54122278672583      
6           -145.78595393622322      
3           -5.0652101507596221      
5           -318.13033050088109      
6           -233.82281509275299      
3           -471.18568903095206      
7           -383.80467540155479      
2           -2.2512045114487211      
2           -3.0044362417595796      
2           -2.2512045114487211      
3           -5.0652101507596221      
9           -763.5108775738762       
0           0                        
5           -14.070028196554507      
3           -5.0652101507596221      
3           -5.0652101507596221      
1           -0.56280112786218028     
6           -385.91621057967791      
3           -34.782816886442028      
6           -54.907408772927575      
4           -9.0048180457948845      
3           -5.0652101507596221      
4           -9.0048180457948845      
8           -293.77082778016836      
10          -962.14514091428191      
8           -108.31451461099567      
5           -26.428583340910627      
2           -15.400129775891893      
2           -2.2512045114487211      
7           -979.91194893053535      
3           -171.83679487781603      
5           -19.312534686566945      
9           -762.88695983423759      
4           -9.0048180457948845      
2           -2.2512045114487211      
3           -110.92751811175592      
1           -0.56280112786218028     
5           -97.655756621069472      
4           -10.139142184796608      
6           -32.25907166817607       
2           -2.2512045114487211      
11          -1372.3000002762924      
3           -217.34611579307867      
2           -348.05951106007632      
1           -0.56280112786218028     
5           -14.992198749078312      
3           -8.0715298058362919      
6           -699.17749892682104      
2           -2.2512045114487211      
3           -282.77088744032534      
6           -53.50340305538495       
6           -509.07670423290097      
1           -0.56280112786218028     
6           -838.11451731795398      
6           -418.51214979877511      
3           -5.0652101507596221      
4           -214.83748496219494      
7           -448.55623775269765      
3           -79.837777630098572      
8           -826.2206388015818       
7           -268.107648110654        
5           -728.02842078764934      
2           -2.2512045114487211      
2           -2.2512045114487211      
4           -150.94491345899132      
3           -13.695230398814379      
8           -210.9696317708073       
7           -461.16481282257223      
2           -2.2512045114487211      
7           -74.023228220829935      
4           -240.34494577918105      
6           -584.84955701034073      
3           -5.0652101507596221      
5           -1220.0298081512631      
5           -33.390731867552702      
3           -12.998667811241985      
6           -20.260840603038488      
1           -0.56280112786218028     
3           -5.0652101507596221      
6           -444.3639045755113       
4           -164.05372229484911      
2           -2.2512045114487211      
1           -0.56280112786218028     
3           -65.041160701867469      
4           -66.155481176230694      
2           -376.13221229257448      
3           -5.0652101507596221      
6           -89.592003534937206      
3           -100.41980321831311      
2           -2.2512045114487211      
4           -10.661543310825421      
3           -234.9872803647618       
3           -472.24479435365947      
6           -66.500468158125727      
4           -9.0048180457948845      
8           -588.45810547087274      
0           0                        
3           -5.881652210365246       
6           -740.60843791704099      
6           -704.86265032029235      
2           -2.2512045114487211      
