390 1 -3725 35 35 35
4           -22.754481142626439      
4           -1703.9205710164961      
6           -571.185637607947        
3           -428.66950992616722      
4           -30.311305091724435      
6           -1490.3014932521057      
7           -85.733851342042172      
4           -405.60003701911944      
3           -105.95307920416042      
3           -47.584459389395811      
6           -106.94395174445356      
7           -1525.9588795701047      
3           -12.799395642727369      
3           -50.993155816835696      
4           -936.13863899687885      
4           -198.51231470560464      
9           -1711.0366902132346      
7           -2199.1129521630282      
7           -136.22155448853869      
6           -794.16079042213198      
2           -5.6886202856566097      
3           -424.83901754045883      
5           -1245.8152492631136      
1           -1.4221550714141524      
5           -84.375537448648004      
4           -41.970026909671795      
5           -126.32377078421101      
1           -1.4221550714141524      
4           -726.70505254762702      
10          -3588.6755912626877      
11          -2561.5364360437843      
8           -1952.922125884606       
5           -592.34720640144519      
3           -12.799395642727369      
8           -2133.5812919597111      
3           -76.240297929631282      
4           -146.18351150183256      
4           -71.487623265430415      
5           -1289.39153485674        
2           -9.7626832141291082      
3           -12.799395642727369      
2           -5.6886202856566097      
1           -1.4221550714141524      
5           -593.57790139430529      
4           -255.54097705559639      
2           -5.6886202856566097      
2           -11.937702429050706      
8           -1367.9514769194029      
3           -1006.3188362785475      
1           -1.4221550714141524      
5           -50.330065692832818      
5           -1110.7420606326164      
4           -22.754481142626439      
2           -5.6886202856566097      
7           -1481.8287169124899      
2           -5.6886202856566097      
6           -1663.52089919988        
5           -590.5029979728414       
6           -137.514739308456        
2           -5.6886202856566097      
4           -1540.0082280215061      
1           -1.4221550714141524      
4           -790.83454460113285      
3           -14.286203055418639      
3           -12.799395642727369      
12          -3144.0643916630356      
0           0                        
0           0                        
5           -1236.6554148871005      
4           -50.550974406572898      
4           -93.94286797488013       
5           -1083.2648342830691      
1           -1.4221550714141524      
1           -1.4221550714141524      
2           -5.6886202856566097      
3           -1002.4716450541586      
8           -1470.9407707326372      
2           -5.6886202856566097      
9           -889.61198784980797      
4           -40.27745696020456       
5           -164.39078286569355      
4           -490.59440301252482      
8           -184.5687648401057       
7           -1812.9426661493424      
8           -1085.078266704106       
2           -5.6886202856566097      
1           -1.4221550714141524      
1           -1.4221550714141524      
4           -354.9846824024371       
2           -5.6886202856566097      
1           -1.4221550714141524      
2           -5.6886202856566097      
6           -1093.8429604622627      
1           -1.4221550714141524      
2           -5.6886202856566097      
2           -5.6886202856566097      
3           -12.799395642727369      
2           -40.91639755016611       
6           40.204812102324084       
5           -258.90770688750234      
5           -85.664180095881548      
