390 1 -3725 35 35 35
3           -5.0652101507596221      
6           -164.56619253405074      
3           -96.860351446715597      
0           0                        
3           -5.0652101507596221      
1           -0.56280112786218028     
1           -0.56280112786218028     
4           -47.813687609896554      
4           -49.594191031093295      
0           0                        
7           -1792.2916028351167      
2           -52.502423431516959      
4           -82.941608885698116      
2           -2.2512045114487211      
6           -835.85652553828174      
4           -25.483580553394191      
2           -2.2512045114487211      
6           -788.04952416135382      
4           -9.0048180457948845      
4           -618.54772730103764      
8           -58.447862504221128      
1           -0.56280112786218028     
1           -0.56280112786218028     
6           -40.822467059827254      
5           -115.81066446055388      
4           -375.11023505873158      
2           -2.2512045114487211      
3           -5.0652101507596221      
5           -353.98402877104053      
2           -2.2512045114487211      
4           -49.677004826982724      
3           -154.01855980301426      
1           -0.56280112786218028     
6           -149.55675590694466      
3           -5.0652101507596221      
4           -16.374648656395692      
5           -522.88869802124213      
5           -720.5140155090038       
6           -267.53242346513849      
3           -15.781138534828083      
1           -0.56280112786218028     
3           -5.0652101507596221      
4           -9.7681907139786102      
6           -276.66604830777652      
3           -517.79466669838575      
7           -192.07324598768423      
6           -150.07911331430881      
0           0                        
7           -71.900322765672115      
3           -105.21128629838108      
6           -136.77022253199613      
9           -351.88785517213682      
1           -0.56280112786218028     
3           -21.141226777566221      
3           -175.45082121507127      
6           -87.915032491917529      
3           -5.0652101507596221      
3           -9.0212255893868267      
5           -78.017009707864688      
3           -5.0652101507596221      
2           -2.2512045114487211      
1           -0.56280112786218028     
7           -127.83212779012015      
1           -0.56280112786218028     
4           -12.153975142023565      
6           -184.90829937767376      
4           -18.192245987747533      
3           -11.805135653606833      
6           -234.24972730066179      
7           -763.95718927753626      
3           -333.41634557967109      
3           -39.025607369789611      
4           -107.07585199139072      
6           -202.72027220954192      
5           -44.992142349372116      
3           -5.0652101507596221      
3           -5.0652101507596221      
2           -2.2512045114487211      
4           -88.269439993099496      
2           -2.2512045114487211      
4           -344.07179905640083      
6           -73.325627691451899      
6           -285.84316423774038      
10          -577.97910268659803      
10          -836.8312047463852       
2           -2.2512045114487211      
11          -691.20272103428988      
5           -14.070028196554507      
5           -413.81409330280337      
2           -3.1386176015936078      
2           -2.2512045114487211      
2           -2.2512045114487211      
7           -1120.2659193934544      
4           -9.0048180457948845      
4           -288.81877697786064      
3           -13.636232987862515      
6           -44.277368569573596      
4           -61.700643898880749      
5           -105.45170325818191      
2           -2.2512045114487211      
7           -269.54122278672583      
