390 1 -3725 35 35 35
1           -1.3980144597053374      
4           -31.350809841499267      
2           -5.5920578388213498      
5           -75.200187335788314      
4           -22.368231355285399      
8           -2131.9065862805287      
6           -616.19060798964586      
2           -5.5920578388213498      
4           -1086.9626341918213      
3           -12.582130137348038      
4           -460.52220788122594      
3           -12.582130137348038      
2           -5.5920578388213498      
7           -1345.8624415218737      
5           -206.45541165900133      
6           -1334.252868795973       
2           -7.6668142796154646      
9           -1747.697198493426       
2           -5.5920578388213498      
2           -5.5920578388213498      
5           -366.29223085901737      
2           -5.5920578388213498      
2           -14.159292392009561      
2           -5.5920578388213498      
2           -64.400401242177594      
5           -404.329673796713        
3           -21.558295854588245      
4           -58.682419044429778      
2           -6.3475974242012301      
3           -12.582130137348038      
6           -475.5012784949223       
1           -1.3980144597053374      
2           -5.5920578388213498      
9           -3469.4802011569582      
11          -1218.0586654080523      
0           0                        
6           -521.22601991892861      
3           -294.46172223882223      
2           -5.5920578388213498      
5           -58.564292112052101      
6           -342.01196502345761      
6           -160.58067451559708      
3           -12.582130137348038      
1           -1.3980144597053374      
7           -156.46416444774286      
10          -2066.1339881286967      
4           -620.02746432689173      
4           -200.87579953802114      
3           -43.721518922327064      
1           -1.3980144597053374      
5           -69.797497326663375      
6           -1412.0890889375726      
2           -5.5920578388213498      
3           -12.582130137348038      
3           -883.39728922527706      
3           -163.47766278936538      
0           0                        
6           -838.94964206288671      
3           -12.582130137348038      
3           -22.959082947916066      
4           -22.368231355285399      
3           -12.582130137348038      
2           -5.5920578388213498      
4           -90.564889700451872      
4           -29.957418947848371      
4           -827.48064326338567      
8           -3010.0265445548539      
5           -112.90134507113203      
4           -60.796292044800438      
2           -5.5920578388213498      
0           0                        
2           -11.871461035455336      
6           -145.89293850522597      
2           -5.5920578388213498      
2           -5.5920578388213498      
5           -34.950361492633441      
2           -5.5920578388213498      
3           -12.582130137348038      
2           -5.5920578388213498      
4           -161.7923043113272       
2           -5.5920578388213498      
5           -249.59348568893273      
5           -45.442515025143763      
0           0                        
2           -49.241491066611431      
3           -69.615811978004515      
3           -14.894061032649432      
7           -352.76549498000816      
1           -1.3980144597053374      
3           -285.44679501073648      
11          -1244.4818512589482      
4           -25.154976601864746      
6           -724.40934011414572      
0           0                        
4           -512.97022862392794      
3           -12.582130137348038      
8           -1993.4044122530472      
1           -1.3980144597053374      
5           -326.68326041415077      
3           -620.22803505288027      
0           0                        
