390 1 -3725 35 35 35
0           0                        
3           -399.9147005231643       
5           -877.26045823987761      
2           -5.5920578388213498      
6           -1362.5310201537168      
5           -351.58635343912886      
5           -210.15090213158453      
7           -2059.63517287071        
2           -5.5920578388213498      
3           -939.31128773872274      
3           -14.77297385385538       
6           -3284.8337593310061      
3           -311.38684028475006      
4           -563.47001681671156      
6           -419.91910599290657      
5           -910.69251240260917      
4           -22.368231355285399      
2           -5.5920578388213498      
3           -12.582130137348038      
4           -1089.7903188478524      
5           -1583.2972463687897      
0           0                        
7           -719.3723959451637       
5           -1143.8484501166088      
2           -5.5920578388213498      
4           -22.368231355285399      
5           -881.81873726435231      
7           -142.90525416086103      
4           -74.324860603546014      
7           -1851.2524911431838      
3           -12.582130137348038      
9           -3459.1003755404099      
4           -1945.1252117143158      
3           -12.582130137348038      
3           -12.582130137348038      
3           -783.48329211706539      
3           -13.543700607050088      
2           -5.5920578388213498      
5           -604.26508036035136      
2           -395.12480806850249      
4           -22.368231355285399      
2           -5.5920578388213498      
5           -59.63416731267651       
5           -196.01663813572213      
2           -5.5920578388213498      
1           -1.3980144597053374      
3           -27.338170166391123      
4           -22.368231355285399      
6           -769.92315454503546      
1           -1.3980144597053374      
0           0                        
4           -22.368231355285399      
2           -5.5920578388213498      
6           -621.12701328553021      
5           -1018.9915931264275      
8           -897.31422373657347      
1           -1.3980144597053374      
3           -12.582130137348038      
5           -44.170954868621678      
3           -896.84158448015637      
4           -412.85710849110109      
6           -272.63511912002201      
6           -121.6536411585237       
8           -4228.8849231784352      
3           -12.582130137348038      
4           -44.723544459467107      
7           -1855.1918050152115      
4           -91.032637180359032      
2           -5.5920578388213498      
1           -1.3980144597053374      
2           -17.181211986490741      
1           -1.3980144597053374      
5           -42.090540437100216      
2           -5.5920578388213498      
9           -2642.9111727539353      
3           -12.582130137348038      
5           -757.76241308363035      
2           -5.5920578388213498      
6           -1787.5135295652226      
10          -2739.0234840088951      
2           -5.5920578388213498      
7           -563.71263319327181      
4           -22.368231355285399      
3           -909.22315793660505      
2           -5.5920578388213498      
1           -1.3980144597053374      
3           -12.582130137348038      
3           -709.30152763842568      
6           -1740.3626956781734      
4           -22.368231355285399      
10          -1746.8813972129449      
6           -284.40221910808407      
4           -337.91396137036935      
0           0                        
0           0                        
1           -1.3980144597053374      
5           -62.193019289603519      
3           -12.582130137348038      
2           -5.5920578388213498      
6           -2428.0379072130049      
14          -3771.6662487744798      
