390 1 -3725 35 35 35
5           -946.20119736030108      
2           -5.6886202856566097      
1           -1.4221550714141524      
3           -1034.0996380641413      
3           -13.974840561630362      
3           -12.799395642727369      
5           -248.00176946762281      
1           -1.4221550714141524      
2           -1039.7916875818053      
3           -12.799395642727369      
2           -5.6886202856566097      
10          -1446.6815896714149      
3           -12.799395642727369      
3           -1006.6905051358162      
7           -1513.5095392549229      
2           -272.01609310909265      
5           -507.49804678776894      
5           -655.12052497669106      
6           -1913.7348272420093      
2           -5.6886202856566097      
4           -29.09889280013364       
3           -812.40203595275261      
6           -284.28464803423088      
2           -5.6886202856566097      
2           -5.6886202856566097      
8           -1845.4871328242264      
1           -1.4221550714141524      
6           -490.64393171613904      
5           -90.568561502498795      
2           -28.066384157631568      
4           -129.24945141574131      
8           -1607.2397694792658      
3           -12.799395642727369      
4           -30.602682445623682      
3           -35.61735610601653       
5           -470.67897321670392      
4           -94.341941454399887      
5           -1796.911656036817       
3           -657.33867727444203      
1           -1.4221550714141524      
7           -1346.061661408005       
5           -1485.1795758310657      
3           -12.799395642727369      
4           -300.64073498159308      
4           -22.754481142626439      
8           -3470.876805261445       
4           -426.94415971762066      
5           -139.7307534948844       
2           -5.6886202856566097      
4           -800.91938025851857      
2           -5.6886202856566097      
3           -12.799395642727369      
12          -2900.2480236835745      
12          -5568.1734709616467      
15          -5356.3081884840403      
9           -2200.1213920199207      
5           -599.56438223327325      
5           -690.11941244652428      
2           -5.6886202856566097      
3           -12.799395642727369      
1           -1.4221550714141524      
2           -5.6886202856566097      
2           -5.6886202856566097      
2           -5.6886202856566097      
3           -866.01406864900093      
2           -5.6886202856566097      
2           -322.9648521802655       
5           -424.46713461906836      
3           -12.799395642727369      
4           -893.92411280002989      
5           -87.114538115834648      
7           -321.64804895909674      
5           -79.944525137593814      
8           -657.815301200764        
3           -1007.2187907915093      
5           -131.47947444229146      
3           -12.799395642727369      
3           -271.66704471159602      
2           -5.6886202856566097      
2           -5.6886202856566097      
3           -12.799395642727369      
5           -1450.1995831591848      
4           -22.754481142626439      
8           -1937.2252935007273      
4           -1215.4709910221129      
3           -12.799395642727369      
4           -26.441069062373103      
11          -5254.390728506336       
4           -1119.6996102426347      
8           -1324.8570933914521      
8           -734.09944059192867      
4           -80.901653735539469      
2           -5.6886202856566097      
2           -5.6886202856566097      
4           -616.49098928008493      
6           -991.819546269066        
4           -257.80437699715281      
0           0                        
5           -37.985577332231706      
4           -958.54833722874105      
2           -11.860703205342576      
