390 1 -3725 35 35 35
6           -334.54265782875177      
3           -12.582130137348038      
4           -609.98246080703507      
2           -5.5920578388213498      
6           -2561.3389705098771      
6           -1112.091280815654       
4           -827.19391031097916      
5           -36.137141978449733      
5           -73.178159548892211      
6           -504.7101169670932       
7           -611.33305597562855      
5           -145.44448032915113      
8           -1492.9919824993917      
2           -5.5920578388213498      
2           -5.5920578388213498      
4           -24.472813750160121      
4           -285.14566194706038      
3           -12.582130137348038      
6           -997.47001525050905      
6           -262.82376196301419      
4           -22.368231355285399      
2           -55.740021970031165      
5           -271.94619692867195      
5           -716.77571155651913      
7           -1922.3570727567117      
1           -1.3980144597053374      
1           -1.3980144597053374      
3           -12.582130137348038      
2           -5.5920578388213498      
4           -22.368231355285399      
4           -23.31121138905517       
4           -23.612148574740885      
4           -23.382050640043524      
2           -5.5920578388213498      
10          -2757.195459978665       
2           -193.91046345863168      
4           -1723.430223285573       
2           -5.5920578388213498      
2           -5.5920578388213498      
2           -5.5920578388213498      
5           -1015.9499699705309      
2           -5.5920578388213498      
2           -5.5920578388213498      
1           -1.3980144597053374      
1           -1.3980144597053374      
7           -636.14712365400248      
3           -12.582130137348038      
1           -1.3980144597053374      
4           -22.368231355285399      
5           -1594.5790198322866      
1           -1.3980144597053374      
7           -346.1494985589427       
0           0                        
3           -705.32438040077591      
5           -1167.2471364063581      
2           -5.5920578388213498      
2           -5.5920578388213498      
2           -6.5290939479658388      
4           -52.649369962895108      
5           -360.71766697788735      
4           -60.841438306400264      
4           -521.98777042488234      
6           -354.49623907786963      
4           -22.368231355285399      
1           -1.3980144597053374      
6           -680.62601925301874      
5           -178.72865116004189      
3           -380.80232350512159      
2           -9.5822713594955502      
2           -5.5920578388213498      
6           -409.3865749250906       
3           -59.563579135416866      
1           -1.3980144597053374      
1           -1.3980144597053374      
4           -68.444246571145854      
3           -23.409097735434713      
3           -12.582130137348038      
3           -446.69505178147244      
5           -535.83426414075666      
3           -12.582130137348038      
5           -834.73152767228225      
3           -39.176814459567225      
1           -1.3980144597053374      
5           -63.262368646267944      
2           -5.5920578388213498      
4           -24.058147996687985      
2           -5.5920578388213498      
5           -647.83219056406722      
5           -299.08629367087229      
1           -1.3980144597053374      
2           -5.5920578388213498      
7           -1525.4105917759248      
5           -684.9902615760783       
4           -22.368231355285399      
5           -863.76866988867118      
3           -12.582130137348038      
3           -156.35215955967462      
4           -122.72366202598855      
5           -2771.0828162183871      
3           -129.97327840376173      
1           -1.3980144597053374      
