390 1 -3725 35 35 35
4           -19.791019795840228      
1           -0.19603775922131797     
7           -276.84533892243223      
4           -63.526745170661833      
7           -16.567604543667191      
1           -0.19603775922131797     
3           -1.764339832991862       
4           -223.79549225004715      
4           -3.1366041475410875      
8           -48.287309906386589      
2           -25.435476527849488      
4           -3.1366041475410875      
6           -90.945074444467124      
8           -379.56445831927914      
11          -517.62466147298073      
5           -4.9009439805329498      
5           -168.3401294773245       
9           -353.06751225986443      
7           -337.91513695952165      
9           -180.14026863021556      
8           -157.96402306200415      
6           -185.10934932018529      
4           -4.538090886374758       
3           -84.851503424736748      
4           -5.2852206583934889      
6           -85.788754237503468      
7           -319.11658857497929      
4           -53.193247055031918      
3           -109.92633403850094      
1           -0.19603775922131797     
4           -82.407388759637655      
7           -27.719899048939663      
4           -55.895117035715138      
5           -41.892967731784125      
5           -5.9416409863054263      
1           -0.19603775922131797     
1           -0.19603775922131797     
7           -302.36683845408538      
9           -221.7171845170636       
3           -128.15645318380007      
5           -23.320280766022286      
2           -0.78415103688527188     
7           -172.16372808697139      
5           -42.310592911498759      
2           -0.78415103688527188     
2           -3.3119529616092338      
3           -13.168626738195425      
1           -0.19603775922131797     
5           -72.239037699588394      
4           -115.99005907607113      
6           -79.145340079123969      
2           -0.78415103688527188     
5           -18.718535589218906      
5           -41.219176098395081      
4           -51.416672831842696      
2           -0.78415103688527188     
4           -129.49502979598341      
3           -2.9222005516894822      
5           -203.65909559527225      
4           -8.1832577953626888      
7           -48.415559741248252      
7           -367.72100041033985      
1           -0.19603775922131797     
13          -696.90717743419032      
5           -156.34293017703729      
4           -36.58851033207128       
3           -4.3564440667389333      
5           -94.598835000851906      
6           -214.04877608610792      
7           -27.934947124018116      
1           -0.19603775922131797     
3           -1.764339832991862       
5           -25.904728067994544      
2           -0.78415103688527188     
0           0                        
5           -4.9009439805329498      
1           -0.19603775922131797     
2           -0.78415103688527188     
3           -40.925937017061393      
5           -23.049485674186492      
1           -0.19603775922131797     
2           -0.78415103688527188     
6           -79.719660184234087      
6           -83.212131270390742      
5           -93.24105859455716       
2           -0.78415103688527188     
4           -3.1366041475410875      
2           -0.78415103688527188     
2           -0.78415103688527188     
6           -11.050127598656159      
1           -0.19603775922131797     
5           -107.54916012440688      
4           -98.149973315541672      
3           -1.764339832991862       
6           -281.8325126379022       
4           -15.946349467144666      
3           -20.344203199534569      
2           -0.78415103688527188     
9           -699.83280210820055      
6           -195.19149978686977      
4           -3.1366041475410875      
