390 1 -3725 35 35 35
2           -5.7663389823942781      
3           -12.974262710387126      
4           -898.86283430399305      
9           -1145.7874742821596      
8           -1196.2679170770336      
5           -151.94359427306591      
5           -561.96124429314739      
8           -1786.5217746070152      
6           -826.8884983606431       
2           -5.7663389823942781      
4           -329.91129059793451      
6           -1006.823454685231       
1           -1.4415847455985695      
1           -1.4415847455985695      
6           -957.92672882405282      
8           -1433.9077458280103      
5           -356.50312147221319      
2           -5.7663389823942781      
4           -175.58289277433647      
5           -566.8636435810871       
4           -23.065355929577112      
6           -431.53822457141752      
3           -12.974262710387126      
3           -12.974262710387126      
1           -1.4415847455985695      
6           -850.88210532811138      
4           -553.29966392733741      
2           -5.7663389823942781      
5           -104.41335555339927      
6           -148.63991404055889      
6           -1607.0742915269359      
3           -33.877140270743048      
4           -784.87180042321074      
5           -193.65889822642117      
5           -305.06213588611809      
1           -1.4415847455985695      
1           -1.4415847455985695      
5           -848.83205416071178      
5           -199.51599311481644      
5           -1624.6540556136772      
5           -573.26794071603513      
2           -51.414074638630296      
2           -5.7663389823942781      
4           -23.065355929577112      
6           -1260.7330361737238      
5           -355.78091754412964      
3           -12.974262710387126      
3           -62.726046017194832      
5           -92.530928522740879      
5           -40.417145532748705      
2           -19.787305275688031      
0           0                        
2           -5.7663389823942781      
2           -5.7663389823942781      
2           -5.7663389823942781      
4           -284.32380702778141      
5           -1037.6520339813208      
3           -12.974262710387126      
6           -1668.837419325185       
5           -1728.4426692983166      
1           -1.4415847455985695      
6           -1653.2503970406372      
3           -12.974262710387126      
3           -12.974262710387126      
1           -1.4415847455985695      
9           -1600.4421722533498      
4           -578.89124131081917      
5           -36.039618639964239      
5           -38.056186964587916      
2           -5.7663389823942781      
2           -5.7663389823942781      
5           -2279.1539913447796      
4           -350.32258689694203      
6           -158.962479948451        
6           -705.56421804809463      
7           -501.7373668135362       
3           -94.491138933093666      
2           -5.7663389823942781      
6           -805.30922852974447      
8           -913.90780748196369      
1           -1.4415847455985695      
3           -845.08863575591329      
1           -1.4415847455985695      
5           -948.84940027740186      
1           -1.4415847455985695      
5           -644.14214952876284      
5           -2659.6295032905578      
7           -2011.0377340538253      
3           -12.974262710387126      
3           -12.974262710387126      
2           -5.7663389823942781      
3           -87.665899558440046      
0           0                        
3           -12.974262710387126      
4           -24.114636551421437      
1           -1.4415847455985695      
2           -43.958957357281363      
3           -794.10092661920783      
3           -12.974262710387126      
7           -608.38697252446786      
4           -30.49074907726067       
