390 1 -3725 35 35 35
5           -34.950361492633441      
2           -5.5920578388213498      
4           -22.368231355285399      
2           -21.606080685934362      
2           -5.5920578388213498      
3           -301.0048984680264       
4           -1172.701852189248       
5           -644.20064398093496      
1           -1.3980144597053374      
5           -224.9062338775943       
7           -3018.10355563643        
6           -342.95518147020391      
4           -123.26594341422442      
4           -57.169552212439882      
2           -5.5920578388213498      
0           0                        
2           -5.5920578388213498      
2           -7.5137797682318315      
3           -27.388616111626146      
3           -275.39532373149569      
6           -100.25898273819715      
2           -5.5920578388213498      
3           -289.30275706868167      
3           -103.57602528018887      
4           -1250.6511723367234      
1           -1.3980144597053374      
3           -727.84868555722414      
7           -284.78820080082687      
5           -1127.1671430475715      
0           0                        
0           0                        
3           -33.288410129258111      
6           -245.22982411279276      
4           -486.87899103449143      
4           -22.368231355285399      
3           -12.582130137348038      
2           -5.5920578388213498      
12          -5753.3148019113414      
7           -193.31686900391242      
4           -58.391607234832478      
10          -1675.6855455308789      
3           -12.582130137348038      
4           -339.92482006247701      
4           -60.372568934590802      
1           -1.3980144597053374      
3           -47.502311313477676      
8           -812.42169038012878      
5           -104.21842497169595      
2           -397.19209808029223      
4           -137.02125011864842      
2           -6.5572595255565433      
0           0                        
4           -875.55488291956692      
4           -41.487642925970874      
3           -16.449551434331784      
2           -5.5920578388213498      
2           -5.5920578388213498      
6           -150.41767206415261      
6           -96.053890049122487      
2           -5.5920578388213498      
5           -594.11941298055922      
4           -1363.5401169995034      
3           -12.582130137348038      
5           -1216.9873374034719      
2           -5.5920578388213498      
3           -12.582130137348038      
3           -713.87235911453877      
4           -1502.5971498260533      
5           -36.924876782282418      
5           -708.45033807776758      
5           -63.213286069735574      
4           -592.71040585304502      
2           -5.5920578388213498      
5           -710.19354316663544      
6           -912.80783576700037      
6           -1787.777290722473       
3           -13.451537496240679      
4           -251.4431572563393       
6           -133.49970966302681      
2           -5.5920578388213498      
7           -1813.6824210489633      
3           -648.77618297735228      
3           -312.88927120496095      
2           -5.5920578388213498      
1           -1.3980144597053374      
5           -34.950361492633441      
4           -42.793016484851805      
1           -1.3980144597053374      
4           -22.368231355285399      
7           -141.00876897279579      
3           -33.808617732295019      
2           -5.5920578388213498      
5           -597.64867153006776      
1           -1.3980144597053374      
3           -59.170268621958641      
4           -2056.3105308758386      
6           -853.85892267018926      
3           -17.964018611579686      
2           -5.5920578388213498      
4           -1930.9946938522164      
7           -959.61004417729282      
