390 1 -3725 35 35 35
2           -395.97738445827116      
1           -1.4415847455985695      
2           -5.7663389823942781      
7           -1183.6952185468497      
4           -25.965191255168243      
3           -228.98257781988585      
1           -1.4415847455985695      
3           -12.974262710387126      
7           -1432.6425062131677      
3           -854.76027139810435      
4           -23.065355929577112      
3           -525.11590701141131      
0           0                        
2           -385.92189607610322      
2           -5.7663389823942781      
4           -119.74808157333003      
3           -227.0167380685927       
4           -590.79897518059443      
2           -5.7663389823942781      
9           -513.44144166282967      
8           -1848.225428767955       
2           -5.7663389823942781      
5           -1867.2546022830018      
1           -1.4415847455985695      
1           -1.4415847455985695      
4           -1107.2053114525083      
5           -380.05468092508272      
3           -12.974262710387126      
4           -58.297518981406242      
3           -14.119013182365334      
2           -5.7663389823942781      
10          -4136.0000100176003      
3           -108.56578608893132      
5           -844.66021770771613      
4           -23.065355929577112      
3           -76.114737565028165      
2           -5.7663389823942781      
4           -508.41856157674209      
6           -656.23698688203342      
7           -1457.3622858991516      
4           -127.73094785675828      
6           -815.47260387943027      
2           -5.7663389823942781      
7           -1113.8775953216571      
0           0                        
7           -1382.5966435422242      
4           -23.065355929577112      
3           -16.496088102637017      
2           -5.7663389823942781      
5           -196.85832971665423      
2           -5.7663389823942781      
10          -1760.1399821370549      
2           -53.964694203190881      
8           -708.23913579917507      
8           -2401.3384590920055      
3           -725.78627667245257      
1           -1.4415847455985695      
3           -12.974262710387126      
8           -1578.3901247504475      
2           -5.7663389823942781      
1           -1.4415847455985695      
6           -1743.8554337623991      
6           -1735.5100236028418      
3           -434.19540393441491      
1           -1.4415847455985695      
6           -2322.3388278154798      
5           -1820.8602522886192      
7           -150.32647485734691      
1           -1.4415847455985695      
7           -596.75329845145188      
4           -747.70143830231871      
14          -4728.2497305406596      
5           -619.59397874473632      
5           -79.848045808402645      
3           -12.974262710387126      
2           -5.7663389823942781      
5           -697.44278946789666      
4           -477.22894561725877      
2           -30.700772915962869      
3           -215.23807514340737      
2           -5.7663389823942781      
3           -12.974262710387126      
2           -5.7663389823942781      
7           -1320.7576909308227      
5           -117.18861199394749      
4           -32.459800818850205      
7           -837.06863065795619      
3           -1353.1905545302968      
9           -2029.8018870787828      
1           -1.4415847455985695      
6           -982.26677640056903      
3           -12.974262710387126      
0           0                        
1           -1.4415847455985695      
6           -1311.1384626771953      
3           -37.595704803083123      
4           -378.05386471758078      
1           -1.4415847455985695      
5           -1050.8602153834518      
10          -1957.3964413493129      
0           0                        
