390 1 -3725 35 35 35
6           -1306.7682540740868      
4           -661.35626087260334      
1           -1.4221550714141524      
0           0                        
3           -20.000566815928437      
1           -1.4221550714141524      
3           -12.799395642727369      
5           -781.24874273824207      
6           -110.12099329016579      
8           -709.90870988071947      
8           -4294.6280943271267      
4           -25.641654213335663      
2           -33.742065948779462      
3           -266.55465624688799      
2           -50.763808308797955      
3           -427.02538540835855      
1           -1.4221550714141524      
2           -5.6886202856566097      
5           -40.66271826393735       
7           -1397.523367094605       
8           -2141.270073844692       
2           -5.6886202856566097      
5           -761.16963179062793      
1           -1.4221550714141524      
2           -5.6886202856566097      
4           -100.89345072401952      
2           -5.6886202856566097      
7           -997.10477853999305      
5           -164.20820347853072      
1           -1.4221550714141524      
4           -25.397278939912578      
2           -5.6886202856566097      
4           -53.384909972419194      
3           -12.799395642727369      
4           -22.754481142626439      
3           -1253.4852709455702      
4           -27.751291657931503      
5           -159.16021338012342      
2           -5.6886202856566097      
2           -5.6886202856566097      
7           -851.39660041471325      
5           -624.66272867647501      
2           -684.9510075607252       
3           -12.799395642727369      
7           -1388.2545150305302      
8           -654.36245558971302      
7           -405.77461898586         
5           -769.55041817820097      
4           -22.754481142626439      
3           -223.81000987769488      
2           -5.6886202856566097      
5           -880.33063537241333      
3           -12.799395642727369      
5           -463.14806986031391      
4           -22.754481142626439      
6           -962.93675023009052      
4           -22.754481142626439      
5           -991.09802381238251      
2           -5.6886202856566097      
4           -48.123447463772138      
2           -85.791388680620457      
5           -1024.7319143092484      
5           -870.74442705991203      
4           -508.76665360403405      
2           -5.6886202856566097      
2           -5.6886202856566097      
1           -1.4221550714141524      
0           0                        
6           -625.33430556845224      
4           -38.576809965907458      
6           -125.11650763919576      
2           -5.6886202856566097      
3           -605.49795539085926      
3           -44.633746628484502      
5           -177.83877585331379      
5           -1239.2383240483618      
3           -12.799395642727369      
6           -396.43170076532533      
1           -1.4221550714141524      
5           -325.34361145510184      
0           0                        
4           -27.696794554410513      
3           -108.81972210945264      
3           -215.43200729865859      
4           -37.393886916338701      
2           -5.6886202856566097      
4           -656.58859665646878      
8           -449.4039872759987       
2           -49.648922096400646      
7           -138.77151333706564      
4           -586.15504838479342      
7           -69.685598499293476      
7           -793.3126175120575       
2           -101.65714240769547      
3           -169.00173124727982      
6           -916.46019307826941      
0           0                        
2           -9.715500115274331       
5           -47.494973798191985      
2           -11.470322617183481      
3           -12.799395642727369      
