360 1 -3675 35 35 35
1           -1.4221550714141524      
1           -1.4221550714141524      
3           -385.17561446283656      
1           -1.4221550714141524      
1           -1.4221550714141524      
0           0                        
4           -23.816087579144614      
4           -783.79296750383025      
2           -594.31599159083555      
1           -1.4221550714141524      
3           -12.799395642727369      
3           -12.799395642727369      
4           -1108.9230932985831      
3           -356.57731102305416      
1           -1.4221550714141524      
1           -1.4221550714141524      
1           -1.4221550714141524      
0           0                        
4           -389.31169615001892      
1           -1.4221550714141524      
3           -17.074806704982461      
1           -1.4221550714141524      
4           -227.72028781086749      
4           -153.90566713816256      
6           -1676.1478839146027      
1           -1.4221550714141524      
4           -509.06154441321758      
2           -5.6886202856566097      
1           -1.4221550714141524      
1           -1.4221550714141524      
0           0                        
1           -1.4221550714141524      
2           -5.6886202856566097      
2           -5.6886202856566097      
2           -24.075097485021828      
7           -942.84513285295759      
3           -53.673302143448957      
2           -5.6886202856566097      
0           0                        
0           0                        
3           -12.799395642727369      
6           -764.39081408513164      
2           -5.6886202856566097      
1           -1.4221550714141524      
1           -1.4221550714141524      
2           -5.6886202856566097      
1           -1.4221550714141524      
2           -5.6886202856566097      
2           -253.94924081769756      
3           -112.1341078461071       
3           -12.799395642727369      
4           -208.28348645589921      
0           0                        
1           -1.4221550714141524      
2           -5.6886202856566097      
0           0                        
3           -224.73082072645897      
2           -5.6886202856566097      
0           0                        
2           -28.191051894165639      
0           0                        
1           -1.4221550714141524      
3           -144.21500734140255      
3           -14.067450991243396      
3           -12.799395642727369      
2           -5.6886202856566097      
7           -993.44884241616023      
4           -906.63085364060953      
0           0                        
0           0                        
3           -58.224944990145751      
3           -357.15229255059432      
0           0                        
2           -342.61267603406736      
3           -12.799395642727369      
3           -12.799395642727369      
2           -5.6886202856566097      
5           -44.464502319524129      
4           -24.330790699498909      
0           0                        
1           -1.4221550714141524      
0           0                        
1           -1.4221550714141524      
3           -12.799395642727369      
0           0                        
1           -1.4221550714141524      
5           -1497.5675313755398      
2           -5.6886202856566097      
6           -1064.6364392327303      
4           -210.18543111921147      
1           -1.4221550714141524      
1           -1.4221550714141524      
5           -576.0720727740204       
1           -1.4221550714141524      
1           -1.4221550714141524      
1           -1.4221550714141524      
0           0                        
1           -1.4221550714141524      
1           -1.4221550714141524      
2           -866.55176694392947      
0           0                        
