360 1 -3675 35 35 35
2           -5.7663389823942781      
1           -1.4415847455985695      
2           -5.7663389823942781      
2           -5.7663389823942781      
3           -112.55397441812879      
1           -1.4415847455985695      
2           -5.7663389823942781      
4           -27.236010128156536      
3           -12.974262710387126      
2           -5.7663389823942781      
3           -12.974262710387126      
1           -1.4415847455985695      
2           -62.734760722170321      
1           -1.4415847455985695      
1           -1.4415847455985695      
2           -180.81892026567871      
2           -5.7663389823942781      
2           -211.159740243778        
0           0                        
3           -12.974262710387126      
8           -1626.2758012250713      
4           -208.82130119494107      
2           -5.7663389823942781      
2           -5.7663389823942781      
1           -1.4415847455985695      
1           -1.4415847455985695      
2           -5.7663389823942781      
1           -1.4415847455985695      
1           -1.4415847455985695      
0           0                        
1           -1.4415847455985695      
0           0                        
4           -23.065355929577112      
0           0                        
0           0                        
3           -591.49845998808087      
1           -1.4415847455985695      
3           -34.68122127859553       
6           -514.91761169105962      
2           -11.501491920950762      
1           -1.4415847455985695      
3           -24.168551233303489      
2           -199.01539431986632      
1           -1.4415847455985695      
0           0                        
1           -1.4415847455985695      
0           0                        
1           -1.4415847455985695      
0           0                        
4           -415.16789800479035      
4           -279.88800498570299      
0           0                        
5           -618.3002713724145       
2           -5.7663389823942781      
1           -1.4415847455985695      
0           0                        
3           -1105.0698911310274      
1           -1.4415847455985695      
3           -15.21581540139557       
2           -5.7663389823942781      
2           -5.7663389823942781      
2           -52.389142617260042      
3           -440.07622414373606      
0           0                        
1           -1.4415847455985695      
4           -376.02971934701725      
1           -1.4415847455985695      
2           -5.7663389823942781      
4           -305.87695470915799      
0           0                        
0           0                        
2           -923.38893529861434      
1           -1.4415847455985695      
2           -5.7663389823942781      
2           -1098.9327506048094      
4           -1004.06553370107        
1           -1.4415847455985695      
1           -1.4415847455985695      
2           -5.7663389823942781      
1           -1.4415847455985695      
0           0                        
3           -12.974262710387126      
4           -967.03769487656791      
2           -18.385365285863653      
1           -1.4415847455985695      
2           -5.7663389823942781      
4           -27.070636832138049      
0           0                        
3           -196.01168005821674      
1           -1.4415847455985695      
2           -5.7663389823942781      
1           -1.4415847455985695      
7           -362.73010516959442      
0           0                        
1           -1.4415847455985695      
0           0                        
2           -115.99563230308661      
1           -1.4415847455985695      
0           0                        
2           -5.7663389823942781      
4           -32.484843636908714      
