360 1 -3675 35 35 35
4           -6.1703204466544515      
1           -0.19603775922131797     
3           -1.764339832991862       
1           -0.19603775922131797     
1           -0.19603775922131797     
2           -0.78415103688527188     
1           -0.19603775922131797     
2           -3.2998172240963513      
2           -0.78415103688527188     
1           -0.19603775922131797     
4           -46.708987649497928      
2           -0.78415103688527188     
0           0                        
1           -0.19603775922131797     
3           -7.0655683052406673      
1           -0.19603775922131797     
1           -0.19603775922131797     
0           0                        
0           0                        
1           -0.19603775922131797     
1           -0.19603775922131797     
2           -0.78415103688527188     
2           -7.0536568120565413      
1           -0.19603775922131797     
4           -3.1366041475410875      
3           -3.1262143674286662      
2           -0.78415103688527188     
2           -0.78415103688527188     
1           -0.19603775922131797     
0           0                        
0           0                        
2           -203.03937464283044      
3           -52.87530382825534       
3           -17.90121330320472       
0           0                        
1           -0.19603775922131797     
2           -0.78415103688527188     
3           -40.204426445315242      
1           -0.19603775922131797     
2           -34.715662399956507      
2           -2.2225483753489361      
0           0                        
2           -0.78415103688527188     
1           -0.19603775922131797     
0           0                        
0           0                        
2           -0.78415103688527188     
0           0                        
2           -0.78415103688527188     
3           -31.952834313114909      
1           -0.19603775922131797     
2           -0.78415103688527188     
1           -0.19603775922131797     
1           -0.19603775922131797     
1           -0.19603775922131797     
2           -0.78415103688527188     
3           -137.75203037985247      
3           -1.764339832991862       
0           0                        
1           -0.19603775922131797     
1           -0.19603775922131797     
2           -0.78415103688527188     
1           -0.19603775922131797     
2           -0.78415103688527188     
2           -0.78415103688527188     
3           -1.764339832991862       
1           -0.19603775922131797     
2           -0.78415103688527188     
2           -0.78415103688527188     
1           -0.19603775922131797     
2           -8.2617955531321901      
0           0                        
2           -0.78415103688527188     
4           -4.5082743298359906      
1           -0.19603775922131797     
1           -0.19603775922131797     
2           -0.78415103688527188     
1           -0.19603775922131797     
0           0                        
1           -0.19603775922131797     
1           -0.19603775922131797     
0           0                        
2           -0.78415103688527188     
2           -92.744096871925251      
2           -36.621240046705843      
0           0                        
1           -0.19603775922131797     
0           0                        
3           -1.764339832991862       
2           -0.78415103688527188     
4           -4.2591764678104553      
1           -0.19603775922131797     
1           -0.19603775922131797     
2           -0.78415103688527188     
4           -9.0992226827198674      
3           -7.1348204236767065      
7           -227.83964529426032      
2           -61.680177715833828      
1           -0.19603775922131797     
2           -0.78415103688527188     
1           -0.19603775922131797     
