360 1 -3675 35 35 35
1           -1.3980144597053374      
1           -1.3980144597053374      
2           -5.5920578388213498      
2           -5.5920578388213498      
2           -669.88623740101434      
0           0                        
3           -306.82531927086353      
1           -1.3980144597053374      
5           -149.60843636130116      
0           0                        
2           -8.5619001374781689      
2           -10.880272883723045      
4           -93.102954893168416      
5           -86.77024310409584       
3           -971.3311052603982       
4           -766.80567127523113      
7           -2637.8610192232468      
0           0                        
4           -48.636580192668461      
3           -12.582130137348038      
0           0                        
1           -1.3980144597053374      
0           0                        
1           -1.3980144597053374      
1           -1.3980144597053374      
1           -1.3980144597053374      
1           -1.3980144597053374      
3           -12.582130137348038      
4           -58.557647757757962      
2           -5.5920578388213498      
1           -1.3980144597053374      
0           0                        
1           -1.3980144597053374      
1           -1.3980144597053374      
4           -116.9206130282936       
3           -26.207904675694742      
2           -5.5920578388213498      
1           -1.3980144597053374      
2           -5.5920578388213498      
3           -1149.2654844524491      
3           -12.582130137348038      
1           -1.3980144597053374      
0           0                        
1           -1.3980144597053374      
3           -12.582130137348038      
3           -675.62439130779705      
3           -677.73556167191964      
1           -1.3980144597053374      
0           0                        
4           -27.465054397067181      
4           -974.84981301208256      
5           -101.43743625671431      
1           -1.3980144597053374      
3           -14.520806745251917      
1           -1.3980144597053374      
4           -1305.7924472188008      
0           0                        
1           -1.3980144597053374      
3           -219.5167513308422       
2           -5.5920578388213498      
1           -1.3980144597053374      
3           -15.679351502491857      
2           -5.5920578388213498      
2           -5.5920578388213498      
1           -1.3980144597053374      
2           -5.5920578388213498      
2           -5.5920578388213498      
1           -1.3980144597053374      
1           -1.3980144597053374      
2           -5.5920578388213498      
1           -1.3980144597053374      
5           -553.73356009560143      
2           -5.5920578388213498      
2           -5.5920578388213498      
3           -14.00694035879161       
0           0                        
2           -5.5920578388213498      
2           -5.5920578388213498      
2           -278.50759041084098      
2           -5.5920578388213498      
4           -22.368231355285399      
2           -145.70727082092935      
0           0                        
1           -1.3980144597053374      
1           -1.3980144597053374      
4           -1051.8778748441341      
2           -5.5920578388213498      
3           -12.582130137348038      
0           0                        
0           0                        
4           -33.444518134501365      
3           -74.593183470243403      
0           0                        
1           -1.3980144597053374      
5           -1485.1713572265985      
4           -137.13717693211223      
1           -1.3980144597053374      
2           -6.8019439880364976      
4           -167.16837868689316      
6           -561.96538063265609      
1           -1.3980144597053374      
