360 1 -3675 35 35 35
1           -0.20236088611800973     
3           -6.3793958917714892      
1           -0.20236088611800973     
2           -0.80944354447203892     
0           0                        
3           -29.126797709239561      
0           0                        
1           -0.20236088611800973     
0           0                        
3           -4.6839765867275842      
0           0                        
1           -0.20236088611800973     
1           -0.20236088611800973     
2           -54.56912677152701       
0           0                        
3           -3.7433961308562518      
3           -3.1376430091156049      
0           0                        
4           -65.777782861001285      
0           0                        
0           0                        
1           -0.20236088611800973     
1           -0.20236088611800973     
1           -0.20236088611800973     
1           -0.20236088611800973     
3           -16.850257075631109      
3           -1.8212479750620876      
1           -0.20236088611800973     
2           -0.80944354447203892     
1           -0.20236088611800973     
0           0                        
4           -108.53205614211106      
3           -3.5323101963869803      
5           -48.927892603942212      
2           -12.186364272392993      
1           -0.20236088611800973     
3           -58.472616489828845      
1           -0.20236088611800973     
2           -7.8480429763699604      
0           0                        
1           -0.20236088611800973     
3           -1.8212479750620876      
1           -0.20236088611800973     
3           -1.8212479750620876      
3           -25.107130836930054      
2           -2.7138293204812411      
2           -48.021052673682057      
3           -171.83300791375888      
1           -0.20236088611800973     
0           0                        
2           -0.80944354447203892     
2           -2.1158026352302173      
1           -0.20236088611800973     
4           -3.2377741778881557      
1           -0.20236088611800973     
2           -0.80944354447203892     
1           -0.20236088611800973     
3           -110.88344063408293      
2           -0.80944354447203892     
4           -89.83202547492445       
1           -0.20236088611800973     
0           0                        
1           -0.20236088611800973     
1           -0.20236088611800973     
1           -0.20236088611800973     
1           -0.20236088611800973     
0           0                        
3           -56.940503613688755      
2           -0.80944354447203892     
0           0                        
1           -0.20236088611800973     
2           -0.80944354447203892     
1           -0.20236088611800973     
1           -0.20236088611800973     
2           -7.3734664446086349      
1           -0.20236088611800973     
2           -0.80944354447203892     
1           -0.20236088611800973     
5           -266.79124068159683      
0           0                        
1           -0.20236088611800973     
4           -58.573820801541508      
4           -92.99489231315458       
5           -210.01489482530602      
3           -4.1063859309310224      
1           -0.20236088611800973     
3           -1.8212479750620876      
1           -0.20236088611800973     
4           -5.1861175674200872      
1           -0.20236088611800973     
1           -0.20236088611800973     
1           -0.20236088611800973     
1           -0.20236088611800973     
1           -0.20236088611800973     
4           -11.872373504078025      
1           -0.20236088611800973     
1           -0.20236088611800973     
0           0                        
2           -0.80944354447203892     
6           -91.039467295297328      
3           -1.8212479750620876      
