360 1 -3675 35 35 35
2           -0.78415103688527188     
2           -0.78415103688527188     
3           -1.764339832991862       
2           -3.1398408068209345      
2           -0.78415103688527188     
2           -0.78415103688527188     
0           0                        
0           0                        
3           -1.764339832991862       
2           -0.78415103688527188     
2           -4.0542059108305635      
4           -3.1366041475410875      
3           -54.78003179441621       
0           0                        
5           -32.093123033952203      
2           -0.78415103688527188     
1           -0.19603775922131797     
5           -210.60784171516747      
0           0                        
2           -0.78415103688527188     
2           -0.78415103688527188     
3           -86.751113070599615      
2           -0.78415103688527188     
4           -124.17367048615658      
2           -0.78415103688527188     
1           -0.19603775922131797     
2           -0.78415103688527188     
5           -187.70096146921838      
2           -20.879590382010029      
3           -1.764339832991862       
5           -26.03126613172304       
1           -0.19603775922131797     
2           -0.78415103688527188     
1           -0.19603775922131797     
0           0                        
1           -0.19603775922131797     
2           -0.78415103688527188     
3           -1.764339832991862       
1           -0.19603775922131797     
3           -126.42414523346943      
4           -19.448373784426575      
0           0                        
0           0                        
1           -0.19603775922131797     
2           -2.1051332054555969      
2           -0.78415103688527188     
1           -0.19603775922131797     
1           -0.19603775922131797     
2           -34.198771373079062      
1           -0.19603775922131797     
3           -1.764339832991862       
3           -1.764339832991862       
0           0                        
2           -0.78415103688527188     
2           -2.5591664904138387      
2           -0.78415103688527188     
0           0                        
1           -0.19603775922131797     
2           -0.78415103688527188     
2           -5.8795943808396478      
4           -177.04938427806457      
1           -0.19603775922131797     
1           -0.19603775922131797     
2           -0.78415103688527188     
2           -63.778591800417495      
3           -1.764339832991862       
2           -7.3312360661179197      
2           -0.78415103688527188     
2           -0.78415103688527188     
1           -0.19603775922131797     
2           -5.0851822602423216      
2           -0.78415103688527188     
4           -13.381675288258235      
0           0                        
2           -0.78415103688527188     
1           -0.19603775922131797     
2           -0.78415103688527188     
1           -0.19603775922131797     
0           0                        
0           0                        
6           -328.91782456990558      
2           -0.78415103688527188     
1           -0.19603775922131797     
2           -62.163059198451158      
2           -0.78415103688527188     
0           0                        
2           -0.78415103688527188     
1           -0.19603775922131797     
2           -0.78415103688527188     
3           -134.12200585650928      
0           0                        
5           -50.486460332773206      
3           -6.1843604276074799      
0           0                        
1           -0.19603775922131797     
4           -137.20258080904304      
0           0                        
2           -0.78415103688527188     
4           -29.862518990043437      
3           -1.764339832991862       
1           -0.19603775922131797     
