360 1 -3675 35 35 35
2           -99.591107898797844      
4           -53.095515890025894      
0           0                        
3           -346.04240039820513      
1           -0.19603775922131797     
2           -2.1221098604766873      
1           -0.19603775922131797     
5           -41.812923849965891      
0           0                        
3           -1.764339832991862       
2           -147.55683565564286      
3           -1.764339832991862       
1           -0.19603775922131797     
3           -2.8019812486189153      
2           -0.78415103688527188     
2           -0.78415103688527188     
4           -5.3699098840902924      
3           -2.8464181672912634      
1           -0.19603775922131797     
3           -1.764339832991862       
1           -0.19603775922131797     
0           0                        
0           0                        
2           -0.78415103688527188     
4           -14.842118471984433      
4           -112.07700294505041      
1           -0.19603775922131797     
2           -0.78415103688527188     
1           -0.19603775922131797     
3           -20.218579420629744      
1           -0.19603775922131797     
2           -111.37047770194171      
1           -0.19603775922131797     
0           0                        
0           0                        
3           -2.9579206957982977      
1           -0.19603775922131797     
0           0                        
3           -4.2750289631281051      
3           -4.2297647873546182      
0           0                        
3           -1.764339832991862       
1           -0.19603775922131797     
0           0                        
3           -14.264637385380579      
2           -0.78415103688527188     
3           -1.764339832991862       
0           0                        
1           -0.19603775922131797     
4           -124.35508918207141      
4           -7.452853544871207       
1           -0.19603775922131797     
1           -0.19603775922131797     
3           -151.26015118201948      
3           -206.30395825781815      
1           -0.19603775922131797     
6           -180.67568646698598      
2           -0.78415103688527188     
1           -0.19603775922131797     
1           -0.19603775922131797     
2           -0.78415103688527188     
0           0                        
5           -7.0672906389495047      
1           -0.19603775922131797     
1           -0.19603775922131797     
2           -0.78415103688527188     
1           -0.19603775922131797     
2           -0.78415103688527188     
0           0                        
0           0                        
2           -0.78415103688527188     
4           -37.898271782004088      
0           0                        
2           -0.78415103688527188     
1           -0.19603775922131797     
3           -1.764339832991862       
2           -0.78415103688527188     
1           -0.19603775922131797     
0           0                        
2           -0.78415103688527188     
3           -4.1083783508091987      
5           -82.00769877829579       
2           -0.78415103688527188     
4           -39.168639634035259      
3           -40.043846246861754      
1           -0.19603775922131797     
1           -0.19603775922131797     
3           -1.764339832991862       
4           -4.4722322933433869      
1           -0.19603775922131797     
0           0                        
1           -0.19603775922131797     
0           0                        
3           -4.1104748729396725      
2           -0.78415103688527188     
1           -0.19603775922131797     
1           -0.19603775922131797     
1           -0.19603775922131797     
3           -3.8166640565566015      
2           -0.78415103688527188     
0           0                        
