360 1 -3675 35 35 35
1           -0.54612738881350809     
3           -4.9151464993215725      
0           0                        
2           -2.1845095552540323      
2           -2.1845095552540323      
3           -107.45380439629898      
3           -4.9151464993215725      
1           -0.54612738881350809     
0           0                        
4           -496.34558045609288      
2           -81.130554694012744      
0           0                        
0           0                        
2           -2.1845095552540323      
1           -0.54612738881350809     
1           -0.54612738881350809     
1           -0.54612738881350809     
2           -2.1845095552540323      
5           -70.086957054491961      
4           -9.474208608883611       
1           -0.54612738881350809     
1           -0.54612738881350809     
2           -459.51824692724944      
3           -4.9151464993215725      
2           -2.1845095552540323      
1           -0.54612738881350809     
1           -0.54612738881350809     
2           -2.1845095552540323      
1           -0.54612738881350809     
1           -0.54612738881350809     
1           -0.54612738881350809     
1           -0.54612738881350809     
0           0                        
1           -0.54612738881350809     
1           -0.54612738881350809     
2           -2.1845095552540323      
1           -0.54612738881350809     
1           -0.54612738881350809     
0           0                        
3           -11.069227544416581      
2           -2.1845095552540323      
1           -0.54612738881350809     
3           -4.9151464993215725      
1           -0.54612738881350809     
2           -2.1845095552540323      
1           -0.54612738881350809     
2           -2.1845095552540323      
2           -2.1845095552540323      
1           -0.54612738881350809     
1           -0.54612738881350809     
1           -0.54612738881350809     
2           -15.605661232824009      
0           0                        
0           0                        
1           -0.54612738881350809     
1           -0.54612738881350809     
2           -2.1845095552540323      
1           -0.54612738881350809     
1           -0.54612738881350809     
0           0                        
2           -2.1845095552540323      
1           -0.54612738881350809     
0           0                        
2           -2.1845095552540323      
2           -2.1845095552540323      
2           -709.46248483373108      
1           -0.54612738881350809     
1           -0.54612738881350809     
1           -0.54612738881350809     
2           -2.1845095552540323      
1           -0.54612738881350809     
2           -2.1845095552540323      
3           -81.355462962969511      
1           -0.54612738881350809     
3           -48.957815295006775      
1           -0.54612738881350809     
5           -262.76022412187848      
0           0                        
3           -137.63664086867175      
0           0                        
1           -0.54612738881350809     
0           0                        
0           0                        
4           -380.13958419193796      
2           -2.1845095552540323      
1           -0.54612738881350809     
1           -0.54612738881350809     
1           -0.54612738881350809     
2           -2.1845095552540323      
2           -2.1845095552540323      
2           -2.1845095552540323      
2           -2.1845095552540323      
1           -0.54612738881350809     
4           -282.30906087306727      
1           -0.54612738881350809     
1           -0.54612738881350809     
3           -7.8646624350899357      
2           -2.1845095552540323      
2           -2.1845095552540323      
1           -0.54612738881350809     
1           -0.54612738881350809     
