360 1 -3675 35 35 35
1           -1.4415847455985695      
1           -1.4415847455985695      
0           0                        
1           -1.4415847455985695      
0           0                        
1           -1.4415847455985695      
3           -202.85979086684895      
1           -1.4415847455985695      
3           -567.03390091017354      
2           -729.63940547068864      
2           -5.7663389823942781      
0           0                        
2           -5.7663389823942781      
3           -537.99395778967551      
1           -1.4415847455985695      
1           -1.4415847455985695      
2           -165.59892409176018      
2           -5.7663389823942781      
2           -23.540241873656289      
6           -2170.3466551996239      
2           -5.7663389823942781      
1           -1.4415847455985695      
4           -26.324034044431794      
2           -5.7663389823942781      
3           -470.38613684672129      
4           -418.64835195485097      
1           -1.4415847455985695      
0           0                        
3           -12.974262710387126      
2           -5.7663389823942781      
1           -1.4415847455985695      
0           0                        
2           -5.7663389823942781      
3           -330.47948280883446      
0           0                        
2           -5.7663389823942781      
0           0                        
3           -53.086224459390564      
3           -16.804098385140268      
2           -581.08160539477922      
0           0                        
3           -12.974262710387126      
0           0                        
0           0                        
3           -65.690441306201478      
1           -1.4415847455985695      
2           -5.7663389823942781      
1           -1.4415847455985695      
0           0                        
2           -5.7663389823942781      
4           -49.068520645192095      
3           -12.974262710387126      
0           0                        
1           -1.4415847455985695      
2           -5.7663389823942781      
3           -12.974262710387126      
4           -1849.5477476643323      
1           -1.4415847455985695      
0           0                        
2           -5.7663389823942781      
4           -234.69559948057915      
0           0                        
0           0                        
5           -114.37618566242242      
0           0                        
2           -5.7663389823942781      
2           -5.7663389823942781      
5           -857.54881457164038      
4           -87.248778051701677      
1           -1.4415847455985695      
0           0                        
2           -5.7663389823942781      
3           -98.14143601142024       
4           -66.325453279855097      
2           -5.7663389823942781      
1           -1.4415847455985695      
2           -5.7663389823942781      
0           0                        
1           -1.4415847455985695      
1           -1.4415847455985695      
2           -5.7663389823942781      
2           -5.7663389823942781      
0           0                        
0           0                        
2           -5.7663389823942781      
2           -35.613012403997111      
0           0                        
4           -1119.6952948963024      
7           -1985.7018735458332      
3           -12.974262710387126      
2           -5.7663389823942781      
3           -12.974262710387126      
3           -53.605748782382022      
3           -13.845702056062207      
1           -1.4415847455985695      
2           -5.7663389823942781      
3           -49.507094924631431      
5           -40.162921694524414      
1           -1.4415847455985695      
5           -815.23625067502792      
2           -5.7663389823942781      
