360 1 -3675 35 35 35
1           -1.4415847455985695      
2           -5.7663389823942781      
3           -12.974262710387126      
1           -1.4415847455985695      
0           0                        
5           -128.45724290691558      
2           -5.7663389823942781      
4           -23.065355929577112      
1           -1.4415847455985695      
1           -1.4415847455985695      
5           -768.22382928958302      
2           -5.7663389823942781      
1           -1.4415847455985695      
2           -281.86094464943403      
2           -57.26694864045492       
2           -8.0694361795145184      
2           -687.36341997641216      
3           -595.59013277467034      
4           -23.065355929577112      
2           -16.23745028866637       
1           -1.4415847455985695      
5           -1737.3095437768718      
2           -5.7663389823942781      
3           -61.288890864538331      
1           -1.4415847455985695      
4           -25.964700040436643      
0           0                        
1           -1.4415847455985695      
3           -315.40069869695742      
0           0                        
2           -21.805828964410416      
0           0                        
2           -5.7663389823942781      
1           -1.4415847455985695      
0           0                        
1           -1.4415847455985695      
1           -1.4415847455985695      
3           -12.974262710387126      
0           0                        
1           -1.4415847455985695      
2           -5.7663389823942781      
0           0                        
1           -1.4415847455985695      
0           0                        
2           -5.7663389823942781      
1           -1.4415847455985695      
2           -9.7125121455436556      
4           -119.89206914351284      
3           -90.207555046923375      
0           0                        
0           0                        
5           -1829.5028014279621      
2           -5.7663389823942781      
1           -1.4415847455985695      
0           0                        
3           -12.974262710387126      
5           -148.52383025766432      
0           0                        
2           -5.7663389823942781      
5           -36.039618639964239      
6           -127.08665855491707      
1           -1.4415847455985695      
3           -81.33722481516152       
0           0                        
2           -5.7663389823942781      
0           0                        
1           -1.4415847455985695      
8           -1147.6785798333099      
1           -1.4415847455985695      
1           -1.4415847455985695      
2           -5.7663389823942781      
0           0                        
1           -1.4415847455985695      
1           -1.4415847455985695      
3           -12.974262710387126      
1           -1.4415847455985695      
4           -674.8616209478447       
3           -12.974262710387126      
1           -1.4415847455985695      
2           -6.7240029227883156      
0           0                        
4           -862.55035574253736      
0           0                        
1           -1.4415847455985695      
3           -12.974262710387126      
2           -5.7663389823942781      
3           -12.974262710387126      
1           -1.4415847455985695      
0           0                        
2           -5.7663389823942781      
0           0                        
2           -62.069310377923109      
2           -6.6724316214391575      
2           -5.7663389823942781      
3           -128.82803638129025      
5           -154.66454091163607      
0           0                        
0           0                        
0           0                        
1           -1.4415847455985695      
0           0                        
