360 1 -3675 35 35 35
1           -0.54612738881350809     
1           -0.54612738881350809     
1           -0.54612738881350809     
0           0                        
4           -493.67444405098547      
0           0                        
0           0                        
4           -325.70362556529381      
3           -4.9151464993215725      
0           0                        
0           0                        
1           -0.54612738881350809     
0           0                        
4           -179.39931446688544      
3           -5.8198063338020765      
1           -0.54612738881350809     
1           -0.54612738881350809     
2           -2.1845095552540323      
0           0                        
2           -2.1845095552540323      
3           -4.9151464993215725      
1           -0.54612738881350809     
2           -234.23268967443761      
2           -2.1845095552540323      
2           -2.1845095552540323      
1           -0.54612738881350809     
0           0                        
2           -2.1845095552540323      
2           -153.13809713966131      
2           -2.1845095552540323      
1           -0.54612738881350809     
3           -4.9151464993215725      
0           0                        
0           0                        
2           -2.1845095552540323      
4           -287.72783131916799      
0           0                        
0           0                        
0           0                        
0           0                        
2           -2.1845095552540323      
3           -11.422853773114312      
2           -2.1845095552540323      
7           -1158.3454528001071      
0           0                        
2           -2.1845095552540323      
2           -2.1845095552540323      
2           -2.1845095552540323      
0           0                        
1           -0.54612738881350809     
1           -0.54612738881350809     
3           -4.9151464993215725      
1           -0.54612738881350809     
0           0                        
7           -420.33899877948261      
0           0                        
5           -223.16353282377892      
4           -15.741814799615575      
5           -753.52083423247302      
3           -314.98071864116378      
2           -2.1845095552540323      
1           -0.54612738881350809     
1           -0.54612738881350809     
1           -0.54612738881350809     
2           -2.1845095552540323      
4           -11.056491442137226      
1           -0.54612738881350809     
3           -4.9151464993215725      
0           0                        
4           -641.10387251731731      
2           -2.1845095552540323      
0           0                        
1           -0.54612738881350809     
0           0                        
0           0                        
2           -20.734735834966909      
1           -0.54612738881350809     
1           -0.54612738881350809     
0           0                        
5           -13.6531847203377        
0           0                        
1           -0.54612738881350809     
0           0                        
5           -241.79326683212801      
3           -5.6718712663910988      
4           -58.357842665610832      
3           -13.754047853329293      
2           -2.1845095552540323      
1           -0.54612738881350809     
1           -0.54612738881350809     
0           0                        
1           -0.54612738881350809     
1           -0.54612738881350809     
1           -0.54612738881350809     
4           -146.65888215991842      
1           -0.54612738881350809     
1           -0.54612738881350809     
0           0                        
2           -2.1845095552540323      
5           -22.354472088990995      
2           -2.1845095552540323      
