360 1 -3675 35 35 35
1           -1.3980144597053374      
1           -1.3980144597053374      
1           -1.3980144597053374      
1           -1.3980144597053374      
1           -1.3980144597053374      
2           -936.85736284763425      
1           -1.3980144597053374      
1           -1.3980144597053374      
0           0                        
3           -12.582130137348038      
1           -1.3980144597053374      
0           0                        
2           -23.672186119330821      
1           -1.3980144597053374      
0           0                        
0           0                        
2           -541.69169026078794      
1           -1.3980144597053374      
4           -244.41197334105618      
4           -25.192025872362684      
3           -12.582130137348038      
0           0                        
2           -5.5920578388213498      
0           0                        
0           0                        
1           -1.3980144597053374      
2           -5.5920578388213498      
5           -298.78259632756442      
0           0                        
0           0                        
1           -1.3980144597053374      
1           -1.3980144597053374      
2           -5.5920578388213498      
3           -12.582130137348038      
2           -5.5920578388213498      
5           -845.94111751870514      
2           -5.5920578388213498      
3           -13.976435755836428      
1           -1.3980144597053374      
1           -1.3980144597053374      
1           -1.3980144597053374      
1           -1.3980144597053374      
4           -33.943422533423814      
2           -5.5920578388213498      
1           -1.3980144597053374      
1           -1.3980144597053374      
1           -1.3980144597053374      
2           -248.25102184357468      
1           -1.3980144597053374      
2           -5.5920578388213498      
0           0                        
1           -1.3980144597053374      
3           -12.582130137348038      
2           -176.53511250545392      
6           -1277.7111002850725      
2           -5.5920578388213498      
2           -5.5920578388213498      
2           -5.5920578388213498      
2           -5.5920578388213498      
1           -1.3980144597053374      
4           -1322.2550981888705      
1           -1.3980144597053374      
2           -71.704746779282843      
2           -5.5920578388213498      
5           -1147.8633735002325      
2           -1040.4619324424343      
1           -1.3980144597053374      
2           -5.5920578388213498      
1           -1.3980144597053374      
1           -1.3980144597053374      
2           -8.7094688988398588      
2           -17.754257463514932      
1           -1.3980144597053374      
1           -1.3980144597053374      
3           -541.22721813214935      
2           -5.5920578388213498      
1           -1.3980144597053374      
1           -1.3980144597053374      
1           -1.3980144597053374      
1           -1.3980144597053374      
1           -1.3980144597053374      
3           -12.582130137348038      
2           -5.5920578388213498      
2           -5.5920578388213498      
0           0                        
0           0                        
1           -1.3980144597053374      
0           0                        
2           -11.739445187190228      
0           0                        
3           -50.254890636056516      
2           -6.6049547179836061      
4           -24.473415839709247      
1           -1.3980144597053374      
1           -1.3980144597053374      
0           0                        
2           -5.5920578388213498      
4           -28.324820048181177      
3           -18.700321454447398      
1           -1.3980144597053374      
1           -1.3980144597053374      
