360 1 -3675 35 35 35
2           -5.5920578388213498      
1           -1.3980144597053374      
2           -5.5920578388213498      
2           -5.5920578388213498      
3           -109.17157266617909      
1           -1.3980144597053374      
2           -5.5920578388213498      
4           -26.410118346748312      
3           -12.582130137348038      
2           -5.5920578388213498      
3           -12.582130137348038      
1           -1.3980144597053374      
2           -60.838412197088282      
1           -1.3980144597053374      
1           -1.3980144597053374      
2           -175.44933832576237      
2           -5.5920578388213498      
2           -204.99276890154815      
0           0                        
3           -12.582130137348038      
8           -1603.9232171898234      
4           -202.52215069178564      
2           -5.5920578388213498      
2           -5.5920578388213498      
1           -1.3980144597053374      
1           -1.3980144597053374      
2           -5.5920578388213498      
1           -1.3980144597053374      
1           -1.3980144597053374      
0           0                        
1           -1.3980144597053374      
0           0                        
4           -22.368231355285399      
0           0                        
0           0                        
3           -578.81938941736189      
1           -1.3980144597053374      
3           -33.627379317196421      
6           -500.72468281328747      
2           -11.153202282805905      
1           -1.3980144597053374      
3           -23.433201951591585      
2           -193.29859133327193      
1           -1.3980144597053374      
0           0                        
1           -1.3980144597053374      
0           0                        
1           -1.3980144597053374      
0           0                        
4           -403.39378396327749      
4           -271.65532608545283      
0           0                        
5           -617.37228636329144      
2           -5.5920578388213498      
1           -1.3980144597053374      
0           0                        
3           -1086.1144914668064      
1           -1.3980144597053374      
3           -14.754507865466856      
2           -5.5920578388213498      
2           -5.5920578388213498      
2           -50.806249799424066      
3           -436.47933201931181      
0           0                        
1           -1.3980144597053374      
4           -367.60849325490346      
1           -1.3980144597053374      
2           -5.5920578388213498      
4           -297.37182738342017      
0           0                        
0           0                        
2           -952.89228987693684      
1           -1.3980144597053374      
2           -5.5920578388213498      
2           -1098.293565018231       
4           -993.6307516923049       
1           -1.3980144597053374      
1           -1.3980144597053374      
2           -5.5920578388213498      
1           -1.3980144597053374      
0           0                        
3           -12.582130137348038      
4           -962.13547244185224      
2           -17.827893547452433      
1           -1.3980144597053374      
2           -5.5920578388213498      
4           -26.249760831444071      
0           0                        
3           -190.28913614661934      
1           -1.3980144597053374      
2           -5.5920578388213498      
1           -1.3980144597053374      
7           -352.24259067558955      
0           0                        
1           -1.3980144597053374      
0           0                        
2           -112.50505500930873      
1           -1.3980144597053374      
0           0                        
2           -5.5920578388213498      
4           -31.499691491741043      
