360 1 -3675 35 35 35
3           -12.582130137348038      
2           -5.5920578388213498      
0           0                        
1           -1.3980144597053374      
1           -1.3980144597053374      
1           -1.3980144597053374      
1           -1.3980144597053374      
3           -12.582130137348038      
2           -479.75506635641057      
1           -1.3980144597053374      
1           -1.3980144597053374      
3           -650.11002041852544      
0           0                        
4           -22.368231355285399      
1           -1.3980144597053374      
1           -1.3980144597053374      
0           0                        
0           0                        
4           -64.484245110659415      
3           -51.494378868103169      
1           -1.3980144597053374      
0           0                        
1           -1.3980144597053374      
2           -373.83218512086773      
0           0                        
2           -5.5920578388213498      
1           -1.3980144597053374      
1           -1.3980144597053374      
2           -12.877903203419315      
1           -1.3980144597053374      
3           -32.906515551806791      
2           -5.5920578388213498      
3           -932.8469565279479       
0           0                        
3           -197.05138399784028      
2           -9.8189555939915003      
1           -1.3980144597053374      
0           0                        
2           -5.5920578388213498      
1           -1.3980144597053374      
3           -12.582130137348038      
1           -1.3980144597053374      
0           0                        
1           -1.3980144597053374      
2           -5.5920578388213498      
0           0                        
3           -978.55932322598062      
6           -800.10790030543512      
0           0                        
2           -31.45670829529605       
3           -12.582130137348038      
0           0                        
0           0                        
6           -643.77729877800607      
1           -1.3980144597053374      
1           -1.3980144597053374      
3           -12.582130137348038      
5           -34.950361492633441      
0           0                        
2           -15.396584892260677      
1           -1.3980144597053374      
0           0                        
0           0                        
3           -12.582130137348038      
2           -5.5920578388213498      
2           -5.5920578388213498      
1           -1.3980144597053374      
1           -1.3980144597053374      
2           -6.6925321835024683      
2           -162.41305647671305      
1           -1.3980144597053374      
4           -23.836598529691564      
1           -1.3980144597053374      
1           -1.3980144597053374      
2           -5.5920578388213498      
1           -1.3980144597053374      
1           -1.3980144597053374      
1           -1.3980144597053374      
0           0                        
2           -5.5920578388213498      
1           -1.3980144597053374      
2           -5.5920578388213498      
1           -1.3980144597053374      
2           -285.03708300058787      
1           -1.3980144597053374      
2           -5.5920578388213498      
1           -1.3980144597053374      
2           -33.977714033697438      
1           -1.3980144597053374      
1           -1.3980144597053374      
3           -12.582130137348038      
3           -12.582130137348038      
3           -146.88653508586546      
0           0                        
0           0                        
1           -1.3980144597053374      
4           -82.582468067962267      
2           -5.5920578388213498      
3           -12.582130137348038      
1           -1.3980144597053374      
1           -1.3980144597053374      
