360 1 -3675 35 35 35
1           -1.4221550714141524      
3           -173.59524655684996      
0           0                        
2           -5.6886202856566097      
1           -1.4221550714141524      
2           -5.6886202856566097      
2           -5.6886202856566097      
3           -12.799395642727369      
1           -1.4221550714141524      
4           -1589.3701913524105      
0           0                        
1           -1.4221550714141524      
0           0                        
0           0                        
1           -1.4221550714141524      
1           -1.4221550714141524      
4           -23.804576771444928      
3           -12.799395642727369      
3           -12.799395642727369      
2           -12.671113209041273      
1           -1.4221550714141524      
2           -219.86870250440347      
0           0                        
3           -13.721317434534377      
1           -1.4221550714141524      
2           -5.6886202856566097      
2           -5.6886202856566097      
1           -1.4221550714141524      
4           -1207.5794785290873      
2           -5.6886202856566097      
4           -3285.0151898078016      
1           -1.4221550714141524      
1           -1.4221550714141524      
2           -5.6886202856566097      
4           -120.89439972239862      
3           -450.93072767360638      
2           -5.6886202856566097      
0           0                        
4           -432.11316513679088      
2           -5.6886202856566097      
3           -72.767004203267135      
4           -165.35269515143273      
2           -5.6886202856566097      
1           -1.4221550714141524      
1           -1.4221550714141524      
4           -93.548275409987696      
1           -1.4221550714141524      
1           -1.4221550714141524      
2           -5.6886202856566097      
1           -1.4221550714141524      
0           0                        
2           -17.915292668928         
0           0                        
2           -5.6886202856566097      
2           -5.6886202856566097      
2           -5.6886202856566097      
2           -5.6886202856566097      
2           -5.6886202856566097      
0           0                        
2           -5.6886202856566097      
0           0                        
1           -1.4221550714141524      
3           -12.799395642727369      
3           -68.854532000990361      
1           -1.4221550714141524      
1           -1.4221550714141524      
0           0                        
2           -359.55458609110366      
0           0                        
4           -22.754481142626439      
1           -1.4221550714141524      
1           -1.4221550714141524      
3           -924.55892875257928      
1           -1.4221550714141524      
2           -52.860780056658172      
2           -23.030125833639083      
1           -1.4221550714141524      
4           -39.584992493807988      
0           0                        
1           -1.4221550714141524      
1           -1.4221550714141524      
1           -1.4221550714141524      
3           -12.799395642727369      
2           -5.6886202856566097      
1           -1.4221550714141524      
1           -1.4221550714141524      
1           -1.4221550714141524      
6           -935.45570902060774      
0           0                        
2           -5.6886202856566097      
1           -1.4221550714141524      
1           -1.4221550714141524      
2           -5.6886202856566097      
3           -20.513023606468177      
1           -1.4221550714141524      
1           -1.4221550714141524      
5           -234.51866078219155      
1           -1.4221550714141524      
3           -20.2735766109015        
1           -1.4221550714141524      
1           -1.4221550714141524      
