360 1 -3675 35 35 35
0           0                        
3           -129.05497985544133      
3           -12.799395642727369      
1           -1.4221550714141524      
2           -5.6886202856566097      
0           0                        
3           -12.799395642727369      
2           -5.6886202856566097      
7           -3329.3894030623233      
0           0                        
0           0                        
0           0                        
2           -5.6886202856566097      
0           0                        
0           0                        
2           -5.6886202856566097      
0           0                        
5           -1772.665365310716       
1           -1.4221550714141524      
1           -1.4221550714141524      
0           0                        
2           -8.9906946118226241      
2           -5.6886202856566097      
1           -1.4221550714141524      
2           -5.6886202856566097      
1           -1.4221550714141524      
0           0                        
3           -12.799395642727369      
1           -1.4221550714141524      
4           -23.863984188555872      
4           -884.74367685062032      
3           -12.799395642727369      
1           -1.4221550714141524      
3           -13.889042668748433      
0           0                        
2           -11.29411003024777       
1           -1.4221550714141524      
1           -1.4221550714141524      
1           -1.4221550714141524      
3           -12.799395642727369      
6           -1382.2495668311235      
1           -1.4221550714141524      
3           -12.799395642727369      
2           -5.6886202856566097      
1           -1.4221550714141524      
1           -1.4221550714141524      
1           -1.4221550714141524      
2           -5.6886202856566097      
1           -1.4221550714141524      
2           -5.6886202856566097      
2           -172.66560573366766      
0           0                        
3           -958.47869548702488      
3           -12.799395642727369      
2           -5.6886202856566097      
3           -12.799395642727369      
2           -12.154993100328085      
1           -1.4221550714141524      
2           -52.623045505849078      
0           0                        
1           -1.4221550714141524      
5           -2223.0522453251606      
2           -5.6886202856566097      
2           -5.6886202856566097      
1           -1.4221550714141524      
4           -794.05704646997094      
1           -1.4221550714141524      
4           -996.34302919582535      
3           -1520.5470983210587      
2           -5.6886202856566097      
1           -1.4221550714141524      
0           0                        
2           -16.635294970503402      
3           -12.799395642727369      
4           -22.754481142626439      
2           -5.6886202856566097      
1           -1.4221550714141524      
1           -1.4221550714141524      
0           0                        
1           -1.4221550714141524      
0           0                        
0           0                        
0           0                        
1           -1.4221550714141524      
6           -321.7077190090871       
3           -163.74700461797536      
4           -38.686586238698396      
2           -5.6886202856566097      
3           -1868.3535717803152      
2           -5.6886202856566097      
1           -1.4221550714141524      
4           -401.23258854550647      
2           -7.8828543646273062      
0           0                        
1           -1.4221550714141524      
0           0                        
2           -572.15630981010531      
2           -5.6886202856566097      
2           -44.110800573588747      
0           0                        
2           -5.6886202856566097      
