360 1 -3675 35 35 35
3           -16.610151658242209      
0           0                        
1           -1.3980144597053374      
1           -1.3980144597053374      
2           -422.34307651385643      
2           -5.5920578388213498      
1           -1.3980144597053374      
4           -22.368231355285399      
2           -5.5920578388213498      
1           -1.3980144597053374      
0           0                        
2           -5.5920578388213498      
1           -1.3980144597053374      
2           -5.5920578388213498      
0           0                        
1           -1.3980144597053374      
4           -1283.1557508853468      
3           -12.582130137348038      
2           -6.4898450447774145      
0           0                        
3           -12.582130137348038      
4           -34.242651508393983      
3           -12.582130137348038      
2           -5.5920578388213498      
1           -1.3980144597053374      
3           -12.582130137348038      
1           -1.3980144597053374      
2           -9.4753010792142263      
1           -1.3980144597053374      
1           -1.3980144597053374      
2           -5.5920578388213498      
5           -170.7292959229836       
2           -5.5920578388213498      
2           -5.5920578388213498      
0           0                        
0           0                        
1           -1.3980144597053374      
1           -1.3980144597053374      
1           -1.3980144597053374      
2           -5.5920578388213498      
3           -223.64068038134192      
2           -5.5920578388213498      
2           -5.5920578388213498      
1           -1.3980144597053374      
3           -60.033001938575929      
2           -5.5920578388213498      
0           0                        
0           0                        
1           -1.3980144597053374      
1           -1.3980144597053374      
1           -1.3980144597053374      
3           -60.613305976707942      
2           -5.5920578388213498      
1           -1.3980144597053374      
2           -7.3457383486280623      
4           -22.368231355285399      
3           -45.3006342645484        
2           -5.5920578388213498      
1           -1.3980144597053374      
4           -1854.6893343631273      
2           -5.5920578388213498      
1           -1.3980144597053374      
1           -1.3980144597053374      
1           -1.3980144597053374      
2           -5.5920578388213498      
1           -1.3980144597053374      
4           -25.301410665094011      
1           -1.3980144597053374      
1           -1.3980144597053374      
5           -1143.8458001376862      
1           -1.3980144597053374      
2           -233.07238839731559      
0           0                        
1           -1.3980144597053374      
3           -14.246679296020531      
1           -1.3980144597053374      
2           -5.5920578388213498      
1           -1.3980144597053374      
1           -1.3980144597053374      
0           0                        
4           -849.69552557561462      
3           -183.0824977506158       
4           -631.42743854813864      
2           -5.5920578388213498      
1           -1.3980144597053374      
1           -1.3980144597053374      
2           -5.5920578388213498      
2           -5.5920578388213498      
2           -5.5920578388213498      
0           0                        
1           -1.3980144597053374      
1           -1.3980144597053374      
3           -12.582130137348038      
5           -377.71762371358017      
2           -19.656903965912381      
2           -693.26209731194581      
2           -5.5920578388213498      
0           0                        
4           -609.42074364663324      
2           -5.5920578388213498      
0           0                        
