360 1 -3675 35 35 35
0           0                        
3           -130.73906942433558      
3           -12.974262710387126      
1           -1.4415847455985695      
2           -5.7663389823942781      
0           0                        
3           -12.974262710387126      
2           -5.7663389823942781      
7           -3339.4069747786148      
0           0                        
0           0                        
0           0                        
2           -5.7663389823942781      
0           0                        
0           0                        
2           -5.7663389823942781      
0           0                        
5           -1770.8159421711186      
1           -1.4415847455985695      
1           -1.4415847455985695      
0           0                        
2           -9.107004740220372       
2           -5.7663389823942781      
1           -1.4415847455985695      
2           -5.7663389823942781      
1           -1.4415847455985695      
0           0                        
3           -12.974262710387126      
1           -1.4415847455985695      
4           -24.187232698428307      
4           -891.90501926989191      
3           -12.974262710387126      
1           -1.4415847455985695      
3           -14.078283993300726      
0           0                        
2           -11.444583535110517      
1           -1.4415847455985695      
1           -1.4415847455985695      
1           -1.4415847455985695      
3           -12.974262710387126      
6           -1378.66835685965        
1           -1.4415847455985695      
3           -12.974262710387126      
2           -5.7663389823942781      
1           -1.4415847455985695      
1           -1.4415847455985695      
1           -1.4415847455985695      
2           -5.7663389823942781      
1           -1.4415847455985695      
2           -5.7663389823942781      
2           -174.82621457944444      
0           0                        
3           -960.35883354751343      
3           -12.974262710387126      
2           -5.7663389823942781      
3           -12.974262710387126      
2           -12.310441870405054      
1           -1.4415847455985695      
2           -53.318700726100708      
0           0                        
1           -1.4415847455985695      
5           -2246.1476298508001      
2           -5.7663389823942781      
2           -5.7663389823942781      
1           -1.4415847455985695      
4           -788.66977189792249      
1           -1.4415847455985695      
4           -986.20688178398484      
3           -1525.9129455777329      
2           -5.7663389823942781      
1           -1.4415847455985695      
0           0                        
2           -16.850801162348521      
3           -12.974262710387126      
4           -23.065355929577112      
2           -5.7663389823942781      
1           -1.4415847455985695      
1           -1.4415847455985695      
0           0                        
1           -1.4415847455985695      
0           0                        
0           0                        
0           0                        
1           -1.4415847455985695      
6           -319.44545504115752      
3           -165.8662955376316       
4           -39.202331605611548      
2           -5.7663389823942781      
3           -1858.6192976563591      
2           -5.7663389823942781      
1           -1.4415847455985695      
4           -406.00121565473648      
2           -7.9870734874929834      
0           0                        
1           -1.4415847455985695      
0           0                        
2           -567.79847401110078      
2           -5.7663389823942781      
2           -44.715920826035884      
0           0                        
2           -5.7663389823942781      
