360 1 -3675 35 35 35
2           -2.2512045114487211      
2           -2.2512045114487211      
1           -0.56280112786218028     
1           -0.56280112786218028     
2           -2.2512045114487211      
1           -0.56280112786218028     
0           0                        
2           -2.2512045114487211      
3           -5.0652101507596221      
1           -0.56280112786218028     
2           -157.11537089020462      
2           -80.392832503032736      
2           -345.37893834885102      
4           -43.417156020640469      
3           -5.0652101507596221      
2           -2.2512045114487211      
2           -2.2512045114487211      
1           -0.56280112786218028     
1           -0.56280112786218028     
2           -2.2512045114487211      
4           -27.43428178681058       
3           -208.84950373846166      
4           -124.95627157630344      
0           0                        
4           -118.12508306650167      
3           -5.0652101507596221      
6           -794.7105911511436       
2           -2.2512045114487211      
3           -16.680756301345422      
2           -2.2512045114487211      
4           -164.89608986968392      
1           -0.56280112786218028     
0           0                        
2           -2.2512045114487211      
2           -2.2512045114487211      
1           -0.56280112786218028     
2           -2.2512045114487211      
3           -341.90768028246856      
3           -5.0652101507596221      
2           -2.2512045114487211      
1           -0.56280112786218028     
3           -5.0652101507596221      
1           -0.56280112786218028     
3           -5.0652101507596221      
1           -0.56280112786218028     
2           -2.2512045114487211      
0           0                        
1           -0.56280112786218028     
1           -0.56280112786218028     
3           -5.0652101507596221      
0           0                        
1           -0.56280112786218028     
1           -0.56280112786218028     
5           -211.08944159352757      
4           -645.97306858917887      
0           0                        
1           -0.56280112786218028     
1           -0.56280112786218028     
6           -403.13775462217558      
1           -0.56280112786218028     
0           0                        
1           -0.56280112786218028     
0           0                        
3           -5.0652101507596221      
2           -2.2512045114487211      
2           -2.2512045114487211      
2           -2.2512045114487211      
2           -2.2512045114487211      
2           -2.2512045114487211      
1           -0.56280112786218028     
0           0                        
2           -2.2512045114487211      
1           -0.56280112786218028     
2           -17.093373448415662      
1           -0.56280112786218028     
1           -0.56280112786218028     
2           -2.2512045114487211      
2           -2.2512045114487211      
1           -0.56280112786218028     
6           -53.137635346607915      
1           -0.56280112786218028     
1           -0.56280112786218028     
0           0                        
0           0                        
5           -181.93268479878623      
2           -2.2512045114487211      
3           -5.0652101507596221      
3           -231.75598494432509      
3           -10.490021845923039      
1           -0.56280112786218028     
3           -447.88573842292055      
4           -209.13112272272701      
2           -2.2512045114487211      
1           -0.56280112786218028     
3           -6.115172197093016       
0           0                        
1           -0.56280112786218028     
1           -0.56280112786218028     
4           -674.35473178148425      
0           0                        
0           0                        
