360 1 -3675 35 35 35
4           -370.89321652400446      
2           -2.1845095552540323      
7           -473.38593376537625      
1           -0.54612738881350809     
3           -8.9548251221252837      
1           -0.54612738881350809     
4           -149.58005080468141      
2           -2.1845095552540323      
0           0                        
0           0                        
1           -0.54612738881350809     
3           -127.59998574806852      
1           -0.54612738881350809     
4           -8.7380382210161294      
1           -0.54612738881350809     
0           0                        
1           -0.54612738881350809     
2           -26.202217417942908      
2           -2.1845095552540323      
1           -0.54612738881350809     
1           -0.54612738881350809     
0           0                        
4           -245.81354252439954      
2           -2.1845095552540323      
0           0                        
4           -55.909732005643448      
5           -206.63008434549209      
1           -0.54612738881350809     
1           -0.54612738881350809     
1           -0.54612738881350809     
1           -0.54612738881350809     
0           0                        
5           -877.44531962130043      
2           -2.1845095552540323      
1           -0.54612738881350809     
2           -2.1845095552540323      
2           -4.5611890796111254      
0           0                        
3           -4.9151464993215725      
1           -0.54612738881350809     
1           -0.54612738881350809     
1           -0.54612738881350809     
0           0                        
5           -124.81861476118769      
1           -0.54612738881350809     
0           0                        
2           -2.1845095552540323      
6           -213.74178000481837      
2           -2.1845095552540323      
4           -27.490297125029315      
0           0                        
2           -33.368239726050497      
1           -0.54612738881350809     
1           -0.54612738881350809     
2           -4.4854389449454821      
3           -4.9151464993215725      
2           -2.9259067979664444      
0           0                        
1           -0.54612738881350809     
3           -13.712138772677822      
3           -4.9151464993215725      
0           0                        
2           -311.05065705721574      
5           -77.271726117635723      
2           -2.1845095552540323      
0           0                        
1           -0.54612738881350809     
0           0                        
4           -411.81442434488173      
3           -7.8671944024955076      
4           -27.473211188837912      
2           -2.1845095552540323      
5           -613.32112563416092      
1           -0.54612738881350809     
2           -2.1845095552540323      
0           0                        
0           0                        
2           -2.1845095552540323      
3           -4.9151464993215725      
0           0                        
0           0                        
1           -0.54612738881350809     
1           -0.54612738881350809     
1           -0.54612738881350809     
5           -388.46954434925527      
1           -0.54612738881350809     
0           0                        
1           -0.54612738881350809     
3           -4.9151464993215725      
5           -278.5367584816521       
2           -2.1845095552540323      
5           -284.25982914838102      
2           -2.1845095552540323      
4           -27.054239623892787      
5           -69.689985290032311      
1           -0.54612738881350809     
3           -8.0038538948073281      
1           -0.54612738881350809     
2           -174.27862357630747      
2           -2.1845095552540323      
1           -0.54612738881350809     
