360 1 -3675 35 35 35
0           0                        
3           -183.63677798361749      
2           -325.68891003542154      
3           -5.8389051290418035      
2           -2.1845095552540323      
3           -4.9151464993215725      
2           -2.1845095552540323      
0           0                        
1           -0.54612738881350809     
1           -0.54612738881350809     
4           -594.64150507174861      
0           0                        
1           -0.54612738881350809     
1           -0.54612738881350809     
5           -13.6531847203377        
2           -120.88304028412463      
4           -140.52049805838982      
1           -0.54612738881350809     
2           -2.1845095552540323      
7           -895.6438869288553       
1           -0.54612738881350809     
1           -0.54612738881350809     
3           -4.9151464993215725      
5           -15.460139095186038      
1           -0.54612738881350809     
0           0                        
1           -0.54612738881350809     
1           -0.54612738881350809     
2           -2.1845095552540323      
3           -4.9151464993215725      
2           -591.76166504938158      
1           -0.54612738881350809     
4           -223.85308024422213      
0           0                        
3           -4.9151464993215725      
1           -0.54612738881350809     
4           -51.123294961102474      
1           -0.54612738881350809     
1           -0.54612738881350809     
3           -4.9151464993215725      
2           -2.1845095552540323      
1           -0.54612738881350809     
4           -15.411803730197402      
1           -0.54612738881350809     
3           -4.9151464993215725      
0           0                        
2           -2.1845095552540323      
0           0                        
1           -0.54612738881350809     
3           -4.9151464993215725      
6           -325.85904568397257      
1           -0.54612738881350809     
3           -8.6013384322101594      
2           -2.1845095552540323      
1           -0.54612738881350809     
1           -0.54612738881350809     
0           0                        
3           -4.9151464993215725      
0           0                        
2           -2.1845095552540323      
4           -18.83971723070286       
2           -2.1845095552540323      
3           -4.9151464993215725      
4           -74.029198559923188      
2           -2.1845095552540323      
0           0                        
2           -2.1845095552540323      
2           -2.1845095552540323      
3           -444.95483556677306      
0           0                        
2           -105.26691329613635      
1           -0.54612738881350809     
4           -18.456998054780044      
5           -620.47337075884059      
1           -0.54612738881350809     
2           -2.1845095552540323      
1           -0.54612738881350809     
2           -2.1845095552540323      
5           -44.751196961981542      
0           0                        
1           -0.54612738881350809     
0           0                        
0           0                        
0           0                        
1           -0.54612738881350809     
0           0                        
3           -455.01580864537033      
2           -2.1845095552540323      
0           0                        
0           0                        
1           -0.54612738881350809     
1           -0.54612738881350809     
3           -10.683861765741909      
1           -0.54612738881350809     
3           -131.05726998383184      
2           -2.1845095552540323      
0           0                        
1           -0.54612738881350809     
2           -2.1845095552540323      
4           -402.57143611934265      
3           -4.9151464993215725      
