360 1 -3675 35 35 35
1           -1.4415847455985695      
2           -78.492025195034287      
2           -5.7663389823942781      
1           -1.4415847455985695      
4           -25.820814503816703      
4           -235.12464483450754      
1           -1.4415847455985695      
1           -1.4415847455985695      
1           -1.4415847455985695      
3           -13.707704477671824      
4           -23.065355929577112      
3           -1354.4385325848798      
2           -90.078070852298936      
2           -5.7663389823942781      
1           -1.4415847455985695      
1           -1.4415847455985695      
1           -1.4415847455985695      
1           -1.4415847455985695      
3           -499.411507258337        
0           0                        
2           -5.7663389823942781      
5           -1141.0745791364966      
3           -422.23788557131803      
3           -506.87262879431211      
2           -5.7663389823942781      
2           -5.7663389823942781      
2           -5.7663389823942781      
2           -5.7663389823942781      
1           -1.4415847455985695      
0           0                        
3           -65.354289462657647      
1           -1.4415847455985695      
2           -5.7663389823942781      
0           0                        
5           -1229.4390719159105      
1           -1.4415847455985695      
0           0                        
1           -1.4415847455985695      
2           -5.7663389823942781      
0           0                        
2           -5.7663389823942781      
5           -1139.8763611764166      
0           0                        
3           -496.50581592420855      
2           -5.7663389823942781      
1           -1.4415847455985695      
4           -445.59755300415878      
0           0                        
1           -1.4415847455985695      
0           0                        
3           -134.88470634335951      
3           -12.974262710387126      
0           0                        
0           0                        
2           -316.48598643077327      
2           -5.7663389823942781      
0           0                        
3           -12.974262710387126      
0           0                        
0           0                        
2           -5.7663389823942781      
1           -1.4415847455985695      
0           0                        
1           -1.4415847455985695      
1           -1.4415847455985695      
2           -5.7663389823942781      
0           0                        
0           0                        
2           -5.7663389823942781      
5           -40.785656705573707      
1           -1.4415847455985695      
1           -1.4415847455985695      
1           -1.4415847455985695      
1           -1.4415847455985695      
1           -1.4415847455985695      
1           -1.4415847455985695      
3           -17.721161144245439      
5           -193.71084219603213      
2           -5.7663389823942781      
0           0                        
1           -1.4415847455985695      
3           -12.974262710387126      
4           -271.74400988252114      
3           -12.974262710387126      
2           -5.7663389823942781      
0           0                        
2           -649.05453493970504      
1           -1.4415847455985695      
2           -5.7663389823942781      
5           -1220.4768524738095      
2           -5.7663389823942781      
2           -619.65424493696128      
1           -1.4415847455985695      
1           -1.4415847455985695      
2           -5.7663389823942781      
1           -1.4415847455985695      
5           -95.129871887311964      
0           0                        
1           -1.4415847455985695      
3           -23.288429923748069      
0           0                        
