360 1 -3675 35 35 35
1           -0.54612738881350809     
2           -43.556552582915401      
2           -2.1845095552540323      
1           -0.54612738881350809     
1           -0.54612738881350809     
0           0                        
3           -22.14976066678437       
1           -0.54612738881350809     
3           -4.9151464993215725      
2           -2.1845095552540323      
1           -0.54612738881350809     
1           -0.54612738881350809     
1           -0.54612738881350809     
1           -0.54612738881350809     
3           -591.41544842477049      
1           -0.54612738881350809     
0           0                        
0           0                        
2           -2.1845095552540323      
2           -2.1845095552540323      
1           -0.54612738881350809     
2           -2.1845095552540323      
1           -0.54612738881350809     
2           -2.1845095552540323      
4           -27.022205760131229      
2           -2.1845095552540323      
3           -171.70803166907837      
2           -2.1845095552540323      
3           -335.88890750295678      
0           0                        
5           -27.905184940231269      
0           0                        
6           -134.28803083192523      
2           -2.1845095552540323      
3           -4.9151464993215725      
4           -8.7380382210161294      
2           -2.1845095552540323      
0           0                        
2           -2.1845095552540323      
1           -0.54612738881350809     
1           -0.54612738881350809     
0           0                        
1           -0.54612738881350809     
4           -606.25346171341266      
4           -336.25649816095779      
0           0                        
5           -16.14116731560814       
0           0                        
2           -2.1845095552540323      
2           -3.1253483330966279      
4           -8.7380382210161294      
1           -0.54612738881350809     
1           -0.54612738881350809     
2           -2.1845095552540323      
2           -2.1845095552540323      
0           0                        
2           -2.1845095552540323      
1           -0.54612738881350809     
2           -314.46178420183526      
0           0                        
0           0                        
2           -37.992152768538219      
0           0                        
3           -4.9151464993215725      
5           -35.033227378886245      
0           0                        
2           -2.1845095552540323      
2           -379.86166606794933      
3           -7.9976054779848358      
1           -0.54612738881350809     
3           -146.45180643841678      
2           -2.1845095552540323      
4           -133.48122442778089      
1           -0.54612738881350809     
1           -0.54612738881350809     
1           -0.54612738881350809     
4           -131.15981968618325      
0           0                        
1           -0.54612738881350809     
5           -63.231559504071043      
3           -4.9151464993215725      
1           -0.54612738881350809     
2           -2.1845095552540323      
2           -2.1845095552540323      
1           -0.54612738881350809     
1           -0.54612738881350809     
1           -0.54612738881350809     
0           0                        
1           -0.54612738881350809     
2           -2.1845095552540323      
3           -6.4409059873038981      
2           -3.32486261229311        
0           0                        
1           -0.54612738881350809     
2           -35.384387417065021      
1           -0.54612738881350809     
3           -25.507607605891362      
2           -2.1845095552540323      
1           -0.54612738881350809     
2           -2.1845095552540323      
2           -2.1845095552540323      
