360 1 -3675 35 35 35
3           -1.764339832991862       
1           -0.19603775922131797     
0           0                        
5           -10.912768842626212      
2           -0.78415103688527188     
2           -2.6752183183985769      
4           -7.716842476916435       
0           0                        
1           -0.19603775922131797     
2           -0.78415103688527188     
4           -137.48205805871177      
1           -0.19603775922131797     
2           -0.78415103688527188     
2           -0.78415103688527188     
3           -28.728370203739743      
2           -0.78415103688527188     
0           0                        
1           -0.19603775922131797     
0           0                        
4           -15.361724725869832      
0           0                        
4           -141.92724662433562      
2           -24.756593448018712      
1           -0.19603775922131797     
2           -0.78415103688527188     
2           -0.78415103688527188     
2           -0.78415103688527188     
1           -0.19603775922131797     
2           -0.78415103688527188     
1           -0.19603775922131797     
3           -3.7077813320319359      
2           -0.78415103688527188     
1           -0.19603775922131797     
2           -5.8422334130861966      
4           -6.566689469428491       
0           0                        
2           -0.78415103688527188     
0           0                        
2           -0.78415103688527188     
3           -37.102055740341235      
2           -7.0800671849322478      
1           -0.19603775922131797     
6           -64.670263962691465      
3           -9.0427683435133712      
3           -83.793449582409608      
3           -129.105011791344        
2           -84.262734581933429      
5           -135.80224002142987      
0           0                        
1           -0.19603775922131797     
0           0                        
1           -0.19603775922131797     
3           -9.8843743919866629      
0           0                        
1           -0.19603775922131797     
1           -0.19603775922131797     
0           0                        
0           0                        
1           -0.19603775922131797     
6           -280.32896367594674      
1           -0.19603775922131797     
0           0                        
0           0                        
1           -0.19603775922131797     
1           -0.19603775922131797     
0           0                        
2           -0.78415103688527188     
3           -1.764339832991862       
2           -0.78415103688527188     
0           0                        
2           -0.78415103688527188     
0           0                        
2           -0.78415103688527188     
2           -3.0813686383332008      
1           -0.19603775922131797     
3           -39.605496984471657      
3           -1.764339832991862       
3           -1.764339832991862       
2           -0.78415103688527188     
2           -0.78415103688527188     
0           0                        
0           0                        
1           -0.19603775922131797     
2           -0.78415103688527188     
2           -0.78415103688527188     
2           -0.78415103688527188     
1           -0.19603775922131797     
1           -0.19603775922131797     
3           -1.764339832991862       
1           -0.19603775922131797     
5           -36.655025714917613      
4           -37.948522625816729      
0           0                        
3           -84.704989978623104      
1           -0.19603775922131797     
3           -18.669758634418475      
2           -0.78415103688527188     
0           0                        
3           -1.764339832991862       
1           -0.19603775922131797     
1           -0.19603775922131797     
