360 1 -3675 35 35 35
1           -0.54612738881350809     
1           -0.54612738881350809     
0           0                        
0           0                        
3           -4.9151464993215725      
1           -0.54612738881350809     
4           -8.7380382210161294      
3           -13.7163326448246        
2           -2.1845095552540323      
1           -0.54612738881350809     
0           0                        
0           0                        
2           -2.1845095552540323      
3           -47.247302560354463      
2           -2.9674444450603294      
0           0                        
0           0                        
1           -0.54612738881350809     
2           -2.1845095552540323      
1           -0.54612738881350809     
0           0                        
1           -0.54612738881350809     
2           -281.62699968329059      
3           -125.13948255225884      
1           -0.54612738881350809     
3           -4.9151464993215725      
1           -0.54612738881350809     
5           -551.75480885901027      
0           0                        
2           -2.1845095552540323      
2           -2.1845095552540323      
3           -4.9151464993215725      
2           -2.1845095552540323      
1           -0.54612738881350809     
0           0                        
1           -0.54612738881350809     
0           0                        
0           0                        
1           -0.54612738881350809     
1           -0.54612738881350809     
2           -2.1845095552540323      
1           -0.54612738881350809     
2           -2.1845095552540323      
2           -16.528147844063444      
3           -590.64050445557848      
1           -0.54612738881350809     
2           -2.1845095552540323      
0           0                        
1           -0.54612738881350809     
1           -0.54612738881350809     
0           0                        
1           -0.54612738881350809     
2           -2.1845095552540323      
1           -0.54612738881350809     
4           -80.481701779201273      
1           -0.54612738881350809     
1           -0.54612738881350809     
0           0                        
1           -0.54612738881350809     
0           0                        
1           -0.54612738881350809     
4           -455.46463881766635      
5           -18.093370265702781      
0           0                        
2           -2.1845095552540323      
0           0                        
3           -4.9151464993215725      
7           -933.66567791091359      
0           0                        
2           -2.1845095552540323      
3           -10.30399054730862       
3           -69.018293469669914      
7           -167.87237236475514      
1           -0.54612738881350809     
1           -0.54612738881350809     
4           -244.41234987265611      
4           -38.169126935147801      
2           -2.1845095552540323      
1           -0.54612738881350809     
2           -2.1845095552540323      
2           -2.1845095552540323      
0           0                        
2           -2.1845095552540323      
3           -311.30343760520265      
1           -0.54612738881350809     
0           0                        
5           -189.54736160358496      
1           -0.54612738881350809     
2           -25.91591339779459       
4           -32.91690135601543       
0           0                        
0           0                        
2           -2.1845095552540323      
3           -4.9151464993215725      
2           -2.1845095552540323      
2           -3.1769932171515474      
0           0                        
4           -268.90097184034647      
1           -0.54612738881350809     
0           0                        
1           -0.54612738881350809     
