360 1 -3675 35 35 35
0           0                        
3           -12.974262710387126      
1           -1.4415847455985695      
0           0                        
1           -1.4415847455985695      
8           -3533.5780128847441      
2           -5.7663389823942781      
3           -12.974262710387126      
0           0                        
2           -5.7663389823942781      
2           -5.7663389823942781      
3           -12.974262710387126      
0           0                        
0           0                        
1           -1.4415847455985695      
0           0                        
0           0                        
5           -36.039618639964239      
4           -2003.3304388479744      
1           -1.4415847455985695      
0           0                        
1           -1.4415847455985695      
1           -1.4415847455985695      
2           -5.7663389823942781      
2           -5.7663389823942781      
1           -1.4415847455985695      
4           -417.6933507171828       
0           0                        
1           -1.4415847455985695      
1           -1.4415847455985695      
2           -5.7663389823942781      
2           -5.7663389823942781      
0           0                        
4           -1329.8560991461634      
0           0                        
4           -136.73627754251132      
0           0                        
1           -1.4415847455985695      
4           -137.78539948550321      
0           0                        
1           -1.4415847455985695      
1           -1.4415847455985695      
2           -5.7663389823942781      
0           0                        
1           -1.4415847455985695      
2           -13.464014519176239      
1           -1.4415847455985695      
2           -390.12456462105001      
0           0                        
1           -1.4415847455985695      
2           -6.8036350016696172      
2           -5.7663389823942781      
3           -1712.4834812808679      
0           0                        
0           0                        
2           -5.7663389823942781      
2           -5.7663389823942781      
3           -12.974262710387126      
0           0                        
1           -1.4415847455985695      
1           -1.4415847455985695      
4           -38.894853069778769      
0           0                        
1           -1.4415847455985695      
1           -1.4415847455985695      
1           -1.4415847455985695      
2           -5.7663389823942781      
3           -250.45079396409008      
2           -5.7663389823942781      
2           -5.7663389823942781      
0           0                        
2           -5.7663389823942781      
1           -1.4415847455985695      
3           -12.974262710387126      
1           -1.4415847455985695      
2           -5.7663389823942781      
1           -1.4415847455985695      
2           -5.7663389823942781      
0           0                        
1           -1.4415847455985695      
4           -581.55791089622073      
2           -5.7663389823942781      
0           0                        
3           -1188.7793602278828      
0           0                        
2           -594.67077112147422      
3           -12.974262710387126      
1           -1.4415847455985695      
3           -12.974262710387126      
1           -1.4415847455985695      
3           -461.63403091494047      
2           -5.7663389823942781      
0           0                        
2           -5.7663389823942781      
1           -1.4415847455985695      
2           -5.7663389823942781      
2           -33.30529646763862       
1           -1.4415847455985695      
3           -17.983753152044613      
2           -7.1061576731749145      
2           -5.7663389823942781      
