360 1 -3675 35 35 35
5           -33.463978172930652      
1           -0.56280112786218028     
6           -272.18910895340531      
2           -2.2512045114487211      
1           -0.56280112786218028     
1           -0.56280112786218028     
2           -2.2512045114487211      
0           0                        
2           -2.2512045114487211      
1           -0.56280112786218028     
3           -139.50148917781655      
0           0                        
1           -0.56280112786218028     
4           -27.838708698440378      
5           -34.84511019939832       
3           -5.0652101507596221      
2           -2.2512045114487211      
5           -16.014875838441892      
0           0                        
1           -0.56280112786218028     
2           -13.412526816511836      
4           -108.04358862823509      
2           -23.534571899723161      
1           -0.56280112786218028     
0           0                        
0           0                        
1           -0.56280112786218028     
2           -37.7909609594332        
1           -0.56280112786218028     
1           -0.56280112786218028     
3           -5.0652101507596221      
0           0                        
0           0                        
2           -2.2512045114487211      
1           -0.56280112786218028     
2           -2.2512045114487211      
2           -168.03682275646705      
1           -0.56280112786218028     
4           -127.78023625474563      
3           -7.5611156096706562      
0           0                        
3           -5.0652101507596221      
1           -0.56280112786218028     
1           -0.56280112786218028     
4           -44.850726407734598      
2           -2.2512045114487211      
2           -2.2512045114487211      
1           -0.56280112786218028     
2           -2.2512045114487211      
3           -9.5889385063955999      
3           -5.0652101507596221      
1           -0.56280112786218028     
3           -93.8797558831521        
4           -53.227639861218648      
5           -39.284428538760331      
2           -2.2512045114487211      
3           -100.10960102036375      
1           -0.56280112786218028     
2           -2.2512045114487211      
2           -2.2512045114487211      
1           -0.56280112786218028     
6           -385.68562949269187      
2           -2.2512045114487211      
6           -230.09746215749368      
2           -2.2512045114487211      
2           -2.2512045114487211      
2           -2.2512045114487211      
0           0                        
2           -2.2512045114487211      
0           0                        
0           0                        
1           -0.56280112786218028     
4           120.15056372043173       
3           -5.0652101507596221      
2           -2.2512045114487211      
0           0                        
0           0                        
2           -2.2512045114487211      
2           -2.2512045114487211      
2           -2.2512045114487211      
3           -5.0652101507596221      
3           -5.0652101507596221      
1           -0.56280112786218028     
3           -229.67811623378722      
0           0                        
4           -63.621100442138903      
0           0                        
5           -64.479228589725096      
0           0                        
2           -2.2512045114487211      
2           -2.2512045114487211      
1           -0.56280112786218028     
4           -9.0048180457948845      
3           -570.08725929158913      
1           -0.56280112786218028     
2           -2.2512045114487211      
1           -0.56280112786218028     
1           -0.56280112786218028     
3           -5.0652101507596221      
3           -193.95166962099714      
3           -5.0652101507596221      
