360 1 -3675 35 35 35
1           -0.56280112786218028     
2           -27.201076035223956      
2           -2.2512045114487211      
1           -0.56280112786218028     
4           -9.0048180457948845      
4           -95.444534936951015      
1           -0.56280112786218028     
1           -0.56280112786218028     
1           -0.56280112786218028     
3           -5.7986519180443183      
4           -9.0048180457948845      
3           -522.31251454769892      
2           -14.899822265365572      
2           -2.2512045114487211      
1           -0.56280112786218028     
1           -0.56280112786218028     
1           -0.56280112786218028     
1           -0.56280112786218028     
3           -134.78763851715209      
0           0                        
2           -2.2512045114487211      
5           -414.75388581501318      
3           -126.32862005832818      
3           -185.11831337404746      
2           -2.2512045114487211      
2           -2.2512045114487211      
2           -2.2512045114487211      
2           -2.2512045114487211      
1           -0.56280112786218028     
0           0                        
3           -17.434903581779452      
1           -0.56280112786218028     
2           -2.2512045114487211      
0           0                        
5           -3.9466502444999954      
1           -0.56280112786218028     
0           0                        
1           -0.56280112786218028     
2           -2.2512045114487211      
0           0                        
2           -2.2512045114487211      
5           -540.06068248317217      
0           0                        
3           -126.80574775950805      
2           -2.2512045114487211      
1           -0.56280112786218028     
4           -101.26459526590074      
0           0                        
1           -0.56280112786218028     
0           0                        
3           -27.187408379019995      
3           -5.0652101507596221      
0           0                        
0           0                        
2           -156.76268952605031      
2           -2.2512045114487211      
0           0                        
3           -5.0652101507596221      
0           0                        
0           0                        
2           -2.2512045114487211      
1           -0.56280112786218028     
0           0                        
1           -0.56280112786218028     
1           -0.56280112786218028     
2           -2.2512045114487211      
0           0                        
0           0                        
2           -2.2512045114487211      
5           -15.041896549307079      
1           -0.56280112786218028     
1           -0.56280112786218028     
1           -0.56280112786218028     
1           -0.56280112786218028     
1           -0.56280112786218028     
1           -0.56280112786218028     
3           -5.852052577084204       
5           -91.828991205488194      
2           -2.2512045114487211      
0           0                        
1           -0.56280112786218028     
3           -5.0652101507596221      
4           -95.514013784304467      
3           -5.0652101507596221      
2           -2.2512045114487211      
0           0                        
2           -389.44601355603339      
1           -0.56280112786218028     
2           -2.2512045114487211      
5           -476.98288931473638      
2           -2.2512045114487211      
2           -239.51187342459039      
1           -0.56280112786218028     
1           -0.56280112786218028     
2           -2.2512045114487211      
1           -0.56280112786218028     
5           -29.464190135491329      
0           0                        
1           -0.56280112786218028     
3           -13.131438673040225      
0           0                        
