360 1 -3675 35 35 35
0           0                        
2           -0.80944354447203892     
1           -0.20236088611800973     
0           0                        
2           -0.80944354447203892     
0           0                        
1           -0.20236088611800973     
5           -50.196176594364623      
0           0                        
3           -2.9412998010724438      
0           0                        
0           0                        
0           0                        
1           -0.20236088611800973     
3           -1.8212479750620876      
3           -1.8212479750620876      
0           0                        
1           -0.20236088611800973     
2           -0.80944354447203892     
1           -0.20236088611800973     
2           -0.80944354447203892     
2           -0.80944354447203892     
0           0                        
4           -3.2377741778881557      
4           -18.234571815813823      
0           0                        
1           -0.20236088611800973     
3           -1.8212479750620876      
2           -0.80944354447203892     
1           -0.20236088611800973     
2           -121.39564702289681      
2           -0.80944354447203892     
2           -0.80944354447203892     
3           -1.8212479750620876      
3           -1.8212479750620876      
2           -0.80944354447203892     
1           -0.20236088611800973     
2           -0.80944354447203892     
1           -0.20236088611800973     
3           -3.2294769932507301      
0           0                        
2           -6.375668543635733       
1           -0.20236088611800973     
1           -0.20236088611800973     
4           -6.1799309982611348      
0           0                        
1           -0.20236088611800973     
5           -244.57788269975248      
5           -6.3688825751846538      
3           -1.8212479750620876      
4           -363.56108455856725      
6           -100.46833725080751      
0           0                        
3           -119.81652686555228      
2           -0.80944354447203892     
3           -6.2457584749456547      
1           -0.20236088611800973     
1           -0.20236088611800973     
2           -0.80944354447203892     
3           -1.8212479750620876      
7           -49.462804352354617      
3           -1.8212479750620876      
3           -30.188070362047618      
0           0                        
2           -0.80944354447203892     
2           -62.291773120085026      
1           -0.20236088611800973     
1           -0.20236088611800973     
4           -3.2377741778881557      
0           0                        
1           -0.20236088611800973     
1           -0.20236088611800973     
2           -0.80944354447203892     
2           -18.974611338898331      
3           -41.597447981732202      
2           -0.80944354447203892     
3           -119.17536316624376      
1           -0.20236088611800973     
3           -32.456111439698788      
3           -128.17713934102264      
5           -30.739748857424949      
2           -3.4968531367525935      
1           -0.20236088611800973     
1           -0.20236088611800973     
5           -81.131768435160197      
3           -17.255168998602429      
4           -19.666077946437731      
1           -0.20236088611800973     
2           -0.80944354447203892     
0           0                        
3           -1.8212479750620876      
1           -0.20236088611800973     
3           -1.8212479750620876      
1           -0.20236088611800973     
1           -0.20236088611800973     
2           -0.80944354447203892     
2           -0.80944354447203892     
3           -1.8212479750620876      
2           -7.0310449453548021      
0           0                        
0           0                        
