360 1 -3675 35 35 35
4           -865.54079108595488      
2           -5.5920578388213498      
7           -1303.519937664134       
1           -1.3980144597053374      
3           -20.870001080623901      
1           -1.3980144597053374      
4           -444.49276217529939      
2           -5.5920578388213498      
0           0                        
0           0                        
1           -1.3980144597053374      
3           -243.23472610940837      
1           -1.3980144597053374      
4           -22.368231355285399      
1           -1.3980144597053374      
0           0                        
1           -1.3980144597053374      
2           -178.15640679057589      
2           -5.5920578388213498      
1           -1.3980144597053374      
1           -1.3980144597053374      
0           0                        
4           -520.0866207407355       
2           -5.5920578388213498      
0           0                        
4           -162.13830356476836      
5           -687.82720625147749      
1           -1.3980144597053374      
1           -1.3980144597053374      
1           -1.3980144597053374      
1           -1.3980144597053374      
0           0                        
5           -2295.6205707844629      
2           -5.5920578388213498      
1           -1.3980144597053374      
2           -5.5920578388213498      
2           -26.286164588696913      
0           0                        
3           -12.582130137348038      
1           -1.3980144597053374      
1           -1.3980144597053374      
1           -1.3980144597053374      
0           0                        
5           -272.58718918775742      
1           -1.3980144597053374      
0           0                        
2           -5.5920578388213498      
6           -733.22244479343021      
2           -5.5920578388213498      
4           -134.12392920902494      
0           0                        
2           -109.15416719484088      
1           -1.3980144597053374      
1           -1.3980144597053374      
2           -17.736260325474227      
3           -12.582130137348038      
2           -10.58065946282276       
0           0                        
1           -1.3980144597053374      
3           -36.527027369699937      
3           -12.582130137348038      
0           0                        
2           -970.40763063094266      
5           -160.67884514168378      
2           -5.5920578388213498      
0           0                        
1           -1.3980144597053374      
0           0                        
4           -1301.6420685940832      
3           -19.49348840853942       
4           -60.881620998315697      
2           -5.5920578388213498      
5           -1277.642468701511       
1           -1.3980144597053374      
2           -5.5920578388213498      
0           0                        
0           0                        
2           -5.5920578388213498      
3           -12.582130137348038      
0           0                        
0           0                        
1           -1.3980144597053374      
1           -1.3980144597053374      
1           -1.3980144597053374      
5           -846.79713378185704      
1           -1.3980144597053374      
0           0                        
1           -1.3980144597053374      
3           -12.582130137348038      
5           -793.76396736072024      
2           -5.5920578388213498      
5           -953.35001975189937      
2           -5.5920578388213498      
4           -59.862428720084552      
5           -348.38287399533908      
1           -1.3980144597053374      
3           -21.599209367330086      
1           -1.3980144597053374      
2           -280.08534519621207      
2           -5.5920578388213498      
1           -1.3980144597053374      
