360 1 -3675 35 35 35
2           -2.2512045114487211      
5           -294.73234888642145      
0           0                        
2           -2.2512045114487211      
1           -0.56280112786218028     
2           -2.2512045114487211      
1           -0.56280112786218028     
1           -0.56280112786218028     
2           -2.2512045114487211      
2           -9.6089311138678575      
0           0                        
4           -255.07923800037884      
4           -375.69906773022558      
0           0                        
3           -5.0652101507596221      
3           -5.0652101507596221      
0           0                        
3           -13.970666321546469      
0           0                        
2           -2.2512045114487211      
2           -51.665118557491873      
1           -0.56280112786218028     
3           -42.239586343820861      
2           -316.87419749649314      
3           -5.0652101507596221      
1           -0.56280112786218028     
3           -5.0652101507596221      
0           0                        
3           -210.03748856696805      
2           -2.2512045114487211      
4           -9.0048180457948845      
0           0                        
0           0                        
4           -9.0048180457948845      
0           0                        
2           -2.2512045114487211      
2           -2.2512045114487211      
2           -2.2512045114487211      
2           -493.7670556608802       
1           -0.56280112786218028     
5           -362.64920485469315      
1           -0.56280112786218028     
1           -0.56280112786218028     
1           -0.56280112786218028     
0           0                        
2           -2.2512045114487211      
1           -0.56280112786218028     
4           -180.27370562353218      
4           -90.881617732184566      
2           -2.2512045114487211      
1           -0.56280112786218028     
2           -2.2512045114487211      
1           -0.56280112786218028     
3           -8.9782302708263231      
0           0                        
2           -2.2512045114487211      
2           -2.2512045114487211      
0           0                        
0           0                        
2           -2.2512045114487211      
1           -0.56280112786218028     
1           -0.56280112786218028     
1           -0.56280112786218028     
2           -19.161556109834208      
4           -9.0048180457948845      
1           -0.56280112786218028     
4           -9.0048180457948845      
3           -5.0652101507596221      
4           -9.0048180457948845      
2           -2.2512045114487211      
0           0                        
1           -0.56280112786218028     
1           -0.56280112786218028     
1           -0.56280112786218028     
1           -0.56280112786218028     
1           -0.56280112786218028     
6           -379.38485434324815      
1           -0.56280112786218028     
0           0                        
1           -0.56280112786218028     
3           -5.7866820952908764      
4           -27.596923912691981      
0           0                        
1           -0.56280112786218028     
1           -0.56280112786218028     
1           -0.56280112786218028     
0           0                        
4           -9.0048180457948845      
2           -2.2512045114487211      
2           -2.2512045114487211      
0           0                        
1           -0.56280112786218028     
4           -376.14051793945669      
2           -2.2512045114487211      
2           -2.2512045114487211      
1           -0.56280112786218028     
3           -5.0652101507596221      
4           -112.02537010120264      
2           -2.2512045114487211      
0           0                        
2           -2.2512045114487211      
