360 1 -3675 35 35 35
1           -1.3980144597053374      
1           -1.3980144597053374      
0           0                        
0           0                        
3           -12.582130137348038      
1           -1.3980144597053374      
4           -22.368231355285399      
3           -69.664081536408133      
2           -5.5920578388213498      
1           -1.3980144597053374      
0           0                        
0           0                        
2           -5.5920578388213498      
3           -115.60470009794486      
2           -14.340369680816384      
0           0                        
0           0                        
1           -1.3980144597053374      
2           -5.5920578388213498      
1           -1.3980144597053374      
0           0                        
1           -1.3980144597053374      
2           -682.82985578058697      
3           -631.70068755532043      
1           -1.3980144597053374      
3           -12.582130137348038      
1           -1.3980144597053374      
5           -1228.901860117606       
0           0                        
2           -12.439755842826099      
2           -5.5920578388213498      
3           -12.582130137348038      
2           -5.5920578388213498      
1           -1.3980144597053374      
0           0                        
1           -1.3980144597053374      
0           0                        
0           0                        
1           -1.3980144597053374      
1           -1.3980144597053374      
2           -5.5920578388213498      
1           -1.3980144597053374      
2           -5.5920578388213498      
2           -41.859930841488591      
3           -1597.9137629549841      
1           -1.3980144597053374      
2           -5.5920578388213498      
0           0                        
1           -1.3980144597053374      
1           -1.3980144597053374      
0           0                        
1           -1.3980144597053374      
2           -5.5920578388213498      
1           -1.3980144597053374      
4           -381.25659594137949      
1           -1.3980144597053374      
1           -1.3980144597053374      
0           0                        
1           -1.3980144597053374      
0           0                        
1           -1.3980144597053374      
4           -1274.9133419959844      
5           -45.035338390304375      
0           0                        
2           -5.5920578388213498      
0           0                        
3           -12.582130137348038      
7           -2808.0324375375371      
0           0                        
2           -5.5920578388213498      
3           -33.264252289127491      
3           -257.24633649564413      
7           -635.85317260766908      
1           -1.3980144597053374      
1           -1.3980144597053374      
4           -434.50281491417519      
4           -112.08531158481421      
2           -5.5920578388213498      
1           -1.3980144597053374      
2           -5.5920578388213498      
2           -5.5920578388213498      
0           0                        
2           -5.5920578388213498      
3           -1007.1600782884957      
1           -1.3980144597053374      
0           0                        
5           -563.53387318993487      
1           -1.3980144597053374      
2           -59.334292004126226      
4           -144.23868209386129      
0           0                        
0           0                        
2           -5.5920578388213498      
3           -12.582130137348038      
2           -5.5920578388213498      
2           -15.295830613051386      
0           0                        
4           -544.8632057948488       
1           -1.3980144597053374      
0           0                        
1           -1.3980144597053374      
