360 1 -3675 35 35 35
1           -0.20236088611800973     
1           -0.20236088611800973     
1           -0.20236088611800973     
1           -0.20236088611800973     
1           -0.20236088611800973     
2           -133.60672318853219      
1           -0.20236088611800973     
1           -0.20236088611800973     
0           0                        
3           -1.8212479750620876      
1           -0.20236088611800973     
0           0                        
2           -4.4325593545286637      
1           -0.20236088611800973     
0           0                        
0           0                        
2           -18.336401944224228      
1           -0.20236088611800973     
4           -34.427517019247041      
4           -4.4164646291423093      
3           -1.8212479750620876      
0           0                        
2           -0.80944354447203892     
0           0                        
0           0                        
1           -0.20236088611800973     
2           -0.80944354447203892     
5           -28.095861943037008      
0           0                        
0           0                        
1           -0.20236088611800973     
1           -0.20236088611800973     
2           -0.80944354447203892     
3           -1.8212479750620876      
2           -0.80944354447203892     
5           -76.912686940648541      
2           -0.80944354447203892     
3           -3.2605196110641921      
1           -0.20236088611800973     
1           -0.20236088611800973     
1           -0.20236088611800973     
1           -0.20236088611800973     
4           -7.2702778077290988      
2           -0.80944354447203892     
1           -0.20236088611800973     
1           -0.20236088611800973     
1           -0.20236088611800973     
2           -35.695755153450811      
1           -0.20236088611800973     
2           -0.80944354447203892     
0           0                        
1           -0.20236088611800973     
3           -1.8212479750620876      
2           -39.240229483785015      
6           -136.80447603221867      
2           -0.80944354447203892     
2           -0.80944354447203892     
2           -0.80944354447203892     
2           -0.80944354447203892     
1           -0.20236088611800973     
4           -210.09825542304387      
1           -0.20236088611800973     
2           -18.775152988543642      
2           -0.80944354447203892     
5           -135.56265653910864      
2           -135.29025030200191      
1           -0.20236088611800973     
2           -0.80944354447203892     
1           -0.20236088611800973     
1           -0.20236088611800973     
2           -0.80944354447203892     
2           -5.5201776570056573      
1           -0.20236088611800973     
1           -0.20236088611800973     
3           -102.45807241521426      
2           -0.80944354447203892     
1           -0.20236088611800973     
1           -0.20236088611800973     
1           -0.20236088611800973     
1           -0.20236088611800973     
1           -0.20236088611800973     
3           -1.8212479750620876      
2           -0.80944354447203892     
2           -0.80944354447203892     
0           0                        
0           0                        
1           -0.20236088611800973     
0           0                        
2           -0.80944354447203892     
0           0                        
3           -12.655328144503175      
2           -1.8550084577230299      
4           -3.2377741778881557      
1           -0.20236088611800973     
1           -0.20236088611800973     
0           0                        
2           -0.80944354447203892     
4           -6.1474402898551084      
3           -4.7152805079047084      
1           -0.20236088611800973     
1           -0.20236088611800973     
