360 1 -3675 35 35 35
1           -1.4415847455985695      
2           -5.7663389823942781      
0           0                        
2           -227.80051170146928      
1           -1.4415847455985695      
3           -12.974262710387126      
2           -5.7663389823942781      
0           0                        
0           0                        
1           -1.4415847455985695      
2           -5.7663389823942781      
2           -5.7663389823942781      
2           -22.399300615588849      
1           -1.4415847455985695      
3           -598.11520690963425      
0           0                        
0           0                        
0           0                        
3           -12.974262710387126      
4           -46.367918727188012      
1           -1.4415847455985695      
2           -5.7663389823942781      
3           -1241.5227029720565      
1           -1.4415847455985695      
1           -1.4415847455985695      
1           -1.4415847455985695      
1           -1.4415847455985695      
2           -5.7663389823942781      
1           -1.4415847455985695      
2           -5.7663389823942781      
5           -535.7600439523078       
0           0                        
2           -5.7663389823942781      
1           -1.4415847455985695      
2           -5.7663389823942781      
2           -5.7663389823942781      
2           -10.876417360584288      
2           -5.7663389823942781      
2           -5.7663389823942781      
1           -1.4415847455985695      
3           -12.974262710387126      
0           0                        
4           -1194.1499943551171      
1           -1.4415847455985695      
4           -53.596159265943811      
1           -1.4415847455985695      
4           -509.04559980334949      
1           -1.4415847455985695      
2           -5.7663389823942781      
0           0                        
2           -14.904110617909733      
0           0                        
1           -1.4415847455985695      
3           -31.233047084604106      
1           -1.4415847455985695      
1           -1.4415847455985695      
3           -15.214374345917077      
2           -5.7663389823942781      
2           -5.7663389823942781      
1           -1.4415847455985695      
1           -1.4415847455985695      
2           -5.7663389823942781      
2           -5.7663389823942781      
5           -821.15202312377221      
1           -1.4415847455985695      
0           0                        
1           -1.4415847455985695      
0           0                        
1           -1.4415847455985695      
4           -23.065355929577112      
6           -1473.7939213350671      
1           -1.4415847455985695      
1           -1.4415847455985695      
4           -2275.6266669804322      
3           -352.55871403932383      
1           -1.4415847455985695      
2           -5.7663389823942781      
0           0                        
2           -5.7663389823942781      
1           -1.4415847455985695      
0           0                        
1           -1.4415847455985695      
2           -5.7663389823942781      
3           -12.974262710387126      
2           -5.7663389823942781      
3           -12.974262710387126      
1           -1.4415847455985695      
3           -12.974262710387126      
2           -5.7663389823942781      
1           -1.4415847455985695      
3           -12.974262710387126      
5           -851.5131296380581       
2           -5.7663389823942781      
2           -5.7663389823942781      
2           -5.7663389823942781      
5           -36.039618639964239      
0           0                        
2           -5.7663389823942781      
3           -61.945737541617319      
5           -1352.1021610419373      
0           0                        
