360 1 -3675 35 35 35
1           -1.3980144597053374      
1           -1.3980144597053374      
3           -20.360914145430009      
2           -5.5920578388213498      
0           0                        
0           0                        
4           -800.22259003178306      
3           -127.34305405728264      
1           -1.3980144597053374      
0           0                        
1           -1.3980144597053374      
3           -12.582130137348038      
0           0                        
2           -5.5920578388213498      
2           -444.25986358082775      
2           -5.5920578388213498      
0           0                        
4           -76.946739047474338      
3           -12.582130137348038      
2           -5.5920578388213498      
1           -1.3980144597053374      
4           -356.8547866832721       
1           -1.3980144597053374      
7           -1829.2077682174786      
3           -271.49904176560329      
1           -1.3980144597053374      
3           -12.582130137348038      
2           -5.5920578388213498      
0           0                        
3           -20.426998183602805      
2           -5.5920578388213498      
2           -524.71223809669721      
0           0                        
2           -5.5920578388213498      
2           -12.202658036224456      
1           -1.3980144597053374      
1           -1.3980144597053374      
3           -332.86373807838453      
1           -1.3980144597053374      
1           -1.3980144597053374      
2           -14.577221184572437      
2           -5.5920578388213498      
1           -1.3980144597053374      
0           0                        
1           -1.3980144597053374      
0           0                        
2           -5.5920578388213498      
0           0                        
3           -12.582130137348038      
5           -60.994306108271438      
1           -1.3980144597053374      
0           0                        
4           -519.32143356114284      
1           -1.3980144597053374      
0           0                        
1           -1.3980144597053374      
1           -1.3980144597053374      
1           -1.3980144597053374      
3           -252.0553032903737       
1           -1.3980144597053374      
3           -12.582130137348038      
0           0                        
2           -5.5920578388213498      
2           -5.5920578388213498      
1           -1.3980144597053374      
0           0                        
0           0                        
0           0                        
5           -98.41418858950658       
4           -39.546693440638634      
2           -5.5920578388213498      
4           -45.007856297933593      
2           -5.5920578388213498      
4           -37.774753106341045      
8           -1354.2658159330556      
4           -22.368231355285399      
4           -139.2496763741658       
2           -5.5920578388213498      
1           -1.3980144597053374      
2           -5.5920578388213498      
4           -178.35278574552513      
2           -5.5920578388213498      
2           -5.5920578388213498      
1           -1.3980144597053374      
2           -5.5920578388213498      
1           -1.3980144597053374      
1           -1.3980144597053374      
1           -1.3980144597053374      
2           -54.273101088548195      
1           -1.3980144597053374      
0           0                        
2           -5.5920578388213498      
1           -1.3980144597053374      
0           0                        
2           -5.5920578388213498      
0           0                        
3           -356.84412506445722      
3           -12.582130137348038      
1           -1.3980144597053374      
2           -32.210605525523746      
2           -5.5920578388213498      
