360 1 -3675 35 35 35
2           -2.9777937239447478      
1           -0.56280112786218028     
2           -2.2512045114487211      
3           -6.7647602999610479      
5           -202.60015340643244      
1           -0.56280112786218028     
5           -17.160312434785293      
2           -11.489990519492645      
4           -17.501884308507385      
1           -0.56280112786218028     
1           -0.56280112786218028     
7           -426.32670319973624      
0           0                        
1           -0.56280112786218028     
0           0                        
0           0                        
3           -5.0652101507596221      
2           -2.2512045114487211      
1           -0.56280112786218028     
2           -2.2512045114487211      
1           -0.56280112786218028     
2           -37.264199217323593      
2           -2.2512045114487211      
4           -41.198161621458105      
4           -563.46005325599424      
3           -5.0652101507596221      
4           -13.789039446850012      
0           0                        
3           -5.0652101507596221      
9           -542.75480158783148      
4           -139.69594040446637      
0           0                        
0           0                        
2           -15.826793854512692      
0           0                        
1           -0.56280112786218028     
2           -2.2512045114487211      
1           -0.56280112786218028     
2           -224.78073052121223      
7           -723.62966371568336      
0           0                        
1           -0.56280112786218028     
1           -0.56280112786218028     
1           -0.56280112786218028     
1           -0.56280112786218028     
1           -0.56280112786218028     
1           -0.56280112786218028     
2           -35.800090679102205      
0           0                        
0           0                        
2           -2.2512045114487211      
3           -5.0652101507596221      
4           -9.0048180457948845      
1           -0.56280112786218028     
1           -0.56280112786218028     
1           -0.56280112786218028     
0           0                        
6           -1156.8884477104091      
1           -0.56280112786218028     
1           -0.56280112786218028     
1           -0.56280112786218028     
3           -5.0652101507596221      
5           -1391.8916289473957      
3           -120.35449336353862      
0           0                        
4           -66.127314556212866      
3           -13.648845131690653      
3           -10.57168011632308       
0           0                        
2           -2.2512045114487211      
2           -169.49149996921324      
0           0                        
0           0                        
1           -0.56280112786218028     
2           -2.2512045114487211      
1           -0.56280112786218028     
2           -2.2512045114487211      
2           -2.2512045114487211      
2           -2.2512045114487211      
0           0                        
1           -0.56280112786218028     
1           -0.56280112786218028     
0           0                        
4           -363.60608614836116      
2           -78.532306699559484      
3           -5.0652101507596221      
1           -0.56280112786218028     
0           0                        
0           0                        
1           -0.56280112786218028     
3           -5.0652101507596221      
1           -0.56280112786218028     
0           0                        
2           -4.1041255991266983      
0           0                        
2           -26.611609504184592      
4           -212.22040386172068      
0           0                        
1           -0.56280112786218028     
3           -507.30647196737266      
3           -54.278979956764815      
