360 1 -3675 35 35 35
2           -417.73373142412083      
3           -731.97494518073381      
1           -1.4415847455985695      
2           -344.05042616023849      
2           -5.7663389823942781      
1           -1.4415847455985695      
1           -1.4415847455985695      
2           -8.9744631368731351      
5           -547.41828046277385      
1           -1.4415847455985695      
1           -1.4415847455985695      
1           -1.4415847455985695      
3           -625.29170524574511      
5           -1230.2567494687571      
3           -12.974262710387126      
3           -296.3727362523091       
2           -5.7663389823942781      
1           -1.4415847455985695      
3           -12.974262710387126      
0           0                        
2           -5.7663389823942781      
5           -248.33528980441602      
5           -56.180079447495409      
3           -79.235631530430524      
2           -5.7663389823942781      
2           -15.621774367937032      
4           -30.083241129745282      
1           -1.4415847455985695      
3           -42.028247958286443      
1           -1.4415847455985695      
4           -266.8472559217617       
3           -146.09253033567185      
1           -1.4415847455985695      
1           -1.4415847455985695      
1           -1.4415847455985695      
0           0                        
5           -1245.9584387383004      
2           -5.7663389823942781      
3           -12.974262710387126      
4           -918.20941338137993      
4           -29.383855743298412      
2           -5.7663389823942781      
2           -5.7663389823942781      
1           -1.4415847455985695      
0           0                        
2           -628.19952182834527      
0           0                        
2           -9.7584464749742406      
1           -1.4415847455985695      
3           -28.787427659038567      
1           -1.4415847455985695      
2           -5.7663389823942781      
1           -1.4415847455985695      
2           -5.7663389823942781      
0           0                        
3           -1048.9375469947356      
0           0                        
0           0                        
1           -1.4415847455985695      
1           -1.4415847455985695      
1           -1.4415847455985695      
0           0                        
4           -23.065355929577112      
3           -493.01216827214705      
2           -5.7663389823942781      
3           -12.974262710387126      
1           -1.4415847455985695      
2           -5.7663389823942781      
1           -1.4415847455985695      
1           -1.4415847455985695      
1           -1.4415847455985695      
3           -995.37031247174139      
2           -5.7663389823942781      
2           -353.41867196146285      
2           -5.7663389823942781      
2           -5.7663389823942781      
1           -1.4415847455985695      
0           0                        
1           -1.4415847455985695      
1           -1.4415847455985695      
2           -5.7663389823942781      
4           -46.920991106900246      
1           -1.4415847455985695      
2           -5.7663389823942781      
0           0                        
1           -1.4415847455985695      
2           -8.3831527605866967      
3           -12.974262710387126      
0           0                        
0           0                        
3           -13.919962432298222      
0           0                        
1           -1.4415847455985695      
1           -1.4415847455985695      
0           0                        
4           -251.08624797008497      
2           -5.7663389823942781      
1           -1.4415847455985695      
3           -27.556029897455264      
1           -1.4415847455985695      
1           -1.4415847455985695      
