360 1 -3675 35 35 35
3           -4.9151464993215725      
2           -4.0423655005706269      
2           -2.1845095552540323      
0           0                        
0           0                        
2           -2.1845095552540323      
3           -554.62177936541855      
3           -5.6269235547609382      
0           0                        
3           -4.9151464993215725      
2           -2.1845095552540323      
1           -0.54612738881350809     
1           -0.54612738881350809     
1           -0.54612738881350809     
2           -99.099718197512033      
1           -0.54612738881350809     
0           0                        
3           -4.9151464993215725      
3           -12.92462548308405       
2           -48.080638526494191      
2           -2.1845095552540323      
0           0                        
2           -10.795161519677496      
3           -6.3300067420820136      
2           -19.497916429484391      
2           -2.1845095552540323      
1           -0.54612738881350809     
0           0                        
1           -0.54612738881350809     
2           -2.1845095552540323      
0           0                        
0           0                        
6           -809.12519949406772      
2           -2.1845095552540323      
0           0                        
1           -0.54612738881350809     
3           -4.9151464993215725      
4           -371.59591628734631      
1           -0.54612738881350809     
3           -385.75579451098082      
1           -0.54612738881350809     
2           -2.1845095552540323      
1           -0.54612738881350809     
3           -457.52093497416359      
0           0                        
0           0                        
1           -0.54612738881350809     
5           -400.91301946489881      
2           -2.1845095552540323      
3           -4.9151464993215725      
0           0                        
1           -0.54612738881350809     
2           -2.1845095552540323      
1           -0.54612738881350809     
2           -3.6368319139865086      
1           -0.54612738881350809     
4           -322.33454876494261      
2           -2.1845095552540323      
1           -0.54612738881350809     
2           -2.1845095552540323      
1           -0.54612738881350809     
2           -66.95412269081578       
2           -2.1845095552540323      
3           -9.2568610630161423      
0           0                        
3           -106.987426572337        
3           -4.9151464993215725      
3           -128.38220766206155      
0           0                        
3           -4.9151464993215725      
1           -0.54612738881350809     
5           -130.92054226671922      
1           -0.54612738881350809     
4           -132.74393775726128      
0           0                        
0           0                        
0           0                        
0           0                        
0           0                        
1           -0.54612738881350809     
2           -2.1845095552540323      
1           -0.54612738881350809     
1           -0.54612738881350809     
3           -4.9151464993215725      
4           -556.60817676286342      
2           -2.1845095552540323      
0           0                        
4           -543.24723781112766      
1           -0.54612738881350809     
4           -8.7380382210161294      
0           0                        
3           -225.13276027157667      
2           -2.1845095552540323      
2           -2.1845095552540323      
2           -2.1845095552540323      
2           -174.58890755333948      
0           0                        
0           0                        
3           -311.18130151294673      
5           -48.170041862313219      
2           -2.1845095552540323      
