360 1 -3675 35 35 35
3           -13.882389090017977      
2           -12.073676605102687      
2           -5.6886202856566097      
0           0                        
0           0                        
2           -5.6886202856566097      
3           -986.82618095267594      
3           -16.506762516481977      
0           0                        
3           -12.799395642727369      
2           -5.6886202856566097      
1           -1.4221550714141524      
1           -1.4221550714141524      
1           -1.4221550714141524      
2           -317.37622814585535      
1           -1.4221550714141524      
0           0                        
3           -15.952444375125818      
3           -51.137094050397643      
2           -311.19095385252848      
2           -5.6886202856566097      
0           0                        
2           -22.164426908642753      
3           -20.37010442414498       
2           -119.80685513263838      
2           -5.6886202856566097      
1           -1.4221550714141524      
0           0                        
1           -1.4221550714141524      
2           -5.6886202856566097      
0           0                        
0           0                        
6           -1818.8028250022253      
2           -5.6886202856566097      
0           0                        
1           -1.4221550714141524      
3           -12.799395642727369      
4           -1099.9583762242371      
1           -1.4221550714141524      
3           -781.313625802405        
1           -1.4221550714141524      
2           -5.6886202856566097      
1           -1.4221550714141524      
3           -572.90039195687518      
0           0                        
0           0                        
1           -1.4221550714141524      
5           -1076.6558468298731      
2           -5.6886202856566097      
3           -12.799395642727369      
0           0                        
1           -1.4221550714141524      
2           -5.6886202856566097      
1           -1.4221550714141524      
2           -12.394371773565563      
1           -1.4221550714141524      
4           -702.94888438786415      
2           -5.6886202856566097      
1           -1.4221550714141524      
2           -5.6886202856566097      
1           -1.4221550714141524      
2           -154.87975826368279      
2           -5.6886202856566097      
3           -43.200229582700956      
0           0                        
3           -412.73022047170446      
3           -12.799395642727369      
3           -278.67903253316962      
0           0                        
3           -12.799395642727369      
1           -1.4221550714141524      
5           -599.25917777351526      
1           -1.4221550714141524      
4           -398.38919733601256      
0           0                        
0           0                        
0           0                        
0           0                        
0           0                        
1           -1.4221550714141524      
2           -5.6886202856566097      
1           -1.4221550714141524      
1           -1.4221550714141524      
3           -12.799395642727369      
4           -1239.7997562947785      
2           -5.6886202856566097      
0           0                        
4           -1003.2829764393151      
1           -1.4221550714141524      
4           -22.754481142626439      
0           0                        
3           -615.71645368622092      
2           -5.6886202856566097      
2           -5.6886202856566097      
2           -5.6886202856566097      
2           -783.34570681362413      
0           0                        
0           0                        
3           -761.06701605840999      
5           -124.24360450633688      
2           -5.6886202856566097      
