360 1 -3675 35 35 35
1           -1.4415847455985695      
1           -1.4415847455985695      
2           -5.7663389823942781      
4           -39.613810618426704      
1           -1.4415847455985695      
1           -1.4415847455985695      
0           0                        
0           0                        
1           -1.4415847455985695      
1           -1.4415847455985695      
2           -5.7663389823942781      
0           0                        
0           0                        
1           -1.4415847455985695      
3           -12.974262710387126      
4           -23.065355929577112      
1           -1.4415847455985695      
4           -82.214697360516126      
2           -5.7663389823942781      
2           -5.7663389823942781      
1           -1.4415847455985695      
2           -5.7663389823942781      
0           0                        
5           -842.49467027072353      
1           -1.4415847455985695      
2           -541.84285737149435      
3           -12.974262710387126      
1           -1.4415847455985695      
2           -5.7663389823942781      
3           -12.974262710387126      
2           -5.7663389823942781      
4           -50.931784269874449      
0           0                        
1           -1.4415847455985695      
3           -118.19006147022297      
3           -610.38898410727052      
0           0                        
3           -49.919446029326082      
0           0                        
2           -84.973587863870378      
2           -5.7663389823942781      
1           -1.4415847455985695      
2           -5.7663389823942781      
1           -1.4415847455985695      
1           -1.4415847455985695      
2           -5.7663389823942781      
1           -1.4415847455985695      
6           -510.02461926626546      
2           -5.7663389823942781      
1           -1.4415847455985695      
2           -5.7663389823942781      
2           -5.7663389823942781      
0           0                        
1           -1.4415847455985695      
1           -1.4415847455985695      
2           -5.7663389823942781      
0           0                        
3           -12.974262710387126      
2           -5.7663389823942781      
2           -5.7663389823942781      
2           -5.7663389823942781      
1           -1.4415847455985695      
1           -1.4415847455985695      
4           -629.74411362700846      
1           -1.4415847455985695      
2           -5.7663389823942781      
1           -1.4415847455985695      
3           -402.18590165286133      
1           -1.4415847455985695      
0           0                        
3           -16.816089586625672      
3           -12.974262710387126      
2           -5.7663389823942781      
3           -12.974262710387126      
5           -79.63536921701261       
3           -621.76857888623397      
0           0                        
3           -419.81316179297585      
2           -5.7663389823942781      
3           -12.974262710387126      
2           -5.7663389823942781      
1           -1.4415847455985695      
0           0                        
0           0                        
3           -12.974262710387126      
2           -5.7663389823942781      
0           0                        
3           -46.450318481161304      
2           -5.7663389823942781      
1           -1.4415847455985695      
4           -1009.0155648179021      
2           -5.7663389823942781      
2           -29.357031696921357      
3           -453.17236938734817      
3           -12.974262710387126      
1           -1.4415847455985695      
1           -1.4415847455985695      
2           -51.20676575752735       
0           0                        
0           0                        
3           -65.846208038484832      
