360 1 -3675 35 35 35
1           -0.56280112786218028     
0           0                        
0           0                        
1           -0.56280112786218028     
2           -2.2512045114487211      
1           -0.56280112786218028     
3           -233.98923474993407      
3           -5.0652101507596221      
2           -2.2512045114487211      
2           -2.2512045114487211      
1           -0.56280112786218028     
0           0                        
2           -2.2512045114487211      
2           -2.2512045114487211      
0           0                        
3           -5.0652101507596221      
1           -0.56280112786218028     
0           0                        
5           -224.53502357486363      
3           -12.808856318013929      
5           -190.75957558591551      
2           -2.2512045114487211      
2           -2.2512045114487211      
2           -2.2512045114487211      
2           -7.313210266756089       
2           -2.2512045114487211      
5           -74.808886063474887      
4           -347.29835257465413      
0           0                        
0           0                        
1           -0.56280112786218028     
2           -2.2512045114487211      
2           -2.2512045114487211      
0           0                        
0           0                        
1           -0.56280112786218028     
1           -0.56280112786218028     
1           -0.56280112786218028     
3           -5.0652101507596221      
2           -2.2512045114487211      
2           -169.19814136902136      
7           -61.207057998785878      
0           0                        
2           -2.2512045114487211      
1           -0.56280112786218028     
4           -17.434814468710371      
3           -18.639507307612249      
2           -2.2512045114487211      
4           -552.98018175769062      
1           -0.56280112786218028     
2           -17.608980513892405      
2           -2.2512045114487211      
0           0                        
1           -0.56280112786218028     
1           -0.56280112786218028     
3           -5.0652101507596221      
2           -2.2512045114487211      
0           0                        
0           0                        
0           0                        
3           -184.74238135696862      
4           -28.987104560488902      
1           -0.56280112786218028     
4           -138.64635186171412      
3           -5.0652101507596221      
0           0                        
3           -14.273887420233537      
0           0                        
5           -430.70034377209271      
1           -0.56280112786218028     
1           -0.56280112786218028     
2           -2.2512045114487211      
4           -82.953704042499112      
0           0                        
3           -5.0652101507596221      
2           -52.179239525668983      
1           -0.56280112786218028     
3           -192.22101524254703      
1           -0.56280112786218028     
2           -2.2512045114487211      
3           -5.0652101507596221      
2           -2.2512045114487211      
1           -0.56280112786218028     
1           -0.56280112786218028     
3           -5.0652101507596221      
0           0                        
1           -0.56280112786218028     
0           0                        
3           -62.38378864786786       
0           0                        
5           -872.9546870920675       
2           -2.2512045114487211      
1           -0.56280112786218028     
1           -0.56280112786218028     
0           0                        
5           -692.20843581270412      
2           -2.2512045114487211      
2           -2.2512045114487211      
3           -232.96524779930644      
2           -3.3168246894976363      
3           -5.0652101507596221      
