360 1 -3675 35 35 35
0           0                        
3           -152.18287573424391      
1           -0.20236088611800973     
1           -0.20236088611800973     
3           -1.8212479750620876      
2           -2.7736978821089093      
0           0                        
0           0                        
1           -0.20236088611800973     
2           -0.80944354447203892     
1           -0.20236088611800973     
1           -0.20236088611800973     
1           -0.20236088611800973     
4           -5.0062507560433325      
0           0                        
2           -24.736781285886405      
2           -0.80944354447203892     
4           -7.9231030344056599      
0           0                        
2           -0.80944354447203892     
1           -0.20236088611800973     
2           -4.7020216330441151      
3           -17.875125522508782      
4           -197.45397811865766      
1           -0.20236088611800973     
6           -346.56176298507341      
2           -0.80944354447203892     
1           -0.20236088611800973     
1           -0.20236088611800973     
0           0                        
1           -0.20236088611800973     
2           -0.80944354447203892     
7           -72.997899417494608      
1           -0.20236088611800973     
2           -0.80944354447203892     
0           0                        
4           -132.09717012461007      
2           -0.80944354447203892     
1           -0.20236088611800973     
3           -1.8212479750620876      
4           -6.6827158607914274      
2           -0.80944354447203892     
2           -0.80944354447203892     
0           0                        
3           -20.766535948331089      
2           -0.80944354447203892     
0           0                        
3           -9.6796492709432922      
0           0                        
2           -0.80944354447203892     
2           -0.80944354447203892     
4           -8.8423021951961687      
2           -23.338779190200768      
0           0                        
4           -3.2377741778881557      
2           -0.80944354447203892     
0           0                        
4           -143.12085453732141      
1           -0.20236088611800973     
2           -0.80944354447203892     
0           0                        
1           -0.20236088611800973     
1           -0.20236088611800973     
0           0                        
0           0                        
1           -0.20236088611800973     
0           0                        
1           -0.20236088611800973     
3           -69.490977187640439      
2           -0.80944354447203892     
2           -0.80944354447203892     
1           -0.20236088611800973     
0           0                        
2           -42.236168181155975      
2           -0.80944354447203892     
2           -0.80944354447203892     
5           -180.73112278574251      
1           -0.20236088611800973     
2           -0.80944354447203892     
1           -0.20236088611800973     
1           -0.20236088611800973     
0           0                        
2           -0.80944354447203892     
3           -1.8212479750620876      
1           -0.20236088611800973     
2           -0.80944354447203892     
5           -5.0590221529502433      
0           0                        
1           -0.20236088611800973     
3           -1.8212479750620876      
2           -0.80944354447203892     
1           -0.20236088611800973     
1           -0.20236088611800973     
2           -0.80944354447203892     
1           -0.20236088611800973     
3           -23.849476117820942      
1           -0.20236088611800973     
3           -4.2001330250686202      
1           -0.20236088611800973     
3           -10.029040125492074      
2           -0.80944354447203892     
