360 1 -3675 35 35 35
1           -1.4221550714141524      
2           -5.6886202856566097      
0           0                        
2           -5.6886202856566097      
4           -34.764156132073239      
2           -5.6886202856566097      
1           -1.4221550714141524      
2           -952.89246418151333      
0           0                        
1           -1.4221550714141524      
2           -540.81834412150545      
4           -32.958407692044403      
2           -5.6886202856566097      
1           -1.4221550714141524      
1           -1.4221550714141524      
0           0                        
2           -5.6886202856566097      
2           -5.6886202856566097      
0           0                        
3           -174.32851993311485      
1           -1.4221550714141524      
3           -40.416515783574553      
7           -986.46822905421118      
2           -5.6886202856566097      
1           -1.4221550714141524      
1           -1.4221550714141524      
1           -1.4221550714141524      
2           -5.6886202856566097      
1           -1.4221550714141524      
3           -91.692987212838148      
0           0                        
1           -1.4221550714141524      
6           -1367.2340656055112      
0           0                        
3           -439.42448504718493      
1           -1.4221550714141524      
0           0                        
2           -1033.3817441805536      
1           -1.4221550714141524      
4           -697.92980896176437      
3           -20.394806023588245      
1           -1.4221550714141524      
1           -1.4221550714141524      
2           -5.6886202856566097      
1           -1.4221550714141524      
2           -10.203268857188744      
3           -12.799395642727369      
2           -5.6886202856566097      
2           -5.6886202856566097      
2           -5.6886202856566097      
5           -1055.6824951987164      
1           -1.4221550714141524      
1           -1.4221550714141524      
4           -1133.8019014218696      
0           0                        
7           -953.96186240983388      
3           -2220.3573392701123      
3           -44.798271650787612      
1           -1.4221550714141524      
4           -174.74200458877047      
1           -1.4221550714141524      
3           -46.245457301647029      
1           -1.4221550714141524      
2           -20.221173478236306      
0           0                        
1           -1.4221550714141524      
3           -23.013369698196055      
3           -16.963315638712054      
1           -1.4221550714141524      
0           0                        
2           -5.6886202856566097      
3           -18.913830094596932      
1           -1.4221550714141524      
0           0                        
5           -541.54346761273951      
1           -1.4221550714141524      
2           -206.06659558818671      
5           -35.553876785353808      
0           0                        
1           -1.4221550714141524      
0           0                        
2           -5.6886202856566097      
2           -14.28242178331864       
1           -1.4221550714141524      
3           -883.38838230935153      
4           -30.270018089791147      
1           -1.4221550714141524      
4           -301.71459187477433      
2           -5.6886202856566097      
0           0                        
2           -5.6886202856566097      
2           -5.6886202856566097      
2           -8.2693557653728611      
7           -239.68444751685058      
2           -5.6886202856566097      
1           -1.4221550714141524      
2           -5.6886202856566097      
0           0                        
4           -182.89643961688625      
1           -1.4221550714141524      
0           0                        
