360 1 -3675 35 35 35
0           0                        
7           -86.973699199517341      
4           -58.655946860432664      
1           -0.20236088611800973     
1           -0.20236088611800973     
0           0                        
2           -12.888732574058103      
0           0                        
6           -307.78245686220657      
0           0                        
0           0                        
0           0                        
2           -0.80944354447203892     
5           -338.72064935547178      
2           -0.80944354447203892     
3           -143.08458316180887      
1           -0.20236088611800973     
0           0                        
2           -0.80944354447203892     
0           0                        
1           -0.20236088611800973     
0           0                        
1           -0.20236088611800973     
2           -0.80944354447203892     
1           -0.20236088611800973     
0           0                        
3           -1.8212479750620876      
2           -22.186232635533525      
3           -144.66756680801166      
2           -0.80944354447203892     
3           -1.8212479750620876      
3           -1.8212479750620876      
0           0                        
1           -0.20236088611800973     
1           -0.20236088611800973     
0           0                        
1           -0.20236088611800973     
0           0                        
4           -105.07039778334901      
2           -3.5990940972166938      
1           -0.20236088611800973     
1           -0.20236088611800973     
1           -0.20236088611800973     
3           -1.8212479750620876      
4           -3.2377741778881557      
1           -0.20236088611800973     
0           0                        
3           -1.8212479750620876      
3           -1.8212479750620876      
3           -1.8212479750620876      
2           -40.561503828362994      
2           -0.80944354447203892     
2           -0.80944354447203892     
3           -1.8212479750620876      
0           0                        
2           -10.359666058655769      
2           -0.80944354447203892     
3           -116.7554091846239       
1           -0.20236088611800973     
4           -43.831747274880357      
2           -0.80944354447203892     
4           -7.479433619152597       
7           -70.225444937993828      
2           -2.8012165627967738      
2           -0.80944354447203892     
1           -0.20236088611800973     
2           -0.80944354447203892     
2           -0.80944354447203892     
2           -52.799262793525941      
3           -4.5388916419249483      
1           -0.20236088611800973     
2           -0.80944354447203892     
6           -155.66781341728102      
2           -0.80944354447203892     
0           0                        
1           -0.20236088611800973     
0           0                        
3           -1.8212479750620876      
1           -0.20236088611800973     
2           -0.80944354447203892     
0           0                        
1           -0.20236088611800973     
1           -0.20236088611800973     
0           0                        
0           0                        
2           -2.4021250819055791      
3           -52.489457688381684      
2           -0.80944354447203892     
4           -22.743177562251351      
2           -0.80944354447203892     
1           -0.20236088611800973     
3           -1.8212479750620876      
0           0                        
0           0                        
2           -11.548143261981497      
2           -0.80944354447203892     
2           -37.015962639672544      
2           -3.3851077562942775      
1           -0.20236088611800973     
0           0                        
1           -0.20236088611800973     
