360 1 -3675 35 35 35
1           -1.4415847455985695      
3           -709.57904705700219      
2           -5.7663389823942781      
2           -5.7663389823942781      
0           0                        
2           -21.973621367945935      
1           -1.4415847455985695      
2           -5.7663389823942781      
3           -12.974262710387126      
3           -12.974262710387126      
3           -126.95069440240444      
4           -1038.6804136909743      
5           -109.37666565034186      
2           -5.7663389823942781      
4           -56.231313941434664      
3           -12.974262710387126      
0           0                        
2           -501.1989569872382       
4           -196.1753671253351       
0           0                        
2           -5.7663389823942781      
3           -381.15285507280657      
0           0                        
2           -5.7663389823942781      
1           -1.4415847455985695      
0           0                        
1           -1.4415847455985695      
2           -342.00048826696974      
2           -5.7663389823942781      
2           -5.7663389823942781      
4           -415.79917617759372      
6           -1163.7110661363597      
4           -25.264410092677387      
3           -29.849269328383297      
4           -72.059145322261003      
1           -1.4415847455985695      
5           -706.5686360541273       
0           0                        
0           0                        
2           -5.7663389823942781      
2           -5.7663389823942781      
3           -92.395277273266785      
2           -5.7663389823942781      
1           -1.4415847455985695      
3           -327.49212134579807      
0           0                        
0           0                        
0           0                        
2           -5.7663389823942781      
2           -5.7663389823942781      
1           -1.4415847455985695      
1           -1.4415847455985695      
2           -5.7663389823942781      
1           -1.4415847455985695      
1           -1.4415847455985695      
1           -1.4415847455985695      
2           -5.7663389823942781      
6           -651.56917278431354      
2           -5.7663389823942781      
0           0                        
1           -1.4415847455985695      
0           0                        
1           -1.4415847455985695      
3           -589.68352986057971      
2           -5.7663389823942781      
3           -144.99919621521497      
2           -5.7663389823942781      
2           -5.7663389823942781      
5           -771.49407770903099      
1           -1.4415847455985695      
5           -509.07220266450616      
1           -1.4415847455985695      
3           -12.974262710387126      
1           -1.4415847455985695      
2           -305.68518228638624      
3           -569.26143364183224      
4           -205.39222350954125      
0           0                        
1           -1.4415847455985695      
2           -5.7663389823942781      
1           -1.4415847455985695      
1           -1.4415847455985695      
2           -391.09186966207693      
4           -698.30355175726743      
2           -5.7663389823942781      
1           -1.4415847455985695      
1           -1.4415847455985695      
0           0                        
2           -5.7663389823942781      
1           -1.4415847455985695      
0           0                        
0           0                        
2           -738.60089050889223      
1           -1.4415847455985695      
7           -3924.9314694733725      
6           -2331.6622067175304      
5           -458.79410131535622      
3           -12.974262710387126      
3           -12.974262710387126      
0           0                        
1           -1.4415847455985695      
