360 1 -3675 35 35 35
2           -2.1845095552540323      
3           -4.9151464993215725      
3           -11.744618929341835      
2           -15.265665359162792      
4           -33.88097545523938       
2           -2.1845095552540323      
0           0                        
5           -365.72808360031763      
3           -4.9151464993215725      
1           -0.54612738881350809     
1           -0.54612738881350809     
1           -0.54612738881350809     
2           -2.1845095552540323      
4           -99.442806447648081      
2           -2.1845095552540323      
3           -4.9151464993215725      
3           -4.9151464993215725      
6           -90.899669392232482      
1           -0.54612738881350809     
3           -27.385865943909984      
2           -2.1845095552540323      
2           -3.0368029675071675      
2           -2.1845095552540323      
1           -0.54612738881350809     
0           0                        
0           0                        
0           0                        
2           -2.1845095552540323      
2           -2.1845095552540323      
1           -0.54612738881350809     
2           -11.842087005127226      
1           -0.54612738881350809     
3           -4.9151464993215725      
2           -2.1845095552540323      
2           -2.1845095552540323      
2           -2.1845095552540323      
0           0                        
1           -0.54612738881350809     
1           -0.54612738881350809     
5           -385.46491897260336      
1           -0.54612738881350809     
3           -4.9151464993215725      
0           0                        
1           -0.54612738881350809     
2           -248.96686320664571      
1           -0.54612738881350809     
2           -2.1845095552540323      
0           0                        
3           -28.119206359844416      
1           -0.54612738881350809     
2           -27.025570457642942      
3           -10.966416478888082      
3           -162.0268697859251       
2           -2.1845095552540323      
1           -0.54612738881350809     
0           0                        
1           -0.54612738881350809     
6           -20.421401658755833      
0           0                        
3           -52.786387115833378      
1           -0.54612738881350809     
4           -201.47297044455985      
4           -31.183475170798111      
0           0                        
1           -0.54612738881350809     
0           0                        
2           -2.1845095552540323      
4           -500.80614393066509      
2           -2.1845095552540323      
2           -2.1845095552540323      
3           -4.9151464993215725      
3           -31.278351311231063      
2           -108.41553450555953      
2           -2.1845095552540323      
1           -0.54612738881350809     
1           -0.54612738881350809     
1           -0.54612738881350809     
3           -5.7653131925913552      
1           -0.54612738881350809     
2           -2.1845095552540323      
2           -2.1845095552540323      
2           -3.8618638233375551      
0           0                        
3           -112.63231290483702      
4           -30.918047550313343      
1           -0.54612738881350809     
0           0                        
4           -8.7380382210161294      
1           -0.54612738881350809     
1           -0.54612738881350809     
6           -312.69375849959567      
2           -2.1845095552540323      
0           0                        
2           -2.1845095552540323      
6           -174.69410318449232      
1           -0.54612738881350809     
0           0                        
2           -2.1845095552540323      
3           -4.9151464993215725      
0           0                        
0           0                        
