360 1 -3675 35 35 35
3           -12.582130137348038      
1           -1.3980144597053374      
3           -13.671402413867771      
2           -5.5920578388213498      
0           0                        
0           0                        
0           0                        
5           -84.459281156193427      
0           0                        
1           -1.3980144597053374      
1           -1.3980144597053374      
1           -1.3980144597053374      
3           -172.15333398120973      
1           -1.3980144597053374      
0           0                        
5           -44.944857202611125      
0           0                        
3           -12.582130137348038      
2           -5.5920578388213498      
2           -5.5920578388213498      
2           -5.5920578388213498      
1           -1.3980144597053374      
1           -1.3980144597053374      
3           -12.582130137348038      
2           -5.5920578388213498      
1           -1.3980144597053374      
1           -1.3980144597053374      
1           -1.3980144597053374      
1           -1.3980144597053374      
2           -7.5442573688746775      
1           -1.3980144597053374      
0           0                        
0           0                        
1           -1.3980144597053374      
0           0                        
0           0                        
1           -1.3980144597053374      
2           -7.4883219832672614      
1           -1.3980144597053374      
5           -984.37690477871899      
0           0                        
3           -13.705970107107643      
0           0                        
1           -1.3980144597053374      
4           -399.34037789891437      
2           -264.11697896225155      
0           0                        
0           0                        
1           -1.3980144597053374      
2           -5.5920578388213498      
0           0                        
0           0                        
1           -1.3980144597053374      
0           0                        
0           0                        
4           -954.38861855558184      
1           -1.3980144597053374      
2           -383.0194699569355       
2           -5.5920578388213498      
2           -5.5920578388213498      
3           -15.557808099830744      
3           -55.587259210279065      
0           0                        
1           -1.3980144597053374      
4           -85.863316482238204      
1           -1.3980144597053374      
2           -5.5920578388213498      
3           -995.80703906878205      
3           -12.582130137348038      
2           -91.183059335407663      
2           -5.5920578388213498      
0           0                        
2           -5.5920578388213498      
1           -1.3980144597053374      
0           0                        
1           -1.3980144597053374      
1           -1.3980144597053374      
3           -386.34645969804609      
0           0                        
3           -32.137893859453925      
1           -1.3980144597053374      
2           -23.090439699307147      
1           -1.3980144597053374      
0           0                        
4           -95.488336990695416      
2           -435.61046580383106      
0           0                        
1           -1.3980144597053374      
3           -49.395877146195993      
4           -714.3253043498928       
5           -2799.6976661932131      
3           -139.22153584007629      
1           -1.3980144597053374      
1           -1.3980144597053374      
2           -5.5920578388213498      
2           -18.686563216041822      
0           0                        
1           -1.3980144597053374      
1           -1.3980144597053374      
0           0                        
0           0                        
