360 1 -3675 35 35 35
0           0                        
3           -32.011957878387747      
3           -1.764339832991862       
1           -0.19603775922131797     
2           -0.78415103688527188     
0           0                        
3           -1.764339832991862       
2           -0.78415103688527188     
7           -433.96245271419713      
0           0                        
0           0                        
0           0                        
2           -0.78415103688527188     
0           0                        
0           0                        
2           -0.78415103688527188     
0           0                        
5           -264.8711625381228       
1           -0.19603775922131797     
1           -0.19603775922131797     
0           0                        
2           -3.1671125090112842      
2           -0.78415103688527188     
1           -0.19603775922131797     
2           -0.78415103688527188     
1           -0.19603775922131797     
0           0                        
3           -1.764339832991862       
1           -0.19603775922131797     
4           -4.2234289988547697      
4           -157.95665015985253      
3           -1.764339832991862       
1           -0.19603775922131797     
3           -1.764339832991862       
0           0                        
2           -2.1072892714344227      
1           -0.19603775922131797     
1           -0.19603775922131797     
1           -0.19603775922131797     
3           -1.764339832991862       
6           -4.7374304647240857      
1           -0.19603775922131797     
3           -1.764339832991862       
2           -0.78415103688527188     
1           -0.19603775922131797     
1           -0.19603775922131797     
1           -0.19603775922131797     
2           -0.78415103688527188     
1           -0.19603775922131797     
2           -0.78415103688527188     
2           -41.079235576150445      
0           0                        
3           -109.1677016311436       
3           -1.764339832991862       
2           -0.78415103688527188     
3           -1.764339832991862       
2           -4.415514804843883       
1           -0.19603775922131797     
2           -9.9640650114162614      
0           0                        
1           -0.19603775922131797     
5           -371.75181108962636      
2           -0.78415103688527188     
2           -0.78415103688527188     
1           -0.19603775922131797     
4           -139.12672117769364      
1           -0.19603775922131797     
4           -172.09383083165676      
3           -186.32881416957795      
2           -0.78415103688527188     
1           -0.19603775922131797     
0           0                        
2           -4.6926167566884001      
3           -1.764339832991862       
4           -3.1366041475410875      
2           -0.78415103688527188     
1           -0.19603775922131797     
1           -0.19603775922131797     
0           0                        
1           -0.19603775922131797     
0           0                        
0           0                        
0           0                        
1           -0.19603775922131797     
6           -34.256552260163367      
3           -35.828247988184252      
4           -7.2548649540381227      
2           -0.78415103688527188     
3           -285.01572354595254      
2           -0.78415103688527188     
1           -0.19603775922131797     
4           -63.859880882384829      
2           -1.9588160459669557      
0           0                        
1           -0.19603775922131797     
0           0                        
2           -71.051492128070436      
2           -0.78415103688527188     
2           -4.959949956658912       
0           0                        
2           -0.78415103688527188     
