360 1 -3675 35 35 35
3           -19.129287168477624      
2           -46.475679595394887      
9           -140.85384065621329      
4           -73.142258631501434      
1           -0.20236088611800973     
4           -4.8999419957694892      
1           -0.20236088611800973     
0           0                        
3           -118.24800489383399      
1           -0.20236088611800973     
4           -127.88194344409818      
1           -0.20236088611800973     
3           -1.8212479750620876      
2           -0.80944354447203892     
1           -0.20236088611800973     
1           -0.20236088611800973     
3           -1.8212479750620876      
2           -0.80944354447203892     
1           -0.20236088611800973     
1           -0.20236088611800973     
1           -0.20236088611800973     
1           -0.20236088611800973     
3           -1.8212479750620876      
2           -0.80944354447203892     
3           -1.8212479750620876      
1           -0.20236088611800973     
2           -0.80944354447203892     
3           -11.852274567659533      
3           -3.7365447369975593      
3           -1.8212479750620876      
2           -93.172376375819965      
1           -0.20236088611800973     
3           -1.8212479750620876      
1           -0.20236088611800973     
1           -0.20236088611800973     
2           -0.80944354447203892     
1           -0.20236088611800973     
2           -0.80944354447203892     
0           0                        
1           -0.20236088611800973     
2           -0.80944354447203892     
0           0                        
2           -83.764373723980043      
1           -0.20236088611800973     
0           0                        
0           0                        
2           -0.80944354447203892     
0           0                        
1           -0.20236088611800973     
0           0                        
2           -0.80944354447203892     
3           -1.8212479750620876      
3           -239.84440776741286      
4           -3.2377741778881557      
2           -0.80944354447203892     
1           -0.20236088611800973     
6           -420.89596550505615      
2           -0.80944354447203892     
1           -0.20236088611800973     
2           -2.5159856131361811      
3           -1.8212479750620876      
1           -0.20236088611800973     
0           0                        
0           0                        
2           -0.80944354447203892     
1           -0.20236088611800973     
5           -222.14895248918967      
2           -0.80944354447203892     
0           0                        
1           -0.20236088611800973     
1           -0.20236088611800973     
1           -0.20236088611800973     
2           -2.8355870994225705      
1           -0.20236088611800973     
1           -0.20236088611800973     
0           0                        
3           -7.8525111957441087      
2           -5.8726866124828385      
1           -0.20236088611800973     
1           -0.20236088611800973     
4           -33.121360436537557      
3           -1.8212479750620876      
2           -0.80944354447203892     
3           -1.8212479750620876      
2           -0.80944354447203892     
4           -12.595940670778699      
4           -3.2377741778881557      
5           463.76605428333562       
1           -0.20236088611800973     
1           -0.20236088611800973     
2           -0.80944354447203892     
0           0                        
2           -2.066907714741653       
1           -0.20236088611800973     
1           -0.20236088611800973     
1           -0.20236088611800973     
2           -0.80944354447203892     
3           -1.8212479750620876      
1           -0.20236088611800973     
1           -0.20236088611800973     
1           -0.20236088611800973     
