360 1 -3675 35 35 35
0           0                        
0           0                        
1           -1.4415847455985695      
6           -738.74445585151614      
2           -5.7663389823942781      
3           -12.974262710387126      
4           -1205.0394302572622      
4           -826.05387986565017      
0           0                        
1           -1.4415847455985695      
2           -5.7663389823942781      
0           0                        
1           -1.4415847455985695      
2           -5.7663389823942781      
5           -185.27581885297107      
0           0                        
0           0                        
2           -226.32368754389771      
2           -5.7663389823942781      
0           0                        
2           -5.7663389823942781      
1           -1.4415847455985695      
1           -1.4415847455985695      
2           -531.93571420126966      
1           -1.4415847455985695      
2           -5.7663389823942781      
0           0                        
3           -75.842852971212423      
1           -1.4415847455985695      
2           -5.7663389823942781      
1           -1.4415847455985695      
1           -1.4415847455985695      
0           0                        
2           -76.690792915031139      
1           -1.4415847455985695      
1           -1.4415847455985695      
0           0                        
1           -1.4415847455985695      
1           -1.4415847455985695      
2           -5.7663389823942781      
2           -5.7663389823942781      
1           -1.4415847455985695      
1           -1.4415847455985695      
0           0                        
0           0                        
6           -631.44025234777212      
2           -723.44975926484483      
3           -12.974262710387126      
3           -724.8716347869273       
0           0                        
2           -5.7663389823942781      
0           0                        
0           0                        
2           -5.7663389823942781      
2           -5.7663389823942781      
1           -1.4415847455985695      
5           -909.91014889406233      
4           -23.065355929577112      
0           0                        
3           -12.974262710387126      
1           -1.4415847455985695      
2           -5.7663389823942781      
3           -12.974262710387126      
4           -715.04590235864305      
1           -1.4415847455985695      
2           -5.7663389823942781      
2           -779.5219445246903       
1           -1.4415847455985695      
1           -1.4415847455985695      
5           -873.07897437696477      
2           -5.7663389823942781      
1           -1.4415847455985695      
5           -2002.4224721314683      
1           -1.4415847455985695      
5           -60.854980099719356      
0           0                        
4           -28.082555821456701      
0           0                        
3           -12.974262710387126      
4           -68.472332382552366      
2           -5.7663389823942781      
0           0                        
3           -436.01662781000283      
1           -1.4415847455985695      
1           -1.4415847455985695      
1           -1.4415847455985695      
2           -47.684379655898361      
1           -1.4415847455985695      
0           0                        
2           -5.7663389823942781      
0           0                        
5           -150.41536411132293      
3           -12.974262710387126      
2           -5.7663389823942781      
4           -811.84617679860526      
8           -978.15931164875826      
1           -1.4415847455985695      
2           -5.7663389823942781      
2           -5.7663389823942781      
2           -5.7663389823942781      
3           -22.365258815992377      
