360 1 -3675 35 35 35
2           -0.80944354447203892     
2           -162.99701517360594      
4           -8.8358002699692726      
0           0                        
2           -0.80944354447203892     
1           -0.20236088611800973     
1           -0.20236088611800973     
0           0                        
2           -0.80944354447203892     
2           -2.2860569431388602      
5           -216.49111858771502      
1           -0.20236088611800973     
1           -0.20236088611800973     
1           -0.20236088611800973     
3           -31.687119443242167      
3           -15.137532018110974      
1           -0.20236088611800973     
4           -6.8311651370426683      
0           0                        
3           -98.076381852964076      
1           -0.20236088611800973     
0           0                        
3           -1.8212479750620876      
0           0                        
4           -18.061605619233529      
3           -1.8212479750620876      
3           -31.823281634817278      
4           -205.4552883630607       
1           -0.20236088611800973     
2           -0.80944354447203892     
0           0                        
4           -6.502958272193613       
2           -0.80944354447203892     
0           0                        
2           -10.036980790884854      
3           -1.8212479750620876      
0           0                        
0           0                        
0           0                        
1           -0.20236088611800973     
0           0                        
0           0                        
2           -0.80944354447203892     
1           -0.20236088611800973     
3           -1.8212479750620876      
0           0                        
3           -7.305990335335828       
3           -7.9402914302489069      
1           -0.20236088611800973     
3           -131.70054546943183      
1           -0.20236088611800973     
2           -0.80944354447203892     
3           -1.8212479750620876      
2           -0.80944354447203892     
2           -0.80944354447203892     
1           -0.20236088611800973     
1           -0.20236088611800973     
1           -0.20236088611800973     
0           0                        
3           -51.96560357922688       
3           -90.574585361896695      
0           0                        
0           0                        
2           -0.80944354447203892     
0           0                        
2           -0.80944354447203892     
1           -0.20236088611800973     
0           0                        
3           -3.1811982342308154      
0           0                        
0           0                        
4           -147.92365744633508      
0           0                        
1           -0.20236088611800973     
3           -1.8212479750620876      
0           0                        
1           -0.20236088611800973     
3           -79.686082702338012      
1           -0.20236088611800973     
2           -7.0512182116083117      
1           -0.20236088611800973     
2           -7.3975742576233516      
0           0                        
3           -1.8212479750620876      
1           -0.20236088611800973     
1           -0.20236088611800973     
3           -1.8212479750620876      
1           -0.20236088611800973     
1           -0.20236088611800973     
6           -60.132719375179001      
3           -1.8212479750620876      
2           -0.80944354447203892     
3           -1.8212479750620876      
0           0                        
3           -1.8212479750620876      
4           -7.913536421132612       
2           -0.80944354447203892     
2           -0.80944354447203892     
1           -0.20236088611800973     
0           0                        
1           -0.20236088611800973     
