360 1 -3675 35 35 35
3           -2.9163195525910761      
2           -2.6069202257661739      
2           -0.80944354447203892     
0           0                        
0           0                        
2           -0.80944354447203892     
3           -73.681806195728186      
3           -2.948846052580012       
0           0                        
3           -1.8212479750620876      
2           -0.80944354447203892     
1           -0.20236088611800973     
1           -0.20236088611800973     
1           -0.20236088611800973     
2           -66.280167974816436      
1           -0.20236088611800973     
0           0                        
3           -3.9561375321064993      
3           -9.320988712651161       
2           -120.97248696023902      
2           -0.80944354447203892     
0           0                        
2           -2.7334195490106374      
3           -3.6013175645048152      
2           -40.799582862358953      
2           -0.80944354447203892     
1           -0.20236088611800973     
0           0                        
1           -0.20236088611800973     
2           -0.80944354447203892     
0           0                        
0           0                        
6           -283.36897276860805      
2           -0.80944354447203892     
0           0                        
1           -0.20236088611800973     
3           -1.8212479750620876      
4           -130.87798384872576      
1           -0.20236088611800973     
3           -62.576808722113419      
1           -0.20236088611800973     
2           -0.80944354447203892     
1           -0.20236088611800973     
3           121.71079968638848       
0           0                        
0           0                        
1           -0.20236088611800973     
5           -126.0011213856357       
2           -0.80944354447203892     
3           -1.8212479750620876      
0           0                        
1           -0.20236088611800973     
2           -0.80944354447203892     
1           -0.20236088611800973     
2           -2.8116558386615385      
1           -0.20236088611800973     
4           -93.09626366820774       
2           -0.80944354447203892     
1           -0.20236088611800973     
2           -0.80944354447203892     
1           -0.20236088611800973     
2           -13.426951345167168      
2           -0.80944354447203892     
3           -10.363209672466573      
0           0                        
3           -91.397320217124062      
3           -1.8212479750620876      
3           -22.370474001738913      
0           0                        
3           -1.8212479750620876      
1           -0.20236088611800973     
5           -132.07337343935319      
1           -0.20236088611800973     
4           -69.28107325686068       
0           0                        
0           0                        
0           0                        
0           0                        
0           0                        
1           -0.20236088611800973     
2           -0.80944354447203892     
1           -0.20236088611800973     
1           -0.20236088611800973     
3           -1.8212479750620876      
4           -215.54832450382636      
2           -0.80944354447203892     
0           0                        
4           -72.656918310320393      
1           -0.20236088611800973     
4           -3.2377741778881557      
0           0                        
3           -146.51021141308934      
2           -0.80944354447203892     
2           -0.80944354447203892     
2           -0.80944354447203892     
2           -187.24465073898753      
0           0                        
0           0                        
3           -58.854311873328136      
5           -17.761694844279923      
2           -0.80944354447203892     
