360 1 -3675 35 35 35
0           0                        
2           -64.027808753864178      
2           -0.80944354447203892     
2           -4.8343269974926937      
1           -0.20236088611800973     
1           -0.20236088611800973     
2           -0.80944354447203892     
0           0                        
2           -0.80944354447203892     
0           0                        
2           -0.80944354447203892     
2           80.099421388629253       
0           0                        
4           -474.56744208188513      
2           -0.80944354447203892     
4           -136.58417850386084      
2           -0.80944354447203892     
0           0                        
0           0                        
0           0                        
2           -0.80944354447203892     
2           -0.80944354447203892     
0           0                        
3           -179.58941858603552      
1           -0.20236088611800973     
3           -1.8212479750620876      
1           -0.20236088611800973     
3           -1.8212479750620876      
0           0                        
2           -8.4676340780349424      
2           -0.80944354447203892     
3           -2.9359007797247529      
4           -7.2246194967295887      
1           -0.20236088611800973     
2           -0.80944354447203892     
2           -0.80944354447203892     
1           -0.20236088611800973     
7           -181.51790187832884      
3           -39.197954866275602      
2           -0.80944354447203892     
2           -1.9353162150076628      
3           -1.8212479750620876      
1           -0.20236088611800973     
2           -0.80944354447203892     
3           -1.8212479750620876      
2           -0.80944354447203892     
3           -88.659570568120216      
1           -0.20236088611800973     
1           -0.20236088611800973     
1           -0.20236088611800973     
4           -82.425426872568011      
4           -13.425660665929129      
2           -0.80944354447203892     
2           -0.80944354447203892     
2           -0.80944354447203892     
1           -0.20236088611800973     
1           -0.20236088611800973     
0           0                        
1           -0.20236088611800973     
2           -0.80944354447203892     
0           0                        
4           -3.2377741778881557      
1           -0.20236088611800973     
0           0                        
1           -0.20236088611800973     
2           -0.80944354447203892     
3           -1.8212479750620876      
0           0                        
2           -0.80944354447203892     
5           -141.21812554246529      
2           -0.80944354447203892     
0           0                        
0           0                        
3           -1.8212479750620876      
2           -0.80944354447203892     
5           -6.3701824242814764      
0           0                        
6           -174.01717664215343      
3           -3.6034243162718149      
2           -0.80944354447203892     
0           0                        
5           -23.042500962078691      
0           0                        
4           -18.725143635482695      
1           -0.20236088611800973     
3           -103.91108870040013      
3           -7.8823948726858211      
0           0                        
2           -0.80944354447203892     
4           -89.034531822805192      
0           0                        
2           -0.80944354447203892     
1           -0.20236088611800973     
2           -0.80944354447203892     
3           -18.136611293657495      
1           -0.20236088611800973     
2           -12.943458753355428      
1           -0.20236088611800973     
0           0                        
3           -1.8212479750620876      
3           -1.8212479750620876      
