360 1 -3675 35 35 35
2           -0.80944354447203892     
1           -0.20236088611800973     
2           -0.80944354447203892     
3           -8.6446206839390438      
5           -40.251363293579153      
1           -0.20236088611800973     
5           -8.6691113411001375      
2           -7.3248214071262119      
4           -12.198844661184038      
1           -0.20236088611800973     
1           -0.20236088611800973     
7           -258.19629446967969      
0           0                        
1           -0.20236088611800973     
0           0                        
0           0                        
3           -3.1420758672428795      
2           -0.80944354447203892     
1           -0.20236088611800973     
2           -0.80944354447203892     
1           -0.20236088611800973     
2           -5.6376372944409363      
2           -0.80944354447203892     
4           -16.092598430677928      
4           -153.58722336439934      
3           -1.8212479750620876      
4           -10.20726396798416       
0           0                        
3           -1.8212479750620876      
9           -121.45432694338388      
4           -44.553672002180839      
0           0                        
0           0                        
2           -15.015504204033592      
0           0                        
1           -0.20236088611800973     
2           -0.80944354447203892     
1           -0.20236088611800973     
2           -31.720556236761382      
7           -325.43918903897674      
0           0                        
1           -0.20236088611800973     
1           -0.20236088611800973     
1           -0.20236088611800973     
1           -0.20236088611800973     
1           -0.20236088611800973     
1           -0.20236088611800973     
2           -24.577221296052368      
0           0                        
0           0                        
2           -0.80944354447203892     
3           -1.8212479750620876      
4           -3.2377741778881557      
1           -0.20236088611800973     
1           -0.20236088611800973     
1           -0.20236088611800973     
0           0                        
6           -384.49371242160169      
1           -0.20236088611800973     
1           -0.20236088611800973     
1           -0.20236088611800973     
3           -1.8212479750620876      
5           -436.51680778325516      
3           -112.81252458924308      
0           0                        
4           -47.644728389704163      
3           -23.913013141352202      
3           -4.7115088527385121      
0           0                        
2           -7.2836580294395015      
2           -52.542115353385114      
0           0                        
0           0                        
1           -0.20236088611800973     
2           -0.80944354447203892     
1           -0.20236088611800973     
2           -0.80944354447203892     
2           -0.80944354447203892     
2           -0.80944354447203892     
0           0                        
1           -0.20236088611800973     
1           -0.20236088611800973     
0           0                        
4           -207.8985961670931       
2           -22.511166863321119      
3           -1.8212479750620876      
1           -0.20236088611800973     
0           0                        
0           0                        
1           -0.20236088611800973     
3           -1.8212479750620876      
1           -0.20236088611800973     
0           0                        
2           -1.975448997753781       
0           0                        
2           -9.164423662513185       
4           60.118988690868576       
0           0                        
1           -0.20236088611800973     
3           -88.805283366165341      
3           -123.89564479133168      
