360 1 -3675 35 35 35
1           -0.20236088611800973     
1           -0.20236088611800973     
3           -4.6848043674371489      
2           -0.80944354447203892     
0           0                        
0           0                        
4           -103.85973439494032      
3           -19.179840612185238      
1           -0.20236088611800973     
0           0                        
1           -0.20236088611800973     
3           -1.8212479750620876      
0           0                        
2           -0.80944354447203892     
2           -22.436827740589912      
2           -0.80944354447203892     
0           0                        
4           -12.850047399736752      
3           -1.8212479750620876      
2           -0.80944354447203892     
1           -0.20236088611800973     
4           -125.23291447740144      
1           -0.20236088611800973     
7           -203.43925292921071      
3           -49.281813545378022      
1           -0.20236088611800973     
3           -1.8212479750620876      
2           -0.80944354447203892     
0           0                        
3           -1.8212479750620876      
2           -0.80944354447203892     
2           -122.61197541382592      
0           0                        
2           -0.80944354447203892     
2           -2.4362604405196189      
1           -0.20236088611800973     
1           -0.20236088611800973     
3           -119.13622621848224      
1           -0.20236088611800973     
1           -0.20236088611800973     
2           -2.39401198372052        
2           -0.80944354447203892     
1           -0.20236088611800973     
0           0                        
1           -0.20236088611800973     
0           0                        
2           -0.80944354447203892     
0           0                        
3           -1.8212479750620876      
5           -9.7770609844409933      
1           -0.20236088611800973     
0           0                        
4           -104.69144268947747      
1           -0.20236088611800973     
0           0                        
1           -0.20236088611800973     
1           -0.20236088611800973     
1           -0.20236088611800973     
3           -32.946828516880935      
1           -0.20236088611800973     
3           -1.8212479750620876      
0           0                        
2           -0.80944354447203892     
2           -0.80944354447203892     
1           -0.20236088611800973     
0           0                        
0           0                        
0           0                        
5           -26.262975035565674      
4           -5.8098631951790995      
2           -0.80944354447203892     
4           -15.826500373718964      
2           -0.80944354447203892     
4           -8.853724154974639       
8           -262.45764559434036      
4           -3.2377741778881557      
4           -34.441819139967052      
2           -0.80944354447203892     
1           -0.20236088611800973     
2           -0.80944354447203892     
4           -33.446213457208813      
2           -0.80944354447203892     
2           -0.80944354447203892     
1           -0.20236088611800973     
2           -0.80944354447203892     
1           -0.20236088611800973     
1           -0.20236088611800973     
1           -0.20236088611800973     
2           -7.9991114465255029      
1           -0.20236088611800973     
0           0                        
2           -0.80944354447203892     
1           -0.20236088611800973     
0           0                        
2           -0.80944354447203892     
0           0                        
3           -84.676648560627953      
3           -1.8212479750620876      
1           -0.20236088611800973     
2           -5.7808446416904653      
2           -0.80944354447203892     
