360 1 -3675 35 35 35
3           -27.204425727167234      
2           -2.1845095552540323      
2           -2.1845095552540323      
2           -2.1845095552540323      
3           -4.9151464993215725      
1           -0.54612738881350809     
4           -56.354176974804915      
3           -4.9151464993215725      
2           -2.1845095552540323      
4           -151.08765282527119      
2           -2.1845095552540323      
2           -2.1845095552540323      
2           -2.1845095552540323      
1           -0.54612738881350809     
1           -0.54612738881350809     
3           -18.637578666680493      
0           0                        
1           -0.54612738881350809     
0           0                        
2           -2.1845095552540323      
3           -4.9151464993215725      
1           -0.54612738881350809     
0           0                        
2           -2.1845095552540323      
3           -4.9151464993215725      
3           -282.61570557816918      
1           -0.54612738881350809     
3           -139.23432868884825      
0           0                        
2           -2.1845095552540323      
1           -0.54612738881350809     
1           -0.54612738881350809     
1           -0.54612738881350809     
0           0                        
1           -0.54612738881350809     
4           -8.7380382210161294      
1           -0.54612738881350809     
3           -20.107504709979018      
2           -2.1845095552540323      
0           0                        
5           -18.205567994294807      
4           -8.7380382210161294      
3           -4.9151464993215725      
1           -0.54612738881350809     
2           -2.1845095552540323      
0           0                        
3           -4.9151464993215725      
3           -4.9151464993215725      
3           -4.9151464993215725      
3           -93.412089024740425      
0           0                        
2           -2.1845095552540323      
3           -68.3953393986327        
1           -0.54612738881350809     
1           -0.54612738881350809     
1           -0.54612738881350809     
0           0                        
2           -2.1845095552540323      
2           -2.1845095552540323      
3           -4.9151464993215725      
0           0                        
2           -2.1845095552540323      
5           -45.912045209409449      
3           -377.12853108523814      
3           -37.892149968631799      
1           -0.54612738881350809     
1           -0.54612738881350809     
2           -2.1845095552540323      
1           -0.54612738881350809     
0           0                        
0           0                        
0           0                        
0           0                        
0           0                        
1           -0.54612738881350809     
3           -4.9151464993215725      
1           -0.54612738881350809     
0           0                        
0           0                        
3           -4.9151464993215725      
2           -2.1845095552540323      
0           0                        
1           -0.54612738881350809     
1           -0.54612738881350809     
2           -313.17095183585525      
2           -2.1845095552540323      
4           -105.63914899039915      
0           0                        
1           -0.54612738881350809     
1           -0.54612738881350809     
4           -8.7380382210161294      
1           -0.54612738881350809     
3           -4.9151464993215725      
2           -2.1845095552540323      
2           -68.009433401266861      
1           -0.54612738881350809     
3           -269.43550688579569      
3           -4.9151464993215725      
1           -0.54612738881350809     
4           -474.96276461178468      
1           -0.54612738881350809     
