360 1 -3675 35 35 35
4           -32.055436283254565      
1           -1.4221550714141524      
3           -12.799395642727369      
1           -1.4221550714141524      
1           -1.4221550714141524      
2           -5.6886202856566097      
1           -1.4221550714141524      
2           -22.743903738784574      
2           -5.6886202856566097      
1           -1.4221550714141524      
4           -168.66235942029795      
2           -5.6886202856566097      
0           0                        
1           -1.4221550714141524      
3           -36.833253485497188      
1           -1.4221550714141524      
1           -1.4221550714141524      
0           0                        
0           0                        
1           -1.4221550714141524      
1           -1.4221550714141524      
2           -5.6886202856566097      
2           -65.946278951998465      
1           -1.4221550714141524      
4           -22.754481142626439      
3           -22.070528295919729      
2           -5.6886202856566097      
2           -5.6886202856566097      
1           -1.4221550714141524      
0           0                        
0           0                        
2           -1228.0548267339941      
3           -512.45412927028258      
3           -148.75772363548384      
0           0                        
1           -1.4221550714141524      
2           -5.6886202856566097      
3           -382.28606528776896      
1           -1.4221550714141524      
2           -323.63518747470391      
2           -7.1570298643706627      
0           0                        
2           -5.6886202856566097      
1           -1.4221550714141524      
0           0                        
0           0                        
2           -5.6886202856566097      
0           0                        
2           -5.6886202856566097      
3           -277.4459018433534       
1           -1.4221550714141524      
2           -5.6886202856566097      
1           -1.4221550714141524      
1           -1.4221550714141524      
1           -1.4221550714141524      
2           -5.6886202856566097      
3           -236.80973077786567      
3           -12.799395642727369      
0           0                        
1           -1.4221550714141524      
1           -1.4221550714141524      
2           -5.6886202856566097      
1           -1.4221550714141524      
2           -5.6886202856566097      
2           -5.6886202856566097      
3           -17.267825395190759      
1           -1.4221550714141524      
2           -5.6886202856566097      
2           -5.6886202856566097      
1           -1.4221550714141524      
2           -87.770031301630425      
0           0                        
2           -5.6886202856566097      
4           -24.154771694209241      
1           -1.4221550714141524      
1           -1.4221550714141524      
2           -5.6886202856566097      
1           -1.4221550714141524      
0           0                        
1           -1.4221550714141524      
1           -1.4221550714141524      
0           0                        
2           -5.6886202856566097      
2           -614.11014516760144      
2           -83.960399269238536      
0           0                        
1           -1.4221550714141524      
0           0                        
3           -12.799395642727369      
2           -5.6886202856566097      
4           -27.643513757205042      
1           -1.4221550714141524      
1           -1.4221550714141524      
2           -5.6886202856566097      
4           -50.181287253791311      
3           -50.43903810134244       
7           -1213.5994231362183      
2           -1108.8983693033379      
1           -1.4221550714141524      
2           -5.6886202856566097      
1           -1.4221550714141524      
