360 1 -3675 35 35 35
0           0                        
1           -0.19603775922131797     
1           -0.19603775922131797     
3           -1.764339832991862       
0           0                        
0           0                        
1           -0.19603775922131797     
0           0                        
0           0                        
1           -0.19603775922131797     
3           -1.764339832991862       
3           -33.777308256921103      
4           -32.941040699906019      
1           -0.19603775922131797     
1           -0.19603775922131797     
3           -74.961595850951937      
5           -40.777532512296297      
2           -0.78415103688527188     
0           0                        
2           -0.78415103688527188     
2           -0.78415103688527188     
5           -145.44173332697343      
0           0                        
3           -10.720101179783578      
0           0                        
5           -51.327612007858967      
0           0                        
0           0                        
3           -106.25586557541065      
0           0                        
5           -136.37430308328226      
2           -9.8693122940111611      
3           -1.764339832991862       
1           -0.19603775922131797     
2           -1.8073580535364462      
2           -3.0325193776496153      
3           -2.9165641639541562      
0           0                        
2           -0.78415103688527188     
3           -3.0558673678525619      
2           -145.1580402167582       
3           -83.928444293844947      
4           131.22924694186602       
2           -0.78415103688527188     
1           -0.19603775922131797     
3           -10.256283519205102      
1           -0.19603775922131797     
2           -0.78415103688527188     
1           -0.19603775922131797     
3           -1.764339832991862       
0           0                        
4           -4.2438343609535583      
6           -67.580367202845409      
1           -0.19603775922131797     
1           -0.19603775922131797     
2           -0.78415103688527188     
0           0                        
2           -0.78415103688527188     
4           -127.46879676148663      
0           0                        
2           -0.78415103688527188     
0           0                        
1           -0.19603775922131797     
3           -1.764339832991862       
2           -27.495131880885996      
0           0                        
0           0                        
1           -0.19603775922131797     
0           0                        
0           0                        
4           -3.1366041475410875      
3           -38.105435684154124      
2           -104.47273362524983      
1           -0.19603775922131797     
0           0                        
2           -0.78415103688527188     
4           -6.471016888923895       
2           -0.78415103688527188     
1           -0.19603775922131797     
2           -75.398648015943522      
1           -0.19603775922131797     
3           -108.97015701091169      
2           -0.78415103688527188     
1           -0.19603775922131797     
1           -0.19603775922131797     
2           -0.78415103688527188     
0           0                        
0           0                        
2           -0.78415103688527188     
4           -40.943258743623673      
3           -50.672567418680039      
2           -0.78415103688527188     
3           -150.96692799543354      
1           -0.19603775922131797     
4           -127.15661227492772      
3           -145.90800198571227      
2           -0.78415103688527188     
2           -0.78415103688527188     
0           0                        
2           -0.78415103688527188     
2           -0.78415103688527188     
