360 1 -3675 35 35 35
2           -2.8895754226551769      
1           -0.54612738881350809     
2           -2.1845095552540323      
3           -6.5643545589069934      
5           -197.59126363165691      
1           -0.54612738881350809     
5           -16.651941081412865      
2           -11.14982788780187       
4           -16.983450824267912      
1           -0.54612738881350809     
1           -0.54612738881350809     
7           -414.43399510515718      
0           0                        
1           -0.54612738881350809     
0           0                        
0           0                        
3           -4.9151464993215725      
2           -2.1845095552540323      
1           -0.54612738881350809     
2           -2.1845095552540323      
1           -0.54612738881350809     
2           -36.161545508984801      
2           -2.1845095552540323      
4           -39.978763891656257      
4           -555.88142150360591      
3           -4.9151464993215725      
4           -13.38055605551974       
0           0                        
3           -4.9151464993215725      
9           -527.54065956237685      
4           -135.86962896687808      
0           0                        
0           0                        
2           -15.358143663899725      
0           0                        
1           -0.54612738881350809     
2           -2.1845095552540323      
1           -0.54612738881350809     
2           -218.50482698742036      
7           -712.33677926898861      
0           0                        
1           -0.54612738881350809     
1           -0.54612738881350809     
1           -0.54612738881350809     
1           -0.54612738881350809     
1           -0.54612738881350809     
1           -0.54612738881350809     
2           -34.742195472124756      
0           0                        
0           0                        
2           -2.1845095552540323      
3           -4.9151464993215725      
4           -8.7380382210161294      
1           -0.54612738881350809     
1           -0.54612738881350809     
1           -0.54612738881350809     
0           0                        
6           -1137.5045322312369      
1           -0.54612738881350809     
1           -0.54612738881350809     
1           -0.54612738881350809     
3           -4.9151464993215725      
5           -1372.6154977630267      
3           -116.8218754465039       
0           0                        
4           -64.18008598081947       
3           -13.244637212515414      
3           -10.258583260244903      
0           0                        
2           -2.1845095552540323      
2           -165.07496329467932      
0           0                        
0           0                        
1           -0.54612738881350809     
2           -2.1845095552540323      
1           -0.54612738881350809     
2           -2.1845095552540323      
2           -2.1845095552540323      
2           -2.1845095552540323      
0           0                        
1           -0.54612738881350809     
1           -0.54612738881350809     
0           0                        
4           -361.46227600847664      
2           -76.219566992777459      
3           -4.9151464993215725      
1           -0.54612738881350809     
0           0                        
0           0                        
1           -0.54612738881350809     
3           -4.9151464993215725      
1           -0.54612738881350809     
0           0                        
2           -3.9825479818301761      
0           0                        
2           -25.824015646778292      
4           -206.37618393420124      
0           0                        
1           -0.54612738881350809     
3           -501.95285117747198      
3           -52.68134819598086       
