360 1 -3675 35 35 35
2           -2.2512045114487211      
2           -2.2512045114487211      
1           -0.56280112786218028     
1           -0.56280112786218028     
0           0                        
2           -2.2512045114487211      
2           -2.2512045114487211      
0           0                        
1           -0.56280112786218028     
1           -0.56280112786218028     
0           0                        
1           -0.56280112786218028     
2           -2.2512045114487211      
0           0                        
3           -6.0510973509872965      
3           -5.0652101507596221      
2           -2.2512045114487211      
5           -44.892493776051182      
0           0                        
2           -4.74744393978379        
2           -2.2512045114487211      
2           -11.763455290624266      
2           -158.44212891081781      
1           -0.56280112786218028     
0           0                        
1           -0.56280112786218028     
2           -2.2512045114487211      
2           -2.2512045114487211      
2           -2.2512045114487211      
0           0                        
0           0                        
1           -0.56280112786218028     
6           -658.76485642789373      
1           -0.56280112786218028     
2           -39.521501259743587      
4           -92.029170780135047      
4           -476.94234806909247      
2           -2.2512045114487211      
4           -385.84760498671648      
1           -0.56280112786218028     
1           -0.56280112786218028     
2           -2.2512045114487211      
0           0                        
0           0                        
7           -290.98159886335543      
1           -0.56280112786218028     
5           -569.97247128690503      
1           -0.56280112786218028     
0           0                        
2           -2.2512045114487211      
0           0                        
2           -2.2512045114487211      
1           -0.56280112786218028     
2           -2.2512045114487211      
1           -0.56280112786218028     
1           -0.56280112786218028     
1           -0.56280112786218028     
4           -418.45204694818898      
1           -0.56280112786218028     
4           -9.0048180457948845      
2           -2.2512045114487211      
0           0                        
7           -131.59114225471762      
1           -0.56280112786218028     
0           0                        
0           0                        
1           -0.56280112786218028     
1           -0.56280112786218028     
3           -5.0652101507596221      
1           -0.56280112786218028     
2           -2.2512045114487211      
4           -65.498250279770389      
0           0                        
4           -12.411003020959573      
0           0                        
1           -0.56280112786218028     
5           -254.11914579538001      
1           -0.56280112786218028     
7           -1152.888861846626       
4           -130.39752344793325      
0           0                        
3           -417.88143871178795      
2           -78.191750073924538      
0           0                        
2           -2.2512045114487211      
3           -230.1863180202038       
3           -41.726014331068896      
0           0                        
2           -2.2512045114487211      
0           0                        
2           -2.2512045114487211      
0           0                        
4           -571.90843124855564      
1           -0.56280112786218028     
0           0                        
1           -0.56280112786218028     
2           -2.2512045114487211      
2           -214.33988141521502      
2           -2.2512045114487211      
1           -0.56280112786218028     
1           -0.56280112786218028     
