360 1 -3675 35 35 35
3           -1.764339832991862       
1           -0.19603775922131797     
3           -2.8536121095115954      
2           -0.78415103688527188     
0           0                        
0           0                        
0           0                        
5           -15.214804125974879      
0           0                        
1           -0.19603775922131797     
1           -0.19603775922131797     
1           -0.19603775922131797     
3           -34.222705894179427      
1           -0.19603775922131797     
0           0                        
5           -5.9852928804457877      
0           0                        
3           -1.764339832991862       
2           -0.78415103688527188     
2           -0.78415103688527188     
2           -0.78415103688527188     
1           -0.19603775922131797     
1           -0.19603775922131797     
3           -1.764339832991862       
2           -0.78415103688527188     
1           -0.19603775922131797     
1           -0.19603775922131797     
1           -0.19603775922131797     
1           -0.19603775922131797     
2           -2.7363505669385995      
1           -0.19603775922131797     
0           0                        
0           0                        
1           -0.19603775922131797     
0           0                        
0           0                        
1           -0.19603775922131797     
2           -0.78415103688527188     
1           -0.19603775922131797     
5           -111.80238719617066      
0           0                        
3           -2.8881798027514671      
0           0                        
1           -0.19603775922131797     
4           -75.708891489639115      
2           -27.209110724148513      
0           0                        
0           0                        
1           -0.19603775922131797     
2           -0.78415103688527188     
0           0                        
0           0                        
1           -0.19603775922131797     
0           0                        
0           0                        
4           -174.70791932137965      
1           -0.19603775922131797     
2           -48.836058173894642      
2           -0.78415103688527188     
2           -0.78415103688527188     
3           -3.6200463159354226      
3           -12.298214231137747      
0           0                        
1           -0.19603775922131797     
4           -23.529647179675226      
1           -0.19603775922131797     
2           -0.78415103688527188     
3           -67.111819932120667      
3           -1.764339832991862       
2           -38.496337469285521      
2           -0.78415103688527188     
0           0                        
2           -0.78415103688527188     
1           -0.19603775922131797     
0           0                        
1           -0.19603775922131797     
1           -0.19603775922131797     
3           -32.642509172995894      
0           0                        
3           -5.8361722050070304      
1           -0.19603775922131797     
2           -5.5411114139342956      
1           -0.19603775922131797     
0           0                        
4           -16.10025891768462       
2           -126.08557972907185      
0           0                        
1           -0.19603775922131797     
3           -13.414247615237164      
4           -122.43011094195363      
5           -469.67109070627765      
3           -53.770837949647834      
1           -0.19603775922131797     
1           -0.19603775922131797     
2           -0.78415103688527188     
2           -0.78415103688527188     
0           0                        
1           -0.19603775922131797     
1           -0.19603775922131797     
0           0                        
0           0                        
