360 1 -3675 35 35 35
1           -0.19603775922131797     
2           -0.78415103688527188     
1           -0.19603775922131797     
4           -3.1366041475410875      
2           -0.78415103688527188     
2           -0.78415103688527188     
3           -1.764339832991862       
3           -37.599767952655796      
2           -0.78415103688527188     
0           0                        
0           0                        
2           -4.2066777460852594      
1           -0.19603775922131797     
3           -1.764339832991862       
3           -113.92747090700502      
0           0                        
0           0                        
2           -0.78415103688527188     
1           -0.19603775922131797     
6           -98.694086404374829      
1           -0.19603775922131797     
1           -0.19603775922131797     
2           -0.78415103688527188     
4           -4.6102556549942992      
1           -0.19603775922131797     
1           -0.19603775922131797     
1           -0.19603775922131797     
3           -1.764339832991862       
0           0                        
2           -6.7503994668741285      
1           -0.19603775922131797     
3           -23.414512408400142      
1           -0.19603775922131797     
3           -4.2654697262161294      
1           -0.19603775922131797     
1           -0.19603775922131797     
0           0                        
2           -0.78415103688527188     
1           -0.19603775922131797     
2           -0.78415103688527188     
1           -0.19603775922131797     
1           -0.19603775922131797     
3           -4.6362259041611473      
4           -176.14824256437041      
0           0                        
4           -202.09386462748725      
3           -36.267090425600756      
2           -0.78415103688527188     
2           -84.215145543225844      
0           0                        
2           -0.78415103688527188     
0           0                        
5           -149.00750193662444      
2           -0.78415103688527188     
2           -0.78415103688527188     
1           -0.19603775922131797     
3           -23.749755416053901      
1           -0.19603775922131797     
2           -8.5213333446363055      
2           -0.78415103688527188     
2           -0.78415103688527188     
3           -71.636721286161603      
1           -0.19603775922131797     
2           -4.0590688276583089      
1           -0.19603775922131797     
4           -49.581875918974866      
3           -76.61668762549742       
2           -0.78415103688527188     
2           -0.78415103688527188     
1           -0.19603775922131797     
0           0                        
2           -20.630998497280093      
3           -1.764339832991862       
3           -150.53480863636281      
4           -3.1366041475410875      
1           -0.19603775922131797     
1           -0.19603775922131797     
1           -0.19603775922131797     
3           -50.68682662884401       
4           -39.668730596027046      
4           -24.113587193696247      
1           -0.19603775922131797     
1           -0.19603775922131797     
1           -0.19603775922131797     
2           -43.189549139427591      
0           0                        
2           -0.78415103688527188     
0           0                        
1           -0.19603775922131797     
1           -0.19603775922131797     
1           -0.19603775922131797     
1           -0.19603775922131797     
0           0                        
4           656.8278878555268        
5           -174.61935511787709      
0           0                        
2           -36.304156227127159      
1           -0.19603775922131797     
4           -23.988630013291168      
1           -0.19603775922131797     
1           -0.19603775922131797     
