360 1 -3675 35 35 35
2           -0.78415103688527188     
1           -0.19603775922131797     
2           -0.78415103688527188     
2           -0.78415103688527188     
2           -0.78415103688527188     
6           -35.238397849025553      
3           -6.3800581371450189      
2           -0.78415103688527188     
1           -0.19603775922131797     
1           -0.19603775922131797     
2           -0.78415103688527188     
0           0                        
3           -1.764339832991862       
3           -1.764339832991862       
3           -3.9399463064701195      
1           -0.19603775922131797     
6           -94.850287397295901      
3           -1.764339832991862       
3           -1.764339832991862       
1           -0.19603775922131797     
1           -0.19603775922131797     
2           -0.78415103688527188     
5           -160.33346730981376      
1           -0.19603775922131797     
5           -6.005320767365232       
1           -0.19603775922131797     
0           0                        
2           -0.78415103688527188     
2           -29.82657025518051       
3           -9.896970995563322       
3           -1.764339832991862       
0           0                        
1           -0.19603775922131797     
1           -0.19603775922131797     
1           -0.19603775922131797     
2           -33.90259018962734       
0           0                        
2           -1.8415692876089977      
0           0                        
2           -0.78415103688527188     
1           -0.19603775922131797     
0           0                        
1           -0.19603775922131797     
1           -0.19603775922131797     
1           -0.19603775922131797     
1           -0.19603775922131797     
3           -12.440153032341374      
1           -0.19603775922131797     
3           -29.292392827628898      
5           -315.1018175331717       
0           0                        
1           -0.19603775922131797     
3           -5.7179642903770684      
0           0                        
2           -53.545946019815297      
1           -0.19603775922131797     
1           -0.19603775922131797     
3           -1.764339832991862       
0           0                        
3           -10.861342210025621      
2           -0.78415103688527188     
0           0                        
1           -0.19603775922131797     
1           -0.19603775922131797     
1           -0.19603775922131797     
0           0                        
0           0                        
0           0                        
1           -0.19603775922131797     
4           -141.17899389742476      
3           -1.764339832991862       
1           -0.19603775922131797     
1           -0.19603775922131797     
2           -0.78415103688527188     
1           -0.19603775922131797     
1           -0.19603775922131797     
4           -81.426377975389286      
0           0                        
2           -2.2644390214347521      
1           -0.19603775922131797     
3           -24.841010646308675      
1           -0.19603775922131797     
2           -0.78415103688527188     
2           -0.78415103688527188     
1           -0.19603775922131797     
0           0                        
1           -0.19603775922131797     
1           -0.19603775922131797     
1           -0.19603775922131797     
1           -0.19603775922131797     
3           -1.764339832991862       
0           0                        
2           -0.78415103688527188     
1           -0.19603775922131797     
2           -0.78415103688527188     
0           0                        
2           -0.78415103688527188     
0           0                        
1           -0.19603775922131797     
1           -0.19603775922131797     
7           -228.31911667653526      
