360 1 -3675 35 35 35
1           -1.4415847455985695      
1           -1.4415847455985695      
4           -48.795557933597834      
1           -1.4415847455985695      
5           -391.83886689439515      
5           -1182.7182823643193      
1           -1.4415847455985695      
1           -1.4415847455985695      
1           -1.4415847455985695      
2           -7.6097103430740782      
0           0                        
1           -1.4415847455985695      
1           -1.4415847455985695      
2           -538.72445299118556      
4           -68.400689130320714      
2           -5.7663389823942781      
1           -1.4415847455985695      
1           -1.4415847455985695      
3           -94.219925936696299      
3           -719.65004453097004      
4           -118.81704987830975      
0           0                        
2           -5.7663389823942781      
1           -1.4415847455985695      
2           -5.7663389823942781      
3           -12.974262710387126      
3           -12.974262710387126      
2           -5.7663389823942781      
1           -1.4415847455985695      
1           -1.4415847455985695      
4           -85.786675792272163      
2           -5.7663389823942781      
0           0                        
4           -668.0445818227322       
2           -5.7663389823942781      
1           -1.4415847455985695      
2           -5.7663389823942781      
3           -12.974262710387126      
2           -70.163788045208804      
2           -5.7663389823942781      
4           -692.20544943123048      
1           -1.4415847455985695      
0           0                        
1           -1.4415847455985695      
2           -225.36802952096789      
1           -1.4415847455985695      
1           -1.4415847455985695      
2           -5.7663389823942781      
1           -1.4415847455985695      
0           0                        
2           -5.7663389823942781      
2           -5.7663389823942781      
1           -1.4415847455985695      
3           -12.974262710387126      
3           -1807.5368468140507      
6           -1039.3169070990118      
3           -589.66744779769306      
4           -451.8637241026114       
1           -1.4415847455985695      
1           -1.4415847455985695      
1           -1.4415847455985695      
3           -12.974262710387126      
2           -5.7663389823942781      
0           0                        
0           0                        
2           -142.65378360389747      
5           -119.98680813333934      
3           -12.974262710387126      
0           0                        
4           -73.57125829391903       
0           0                        
2           -5.7663389823942781      
2           -5.7663389823942781      
3           -533.32497201402748      
1           -1.4415847455985695      
0           0                        
0           0                        
4           -23.065355929577112      
3           -12.974262710387126      
1           -1.4415847455985695      
1           -1.4415847455985695      
1           -1.4415847455985695      
2           -5.7663389823942781      
2           -5.7663389823942781      
1           -1.4415847455985695      
1           -1.4415847455985695      
3           -12.974262710387126      
0           0                        
2           -5.7663389823942781      
2           -5.7663389823942781      
0           0                        
3           -106.52118386424168      
2           -5.7663389823942781      
2           -5.7663389823942781      
2           -61.97757758751915       
2           -5.7663389823942781      
1           -1.4415847455985695      
1           -1.4415847455985695      
2           -5.7663389823942781      
3           -15.187385426403074      
1           -1.4415847455985695      
