360 1 -3675 35 35 35
2           -5.7663389823942781      
2           -5.7663389823942781      
3           -12.974262710387126      
2           -10.763541199817855      
2           -5.7663389823942781      
2           -5.7663389823942781      
0           0                        
0           0                        
3           -12.974262710387126      
2           -5.7663389823942781      
2           -19.053935004620442      
4           -23.065355929577112      
3           -664.32838221719931      
0           0                        
5           -499.08016979989861      
2           -5.7663389823942781      
1           -1.4415847455985695      
5           -1289.706669204943       
0           0                        
2           -5.7663389823942781      
2           -5.7663389823942781      
3           -339.27074898498336      
2           -5.7663389823942781      
4           -567.04704818215578      
2           -5.7663389823942781      
1           -1.4415847455985695      
2           -5.7663389823942781      
5           -563.50539800592003      
2           -232.24435427189658      
3           -12.974262710387126      
5           -359.52616379230699      
1           -1.4415847455985695      
2           -5.7663389823942781      
1           -1.4415847455985695      
0           0                        
1           -1.4415847455985695      
2           -5.7663389823942781      
3           -16.392538207231823      
1           -1.4415847455985695      
3           -751.73194973459067      
4           -224.91508867084366      
0           0                        
0           0                        
1           -1.4415847455985695      
2           -7.1299231456748871      
2           -5.7663389823942781      
1           -1.4415847455985695      
1           -1.4415847455985695      
2           -663.73561858436346      
1           -1.4415847455985695      
3           -12.974262710387126      
3           -12.974262710387126      
0           0                        
2           -5.7663389823942781      
2           -8.7391275768454015      
2           -5.7663389823942781      
0           0                        
1           -1.4415847455985695      
2           -5.7663389823942781      
2           -47.08426307984238       
4           -780.68395387785438      
1           -1.4415847455985695      
1           -1.4415847455985695      
2           -5.7663389823942781      
2           -840.53122580228796      
3           -12.974262710387126      
2           -106.51150571513926      
2           -5.7663389823942781      
2           -5.7663389823942781      
1           -1.4415847455985695      
2           -42.977235418277608      
2           -5.7663389823942781      
4           -84.201344636368475      
0           0                        
2           -5.7663389823942781      
1           -1.4415847455985695      
2           -5.7663389823942781      
1           -1.4415847455985695      
0           0                        
0           0                        
6           -2393.7151091296655      
2           -5.7663389823942781      
1           -1.4415847455985695      
2           -498.2245076825854       
2           -5.7663389823942781      
0           0                        
2           -5.7663389823942781      
1           -1.4415847455985695      
2           -5.7663389823942781      
3           -1059.2927057518352      
0           0                        
5           -378.9922703723301       
3           -38.598578436079741      
0           0                        
1           -1.4415847455985695      
4           -955.36539032842404      
0           0                        
2           -5.7663389823942781      
4           -143.02281372714893      
3           -12.974262710387126      
1           -1.4415847455985695      
