360 1 -3675 35 35 35
1           -1.3980144597053374      
3           -323.16904229936597      
3           -787.60486930875129      
0           0                        
0           0                        
3           -12.582130137348038      
1           -1.3980144597053374      
2           -5.5920578388213498      
0           0                        
1           -1.3980144597053374      
1           -1.3980144597053374      
0           0                        
0           0                        
1           -1.3980144597053374      
0           0                        
6           -441.79407453632814      
2           -912.51365419078115      
2           -658.36457690948464      
2           -5.5920578388213498      
5           -45.974741570598589      
2           -5.5920578388213498      
1           -1.3980144597053374      
2           -5.5920578388213498      
0           0                        
3           -796.78772156240598      
3           -40.590281488509518      
3           -26.669085626908526      
1           -1.3980144597053374      
1           -1.3980144597053374      
6           -136.68051814456322      
0           0                        
0           0                        
2           -5.5920578388213498      
2           -5.5920578388213498      
0           0                        
2           -5.5920578388213498      
2           -5.5920578388213498      
6           -1413.8476222054555      
0           0                        
0           0                        
0           0                        
1           -1.3980144597053374      
1           -1.3980144597053374      
1           -1.3980144597053374      
1           -1.3980144597053374      
0           0                        
0           0                        
1           -1.3980144597053374      
4           -85.546813146920471      
2           -5.5920578388213498      
1           -1.3980144597053374      
2           -5.5920578388213498      
2           -5.5920578388213498      
2           -709.39383850119327      
2           -5.5920578388213498      
3           -12.582130137348038      
2           -5.5920578388213498      
1           -1.3980144597053374      
3           -12.582130137348038      
1           -1.3980144597053374      
0           0                        
2           -41.476194382973318      
3           -12.582130137348038      
3           -12.582130137348038      
2           -5.5920578388213498      
1           -1.3980144597053374      
4           -25.299885051979565      
1           -1.3980144597053374      
3           -12.582130137348038      
1           -1.3980144597053374      
2           -6.4980343417783502      
1           -1.3980144597053374      
1           -1.3980144597053374      
2           -5.5920578388213498      
3           -1030.7779623587544      
1           -1.3980144597053374      
1           -1.3980144597053374      
3           -12.582130137348038      
3           -12.582130137348038      
0           0                        
2           -5.5920578388213498      
0           0                        
0           0                        
1           -1.3980144597053374      
1           -1.3980144597053374      
9           -1421.4350832880568      
2           -5.5920578388213498      
0           0                        
0           0                        
5           -168.55192144557137      
0           0                        
3           -107.14645220230699      
4           -1343.8291703151926      
3           -12.582130137348038      
2           -26.851371388088182      
3           -561.01610158550022      
1           -1.3980144597053374      
1           -1.3980144597053374      
6           -119.73579928965364      
3           -274.76170364326134      
2           -5.5920578388213498      
