360 1 -3675 35 35 35
0           0                        
0           0                        
1           -1.4221550714141524      
0           0                        
0           0                        
1           -1.4221550714141524      
2           -12.770839304494761      
4           -330.30924064414825      
0           0                        
2           -5.6886202856566097      
3           -12.799395642727369      
0           0                        
3           -20.147434772769991      
3           -12.799395642727369      
1           -1.4221550714141524      
0           0                        
5           -729.89799951128566      
0           0                        
2           -5.6886202856566097      
1           -1.4221550714141524      
2           -5.6886202856566097      
1           -1.4221550714141524      
2           -5.6886202856566097      
0           0                        
5           -2782.758266740314       
1           -1.4221550714141524      
1           -1.4221550714141524      
2           -327.35069579121085      
6           -641.84812673067563      
3           -12.799395642727369      
1           -1.4221550714141524      
0           0                        
3           -12.799395642727369      
2           -5.6886202856566097      
0           0                        
1           -1.4221550714141524      
1           -1.4221550714141524      
6           -1421.264764416283       
0           0                        
1           -1.4221550714141524      
0           0                        
2           -5.6886202856566097      
4           -22.754481142626439      
1           -1.4221550714141524      
1           -1.4221550714141524      
5           -1447.1696426634383      
3           -12.799395642727369      
0           0                        
4           -29.067174536761758      
1           -1.4221550714141524      
1           -1.4221550714141524      
2           -5.6886202856566097      
0           0                        
3           -473.47912462466468      
2           -5.6886202856566097      
1           -1.4221550714141524      
1           -1.4221550714141524      
1           -1.4221550714141524      
3           -12.799395642727369      
0           0                        
0           0                        
3           -12.799395642727369      
1           -1.4221550714141524      
1           -1.4221550714141524      
1           -1.4221550714141524      
3           -399.72444332046365      
2           -9.0978723781204831      
2           -5.6886202856566097      
0           0                        
2           -5.6886202856566097      
1           -1.4221550714141524      
2           -5.6886202856566097      
2           -5.6886202856566097      
2           -5.6886202856566097      
0           0                        
1           -1.4221550714141524      
2           -5.6886202856566097      
0           0                        
0           0                        
1           -1.4221550714141524      
3           -12.799395642727369      
1           -1.4221550714141524      
1           -1.4221550714141524      
4           -31.777248373141859      
5           -232.36344853077611      
4           -121.86227482212618      
0           0                        
5           -1471.4239080681125      
1           -1.4221550714141524      
0           0                        
1           -1.4221550714141524      
2           -5.6886202856566097      
1           -1.4221550714141524      
2           -592.07137774750197      
3           -12.799395642727369      
2           -5.6886202856566097      
3           -280.78110151308215      
0           0                        
3           -277.73679935800521      
0           0                        
2           -5.6886202856566097      
