360 1 -3675 35 35 35
3           -21.687705313076691      
2           -13.412082369118629      
2           -5.5920578388213498      
2           -5.5920578388213498      
1           -1.3980144597053374      
2           -5.5920578388213498      
1           -1.3980144597053374      
2           -10.634615354115047      
1           -1.3980144597053374      
1           -1.3980144597053374      
0           0                        
2           -5.5920578388213498      
2           -5.5920578388213498      
0           0                        
0           0                        
5           -255.13479878440614      
0           0                        
4           -258.5261696564674       
1           -1.3980144597053374      
1           -1.3980144597053374      
1           -1.3980144597053374      
2           -5.5920578388213498      
0           0                        
3           -694.82437229810523      
0           0                        
1           -1.3980144597053374      
2           -15.46211471616132       
1           -1.3980144597053374      
2           -5.5920578388213498      
3           -12.582130137348038      
0           0                        
2           -5.5920578388213498      
3           -86.789494363133969      
5           -1538.2031585538559      
4           -156.30757509953142      
1           -1.3980144597053374      
2           -5.5920578388213498      
1           -1.3980144597053374      
1           -1.3980144597053374      
3           -322.90640871323018      
0           0                        
1           -1.3980144597053374      
1           -1.3980144597053374      
1           -1.3980144597053374      
5           -477.00053696901267      
2           -5.5920578388213498      
1           -1.3980144597053374      
2           -5.5920578388213498      
4           -31.101978960243592      
0           0                        
0           0                        
1           -1.3980144597053374      
3           -452.33057721670986      
1           -1.3980144597053374      
1           -1.3980144597053374      
1           -1.3980144597053374      
1           -1.3980144597053374      
0           0                        
2           -5.5920578388213498      
3           -919.12803412582753      
4           -22.368231355285399      
1           -1.3980144597053374      
3           -12.582130137348038      
1           -1.3980144597053374      
1           -1.3980144597053374      
4           -648.57906553227019      
0           0                        
2           -5.5920578388213498      
3           -23.394586412294892      
1           -1.3980144597053374      
2           -20.633805348285925      
2           -1244.5653534407193      
1           -1.3980144597053374      
0           0                        
5           -671.0370991031449       
5           -35.653146196878907      
0           0                        
2           -5.5920578388213498      
1           -1.3980144597053374      
1           -1.3980144597053374      
6           -1703.6562207058523      
1           -1.3980144597053374      
1           -1.3980144597053374      
1           -1.3980144597053374      
2           -5.5920578388213498      
3           -197.70878373904739      
2           -5.5920578388213498      
3           -16.588161743487035      
2           -5.5920578388213498      
1           -1.3980144597053374      
4           -56.971841106035868      
1           -1.3980144597053374      
1           -1.3980144597053374      
3           -12.582130137348038      
2           -5.5920578388213498      
1           -1.3980144597053374      
0           0                        
0           0                        
0           0                        
5           -547.91844563087238      
0           0                        
