360 1 -3675 35 35 35
1           -1.4221550714141524      
2           -5.6886202856566097      
0           0                        
2           -225.24954273197304      
1           -1.4221550714141524      
3           -12.799395642727369      
2           -5.6886202856566097      
0           0                        
0           0                        
1           -1.4221550714141524      
2           -5.6886202856566097      
2           -5.6886202856566097      
2           -22.107521117423609      
1           -1.4221550714141524      
3           -591.95047379267976      
0           0                        
0           0                        
0           0                        
3           -12.799395642727369      
4           -45.755878217295134      
1           -1.4221550714141524      
2           -5.6886202856566097      
3           -1243.1296673977974      
1           -1.4221550714141524      
1           -1.4221550714141524      
1           -1.4221550714141524      
1           -1.4221550714141524      
2           -5.6886202856566097      
1           -1.4221550714141524      
2           -5.6886202856566097      
5           -539.01475143278014      
0           0                        
2           -5.6886202856566097      
1           -1.4221550714141524      
2           -5.6886202856566097      
2           -5.6886202856566097      
2           -10.73427424597037       
2           -5.6886202856566097      
2           -5.6886202856566097      
1           -1.4221550714141524      
3           -12.799395642727369      
0           0                        
4           -1181.1419776920752      
1           -1.4221550714141524      
4           -52.87523065868271       
1           -1.4221550714141524      
4           -509.57127572953709      
1           -1.4221550714141524      
2           -5.6886202856566097      
0           0                        
2           -14.714001255355582      
0           0                        
1           -1.4221550714141524      
3           -30.828528463263655      
1           -1.4221550714141524      
1           -1.4221550714141524      
3           -15.013022256067508      
2           -5.6886202856566097      
2           -5.6886202856566097      
1           -1.4221550714141524      
1           -1.4221550714141524      
2           -5.6886202856566097      
2           -5.6886202856566097      
5           -811.78763112593595      
1           -1.4221550714141524      
0           0                        
1           -1.4221550714141524      
0           0                        
1           -1.4221550714141524      
4           -22.754481142626439      
6           -1458.8262513935217      
1           -1.4221550714141524      
1           -1.4221550714141524      
4           -2283.6196168473853      
3           -349.04982500986847      
1           -1.4221550714141524      
2           -5.6886202856566097      
0           0                        
2           -5.6886202856566097      
1           -1.4221550714141524      
0           0                        
1           -1.4221550714141524      
2           -5.6886202856566097      
3           -12.799395642727369      
2           -5.6886202856566097      
3           -12.799395642727369      
1           -1.4221550714141524      
3           -12.799395642727369      
2           -5.6886202856566097      
1           -1.4221550714141524      
3           -12.799395642727369      
5           -843.97679716565358      
2           -5.6886202856566097      
2           -5.6886202856566097      
2           -5.6886202856566097      
5           -35.553876785353808      
0           0                        
2           -5.6886202856566097      
3           -61.153006023182009      
5           -1348.6189014774529      
0           0                        
