360 1 -3675 35 35 35
2           -5.5920578388213498      
0           0                        
1           -1.3980144597053374      
2           -5.5920578388213498      
2           -5.5920578388213498      
1           -1.3980144597053374      
5           -49.476273424467266      
2           -5.5920578388213498      
1           -1.3980144597053374      
1           -1.3980144597053374      
0           0                        
1           -1.3980144597053374      
0           0                        
2           -5.5920578388213498      
2           -21.569019293020961      
3           -12.582130137348038      
0           0                        
0           0                        
1           -1.3980144597053374      
2           -5.5920578388213498      
0           0                        
1           -1.3980144597053374      
3           -12.582130137348038      
5           -126.0728545481204       
1           -1.3980144597053374      
1           -1.3980144597053374      
2           -5.5920578388213498      
2           -5.5920578388213498      
0           0                        
1           -1.3980144597053374      
3           -63.857960279787278      
0           0                        
3           -12.582130137348038      
4           -633.03529958202444      
0           0                        
4           -915.6330258339334       
1           -1.3980144597053374      
0           0                        
1           -1.3980144597053374      
1           -1.3980144597053374      
2           -5.5920578388213498      
2           -11.700461612022757      
2           -86.16135280207267       
2           -5.5920578388213498      
1           -1.3980144597053374      
1           -1.3980144597053374      
2           -5.5920578388213498      
1           -1.3980144597053374      
2           -5.5920578388213498      
1           -1.3980144597053374      
0           0                        
3           -43.576231551135599      
0           0                        
1           -1.3980144597053374      
1           -1.3980144597053374      
2           -5.5920578388213498      
2           -5.5920578388213498      
0           0                        
0           0                        
0           0                        
0           0                        
2           -5.5920578388213498      
2           -5.5920578388213498      
2           -5.5920578388213498      
3           -12.582130137348038      
5           -454.85212839198272      
3           -464.62042946113058      
1           -1.3980144597053374      
0           0                        
1           -1.3980144597053374      
0           0                        
0           0                        
5           -50.313546976209764      
2           -5.5920578388213498      
4           -1113.8360294535839      
1           -1.3980144597053374      
3           -19.683551495518778      
0           0                        
5           -511.84860115123269      
0           0                        
1           -1.3980144597053374      
4           -838.56685340924491      
0           0                        
0           0                        
2           -5.5920578388213498      
0           0                        
2           -7.6575745979634835      
2           -5.5920578388213498      
3           -625.78204790899781      
2           -8.6006409018557779      
2           -5.5920578388213498      
1           -1.3980144597053374      
0           0                        
1           -1.3980144597053374      
2           -5.5920578388213498      
3           -14.653535242355712      
1           -1.3980144597053374      
0           0                        
1           -1.3980144597053374      
1           -1.3980144597053374      
1           -1.3980144597053374      
