360 1 -3675 35 35 35
7           -614.99654593305434      
0           0                        
2           -2.2512045114487211      
2           -304.78732991350012      
2           -2.2512045114487211      
3           -6.3818854561924425      
0           0                        
1           -0.56280112786218028     
6           -59.564453743090866      
1           -0.56280112786218028     
1           -0.56280112786218028     
0           0                        
1           -0.56280112786218028     
2           -2.2512045114487211      
1           -0.56280112786218028     
1           -0.56280112786218028     
2           -2.2512045114487211      
1           -0.56280112786218028     
0           0                        
1           -0.56280112786218028     
2           -2.2512045114487211      
1           -0.56280112786218028     
2           -2.2512045114487211      
1           -0.56280112786218028     
7           -71.208876439300354      
1           -0.56280112786218028     
0           0                        
2           -2.2512045114487211      
2           -2.2512045114487211      
2           -2.2512045114487211      
0           0                        
2           -2.2512045114487211      
0           0                        
2           -2.2512045114487211      
4           -225.46010591634314      
2           -2.2512045114487211      
3           -131.93456823526378      
3           -5.0652101507596221      
1           -0.56280112786218028     
2           -2.2512045114487211      
2           -3.8374454577503041      
1           -0.56280112786218028     
4           -12.347118528198934      
2           -286.06357111278453      
1           -0.56280112786218028     
5           -323.90851652786591      
2           -2.2512045114487211      
0           0                        
3           -38.511662760100648      
0           0                        
0           0                        
0           0                        
2           -2.2512045114487211      
0           0                        
1           -0.56280112786218028     
2           -25.714563414285287      
4           -24.567466407946796      
2           -2.2512045114487211      
1           -0.56280112786218028     
2           -2.2512045114487211      
0           0                        
4           -34.14386415471688       
5           -122.5978031082016       
1           -0.56280112786218028     
0           0                        
1           -0.56280112786218028     
2           -2.2512045114487211      
4           -24.706280207534022      
0           0                        
2           -83.789918422262474      
2           -2.2512045114487211      
1           -0.56280112786218028     
3           -5.0652101507596221      
3           -533.50169000976416      
5           -92.890850865407103      
0           0                        
0           0                        
2           -286.68856280846421      
1           -0.56280112786218028     
1           -0.56280112786218028     
2           -2.2512045114487211      
2           -2.2512045114487211      
0           0                        
0           0                        
1           -0.56280112786218028     
3           -5.0652101507596221      
1           -0.56280112786218028     
1           -0.56280112786218028     
3           -8.5936944736723255      
1           -0.56280112786218028     
1           -0.56280112786218028     
6           -51.299315167465544      
2           -2.2512045114487211      
3           -49.308933684447425      
0           0                        
0           0                        
2           -2.2512045114487211      
3           -5.0652101507596221      
1           -0.56280112786218028     
4           -9.0048180457948845      
0           0                        
