360 1 -3675 35 35 35
0           0                        
3           -576.92567746084865      
2           -833.16538709128179      
3           -15.555043946855275      
2           -6.8328575994494898      
3           -13.847457979302932      
2           -5.6886202856566097      
0           0                        
1           -1.4221550714141524      
1           -1.4221550714141524      
4           -1352.7724567418513      
0           0                        
1           -1.4221550714141524      
1           -1.4221550714141524      
5           -37.639607254302767      
2           -205.93603622560633      
4           -485.0049444704494       
1           -1.4221550714141524      
2           -12.342022128373847      
7           -1991.8079354769875      
1           -1.4221550714141524      
1           -1.4221550714141524      
3           -18.419528817586709      
5           -44.827391511387646      
1           -1.4221550714141524      
0           0                        
1           -1.4221550714141524      
1           -1.4221550714141524      
2           -5.6886202856566097      
3           -12.799395642727369      
2           -1363.4825060957226      
1           -1.4221550714141524      
4           -784.04221595627121      
0           0                        
3           -12.799395642727369      
1           -1.4221550714141524      
4           -105.36845220508152      
1           -1.4221550714141524      
1           -1.4221550714141524      
3           -12.799395642727369      
2           -5.6886202856566097      
1           -1.4221550714141524      
4           -56.798257734259124      
1           -1.4221550714141524      
3           -12.799395642727369      
0           0                        
2           -6.8432118429517566      
0           0                        
1           -1.4221550714141524      
3           -18.060472123989605      
6           -665.06278991245256      
1           -1.4221550714141524      
3           -38.174324938442844      
2           -5.6886202856566097      
1           -1.4221550714141524      
1           -1.4221550714141524      
0           0                        
3           -12.799395642727369      
0           0                        
2           -5.6886202856566097      
4           -136.33504902198268      
2           -5.6886202856566097      
3           -12.799395642727369      
4           -186.55048328234048      
2           -5.6886202856566097      
0           0                        
2           -5.6886202856566097      
2           -5.6886202856566097      
3           -939.51749872330242      
0           0                        
2           -345.5777153355055       
1           -1.4221550714141524      
4           -54.008871693447546      
5           -2234.3426373525822      
1           -1.4221550714141524      
2           -5.6886202856566097      
1           -1.4221550714141524      
2           -5.6886202856566097      
5           -131.88686363982995      
0           0                        
1           -1.4221550714141524      
0           0                        
0           0                        
0           0                        
1           -1.4221550714141524      
0           0                        
3           -1026.5439242435327      
2           -5.6886202856566097      
0           0                        
0           0                        
1           -1.4221550714141524      
1           -1.4221550714141524      
3           -43.739576165335379      
1           -1.4221550714141524      
3           -517.04164650498205      
2           -5.6886202856566097      
0           0                        
1           -1.4221550714141524      
2           -5.6886202856566097      
4           -1026.0761077857021      
3           -12.799395642727369      
