360 1 -3675 35 35 35
0           0                        
1           -1.3980144597053374      
0           0                        
5           -36.510651677661059      
3           -105.0705421235763       
1           -1.3980144597053374      
4           -28.151886625026926      
2           -5.5920578388213498      
2           -5.5920578388213498      
1           -1.3980144597053374      
2           -5.5920578388213498      
1           -1.3980144597053374      
1           -1.3980144597053374      
3           -547.94727131110869      
2           -5.5920578388213498      
2           -6.747392254737008       
3           -12.582130137348038      
2           -5.5920578388213498      
1           -1.3980144597053374      
3           -729.59422796759907      
3           -12.582130137348038      
0           0                        
1           -1.3980144597053374      
0           0                        
4           -705.54715394205971      
1           -1.3980144597053374      
6           -1215.4775262095541      
1           -1.3980144597053374      
0           0                        
4           -28.958196456917534      
4           -1268.1558430183518      
1           -1.3980144597053374      
0           0                        
1           -1.3980144597053374      
2           -20.080806131923968      
3           -12.582130137348038      
1           -1.3980144597053374      
0           0                        
0           0                        
6           -1890.5561323051668      
1           -1.3980144597053374      
5           -543.98519674146246      
0           0                        
2           -5.5920578388213498      
3           -402.3533563589877       
0           0                        
1           -1.3980144597053374      
4           -22.368231355285399      
2           -5.5920578388213498      
2           -5.5920578388213498      
1           -1.3980144597053374      
2           -27.699136348151299      
1           -1.3980144597053374      
0           0                        
2           -5.5920578388213498      
0           0                        
2           -5.5920578388213498      
1           -1.3980144597053374      
1           -1.3980144597053374      
1           -1.3980144597053374      
1           -1.3980144597053374      
2           -5.5920578388213498      
0           0                        
4           -811.59977128973344      
3           -12.582130137348038      
0           0                        
4           -90.478649371751942      
2           -5.5920578388213498      
3           -12.582130137348038      
3           -1025.9763873057193      
1           -1.3980144597053374      
2           -5.5920578388213498      
1           -1.3980144597053374      
0           0                        
4           -22.368231355285399      
1           -1.3980144597053374      
0           0                        
2           -780.2799181321717       
4           -28.109579170742848      
4           -62.659067156662815      
3           -31.406878356069377      
2           -5.5920578388213498      
0           0                        
0           0                        
1           -1.3980144597053374      
2           -5.5920578388213498      
2           -8.1784814891263053      
3           -12.582130137348038      
4           -253.18314980184238      
2           -24.590369460074314      
2           -626.716552092386        
1           -1.3980144597053374      
0           0                        
3           -49.896935631567857      
2           -5.5920578388213498      
3           -298.89418448881798      
3           -12.582130137348038      
1           -1.3980144597053374      
4           -123.28839737280119      
1           -1.3980144597053374      
1           -1.3980144597053374      
