360 1 -3675 35 35 35
1           -0.19603775922131797     
3           -41.600636757067051      
3           -141.33443509414474      
0           0                        
0           0                        
3           -1.764339832991862       
1           -0.19603775922131797     
2           -0.78415103688527188     
0           0                        
1           -0.19603775922131797     
1           -0.19603775922131797     
0           0                        
0           0                        
1           -0.19603775922131797     
0           0                        
6           -128.31182507806648      
2           -36.612093690353838      
2           -107.51582391612192      
2           -0.78415103688527188     
5           -10.74576042243929       
2           -0.78415103688527188     
1           -0.19603775922131797     
2           -0.78415103688527188     
0           0                        
3           -284.21533352868477      
3           -12.39358683729353       
3           -5.9155352975192361      
1           -0.19603775922131797     
1           -0.19603775922131797     
6           -31.587528234242949      
0           0                        
0           0                        
2           -0.78415103688527188     
2           -0.78415103688527188     
0           0                        
2           -0.78415103688527188     
2           -0.78415103688527188     
6           -289.18094896330064      
0           0                        
0           0                        
0           0                        
1           -0.19603775922131797     
1           -0.19603775922131797     
1           -0.19603775922131797     
1           -0.19603775922131797     
0           0                        
0           0                        
1           -0.19603775922131797     
4           -12.78275814425368       
2           -0.78415103688527188     
1           -0.19603775922131797     
2           -0.78415103688527188     
2           -0.78415103688527188     
2           -99.093246046749115      
2           -0.78415103688527188     
3           -1.764339832991862       
2           -0.78415103688527188     
1           -0.19603775922131797     
3           -1.764339832991862       
1           -0.19603775922131797     
0           0                        
2           -11.043046080721991      
3           -1.764339832991862       
3           -1.764339832991862       
2           -0.78415103688527188     
1           -0.19603775922131797     
4           -3.1366041475410875      
1           -0.19603775922131797     
3           -1.764339832991862       
1           -0.19603775922131797     
2           -0.78415103688527188     
1           -0.19603775922131797     
1           -0.19603775922131797     
2           -0.78415103688527188     
3           -189.89848929554577      
1           -0.19603775922131797     
1           -0.19603775922131797     
3           -1.764339832991862       
3           -1.764339832991862       
0           0                        
2           -0.78415103688527188     
0           0                        
0           0                        
1           -0.19603775922131797     
1           -0.19603775922131797     
9           -248.89651406807894      
2           -0.78415103688527188     
0           0                        
0           0                        
5           -24.370248398624636      
0           0                        
3           -16.747228954040001      
4           -132.67477604326848      
3           -1.764339832991862       
2           -6.6838584775984424      
3           -72.005844194792786      
1           -0.19603775922131797     
1           -0.19603775922131797     
6           -21.74128127002307       
3           -32.182272075460531      
2           -0.78415103688527188     
