360 1 -3675 35 35 35
1           -0.19603775922131797     
0           0                        
3           -224.6759628903506       
3           -163.67377273327418      
0           0                        
1           -0.19603775922131797     
0           0                        
5           -133.0904565340216       
2           -0.78415103688527188     
1           -0.19603775922131797     
2           -15.294534216544315      
2           -0.78415103688527188     
3           -7.7407061319517823      
1           -0.19603775922131797     
0           0                        
3           -4.3121738187744523      
5           -17.210737916180904      
0           0                        
4           -6.744295364871995       
0           0                        
2           -5.0649778354541324      
3           -1.764339832991862       
0           0                        
2           -0.78415103688527188     
0           0                        
1           -0.19603775922131797     
1           -0.19603775922131797     
3           -1.764339832991862       
1           -0.19603775922131797     
1           -0.19603775922131797     
3           -1.764339832991862       
2           -0.78415103688527188     
1           -0.19603775922131797     
0           0                        
2           -0.78415103688527188     
3           -1.764339832991862       
3           -1.764339832991862       
1           -0.19603775922131797     
3           -1.764339832991862       
1           -0.19603775922131797     
2           -154.10866905206024      
2           -0.78415103688527188     
3           -121.65092640089158      
1           -0.19603775922131797     
1           -0.19603775922131797     
0           0                        
2           -0.78415103688527188     
2           -0.78415103688527188     
2           -60.96851765988643       
0           0                        
1           -0.19603775922131797     
1           -0.19603775922131797     
1           -0.19603775922131797     
1           -0.19603775922131797     
0           0                        
0           0                        
3           -1.764339832991862       
2           -0.78415103688527188     
2           -98.484225836610491      
4           -96.522545974325439      
2           -0.78415103688527188     
2           -0.78415103688527188     
8           -88.119524664205187      
0           0                        
2           -0.78415103688527188     
3           -8.5350546730251367      
2           -7.0253216927226054      
3           -1.764339832991862       
1           -0.19603775922131797     
3           -108.7283401584021       
0           0                        
1           -0.19603775922131797     
1           -0.19603775922131797     
3           -1.764339832991862       
3           -22.477838457936848      
3           -51.649016872854169      
3           -1.764339832991862       
4           -38.646564562102299      
1           -0.19603775922131797     
0           0                        
4           -131.56732545485542      
2           -2.5731112545839867      
3           -5.7901776452850253      
1           -0.19603775922131797     
0           0                        
0           0                        
1           -0.19603775922131797     
2           -16.115621904435827      
1           -0.19603775922131797     
0           0                        
0           0                        
1           -0.19603775922131797     
2           -4.4132886721004292      
1           -0.19603775922131797     
3           -75.175823545410267      
3           -66.961202160889229      
1           -0.19603775922131797     
2           -8.5997129232679335      
1           -0.19603775922131797     
2           -0.78415103688527188     
0           0                        
