360 1 -3675 35 35 35
3           -1.764339832991862       
2           -0.78415103688527188     
0           0                        
1           -0.19603775922131797     
1           -0.19603775922131797     
1           -0.19603775922131797     
1           -0.19603775922131797     
3           -1.764339832991862       
2           -64.473063128227508      
1           -0.19603775922131797     
1           -0.19603775922131797     
3           -149.9804222517825       
0           0                        
4           -3.1366041475410875      
1           -0.19603775922131797     
1           -0.19603775922131797     
0           0                        
0           0                        
4           -10.272657752908302      
3           -6.0289522161553606      
1           -0.19603775922131797     
0           0                        
1           -0.19603775922131797     
2           -28.488020817314837      
0           0                        
2           -0.78415103688527188     
1           -0.19603775922131797     
1           -0.19603775922131797     
2           -3.1332574209564958      
1           -0.19603775922131797     
3           -7.1318864973324159      
2           -0.78415103688527188     
3           -138.44049361004934      
0           0                        
3           -52.510492989361559      
2           -2.6776608617287065      
1           -0.19603775922131797     
0           0                        
2           -0.78415103688527188     
1           -0.19603775922131797     
3           -1.764339832991862       
1           -0.19603775922131797     
0           0                        
1           -0.19603775922131797     
2           -0.78415103688527188     
0           0                        
3           -131.40391495102941      
6           -196.99002440486888      
0           0                        
2           -5.5999016315129229      
3           -1.764339832991862       
0           0                        
0           0                        
6           -157.43188142069567      
1           -0.19603775922131797     
1           -0.19603775922131797     
3           -1.764339832991862       
5           -4.9009439805329498      
0           0                        
2           -5.5290122133448056      
1           -0.19603775922131797     
0           0                        
0           0                        
3           -1.764339832991862       
2           -0.78415103688527188     
2           -0.78415103688527188     
1           -0.19603775922131797     
1           -0.19603775922131797     
2           -1.8846253815663907      
2           -54.698987484618648      
1           -0.19603775922131797     
4           -4.6049713219472528      
1           -0.19603775922131797     
1           -0.19603775922131797     
2           -0.78415103688527188     
1           -0.19603775922131797     
1           -0.19603775922131797     
1           -0.19603775922131797     
0           0                        
2           -0.78415103688527188     
1           -0.19603775922131797     
2           -0.78415103688527188     
1           -0.19603775922131797     
2           -125.22273407612789      
1           -0.19603775922131797     
2           -0.78415103688527188     
1           -0.19603775922131797     
2           -11.063933534182453      
1           -0.19603775922131797     
1           -0.19603775922131797     
3           -1.764339832991862       
3           -1.764339832991862       
3           -15.006059201544351      
0           0                        
0           0                        
1           -0.19603775922131797     
4           -9.5399914245470665      
2           -0.78415103688527188     
3           -1.764339832991862       
1           -0.19603775922131797     
1           -0.19603775922131797     
