360 1 -3675 35 35 35
3           -4.9151464993215725      
1           -0.54612738881350809     
4           -239.11822629990408      
1           -0.54612738881350809     
5           -432.75757058021128      
3           -4.9151464993215725      
1           -0.54612738881350809     
2           -3.9600320241512339      
2           -378.57718680451956      
1           -0.54612738881350809     
0           0                        
1           -0.54612738881350809     
1           -0.54612738881350809     
2           -2.1845095552540323      
2           -2.1845095552540323      
2           -2.1845095552540323      
3           -4.9151464993215725      
1           -0.54612738881350809     
2           -2.1845095552540323      
2           -2.1845095552540323      
0           0                        
5           -602.11950845739864      
2           -272.50262171786261      
1           -0.54612738881350809     
1           -0.54612738881350809     
1           -0.54612738881350809     
2           -167.35103172254443      
1           -0.54612738881350809     
2           -2.1845095552540323      
2           -2.1845095552540323      
3           -8.5627817220856617      
1           -0.54612738881350809     
2           -2.1845095552540323      
0           0                        
1           -0.54612738881350809     
5           -165.67780065651172      
3           -27.851171931825643      
1           -0.54612738881350809     
1           -0.54612738881350809     
1           -0.54612738881350809     
2           -2.1845095552540323      
3           -4.9151464993215725      
4           -85.591579085085172      
3           -142.55070826253009      
2           -2.1845095552540323      
1           -0.54612738881350809     
1           -0.54612738881350809     
2           -2.1845095552540323      
1           -0.54612738881350809     
1           -0.54612738881350809     
2           -2.1845095552540323      
5           -154.44945087200378      
0           0                        
0           0                        
1           -0.54612738881350809     
1           -0.54612738881350809     
2           -2.1845095552540323      
1           -0.54612738881350809     
0           0                        
0           0                        
3           -457.59594185106425      
1           -0.54612738881350809     
2           -2.1845095552540323      
1           -0.54612738881350809     
5           -435.21756269726359      
2           -2.1845095552540323      
0           0                        
2           -52.229504326099523      
0           0                        
2           -21.310960764588049      
0           0                        
8           -295.86601979774713      
0           0                        
0           0                        
4           -32.156826888556779      
1           -0.54612738881350809     
1           -0.54612738881350809     
1           -0.54612738881350809     
0           0                        
0           0                        
2           -2.1845095552540323      
2           -2.1845095552540323      
1           -0.54612738881350809     
1           -0.54612738881350809     
1           -0.54612738881350809     
0           0                        
3           -18.430501765444632      
3           -4.9151464993215725      
0           0                        
2           -3.8738521713992444      
4           -497.3721959263886       
2           -2.1845095552540323      
1           -0.54612738881350809     
4           -8.7380382210161294      
7           -798.55619324249551      
0           0                        
3           -4.9151464993215725      
3           -4.9151464993215725      
5           -13.6531847203377        
3           -187.5831962662248       
3           -328.98878629467555      
