360 1 -3675 35 35 35
3           -17.129957115792173      
0           0                        
1           -1.4415847455985695      
1           -1.4415847455985695      
2           -434.70341651741916      
2           -5.7663389823942781      
1           -1.4415847455985695      
4           -23.065355929577112      
2           -5.7663389823942781      
1           -1.4415847455985695      
0           0                        
2           -5.7663389823942781      
1           -1.4415847455985695      
2           -5.7663389823942781      
0           0                        
1           -1.4415847455985695      
4           -1254.2280918333768      
3           -12.974262710387126      
2           -6.6922856704998459      
0           0                        
3           -12.974262710387126      
4           -35.313059430268957      
3           -12.974262710387126      
2           -5.7663389823942781      
1           -1.4415847455985695      
3           -12.974262710387126      
1           -1.4415847455985695      
2           -9.7736984456841789      
1           -1.4415847455985695      
1           -1.4415847455985695      
2           -5.7663389823942781      
5           -176.03273241832792      
2           -5.7663389823942781      
2           -5.7663389823942781      
0           0                        
0           0                        
1           -1.4415847455985695      
1           -1.4415847455985695      
1           -1.4415847455985695      
2           -5.7663389823942781      
3           -230.42366928205283      
2           -5.7663389823942781      
2           -5.7663389823942781      
1           -1.4415847455985695      
3           -61.911205164828317      
2           -5.7663389823942781      
0           0                        
0           0                        
1           -1.4415847455985695      
1           -1.4415847455985695      
1           -1.4415847455985695      
3           -62.496682123115349      
2           -5.7663389823942781      
1           -1.4415847455985695      
2           -7.5750247405649027      
4           -23.065355929577112      
3           -46.725668758659765      
2           -5.7663389823942781      
1           -1.4415847455985695      
4           -1893.6443496564846      
2           -5.7663389823942781      
1           -1.4415847455985695      
1           -1.4415847455985695      
1           -1.4415847455985695      
2           -5.7663389823942781      
1           -1.4415847455985695      
4           -26.089943948506559      
1           -1.4415847455985695      
1           -1.4415847455985695      
5           -1167.1343974176323      
1           -1.4415847455985695      
2           -239.94647700081055      
0           0                        
1           -1.4415847455985695      
3           -14.692489954318265      
1           -1.4415847455985695      
2           -5.7663389823942781      
1           -1.4415847455985695      
1           -1.4415847455985695      
0           0                        
4           -867.51123408818978      
3           -188.77771882994162      
4           -638.87007614010861      
2           -5.7663389823942781      
1           -1.4415847455985695      
1           -1.4415847455985695      
2           -5.7663389823942781      
2           -5.7663389823942781      
2           -5.7663389823942781      
0           0                        
1           -1.4415847455985695      
1           -1.4415847455985695      
3           -12.974262710387126      
5           -389.30267683108673      
2           -20.27387802288337       
2           -704.80310335093168      
2           -5.7663389823942781      
0           0                        
4           -607.37505783799588      
2           -5.7663389823942781      
0           0                        
