360 1 -3675 35 35 35
0           0                        
3           -33.026232682339391      
3           -1.8212479750620876      
1           -0.20236088611800973     
2           -0.80944354447203892     
0           0                        
3           -1.8212479750620876      
2           -0.80944354447203892     
7           -442.68109174281881      
0           0                        
0           0                        
0           0                        
2           -0.80944354447203892     
0           0                        
0           0                        
2           -0.80944354447203892     
0           0                        
5           -260.22666385773141      
1           -0.20236088611800973     
1           -0.20236088611800973     
0           0                        
2           -3.2692355681272782      
2           -0.80944354447203892     
1           -0.20236088611800973     
2           -0.80944354447203892     
1           -0.20236088611800973     
0           0                        
3           -1.8212479750620876      
1           -0.20236088611800973     
4           -4.3596509467393521      
4           -159.91487783416525      
3           -1.8212479750620876      
1           -0.20236088611800973     
3           -1.8212479750620876      
0           0                        
2           -2.1752532888434377      
1           -0.20236088611800973     
1           -0.20236088611800973     
1           -0.20236088611800973     
3           -1.8212479750620876      
6           25.320403884590718       
1           -0.20236088611800973     
3           -1.8212479750620876      
2           -0.80944354447203892     
1           -0.20236088611800973     
1           -0.20236088611800973     
1           -0.20236088611800973     
2           -0.80944354447203892     
1           -0.20236088611800973     
2           -0.80944354447203892     
2           -42.348521080473361      
0           0                        
3           -112.182731311015        
3           -1.8212479750620876      
2           -0.80944354447203892     
3           -1.8212479750620876      
2           -4.5579051174792369      
1           -0.20236088611800973     
2           -10.284842275674198      
0           0                        
1           -0.20236088611800973     
5           -381.33038168061211      
2           -0.80944354447203892     
2           -0.80944354447203892     
1           -0.20236088611800973     
4           -142.50751452019799      
1           -0.20236088611800973     
4           -177.38179204512019      
3           -187.87705656848902      
2           -0.80944354447203892     
1           -0.20236088611800973     
0           0                        
2           -4.8438555360040763      
3           -1.8212479750620876      
4           -3.2377741778881557      
2           -0.80944354447203892     
1           -0.20236088611800973     
1           -0.20236088611800973     
0           0                        
1           -0.20236088611800973     
0           0                        
0           0                        
0           0                        
1           -0.20236088611800973     
6           -17.223820347381078      
3           -36.955363139100655      
4           -7.488811158477322       
2           -0.80944354447203892     
3           -292.09806102262814      
2           -0.80944354447203892     
1           -0.20236088611800973     
4           -65.861590117347248      
2           -2.0219928589183667      
0           0                        
1           -0.20236088611800973     
0           0                        
2           -73.198284983124296      
2           -0.80944354447203892     
2           -5.1197879508744295      
0           0                        
2           -0.80944354447203892     
