360 1 -3675 35 35 35
2           -0.80944354447203892     
1           -0.20236088611800973     
2           -0.80944354447203892     
2           -0.80944354447203892     
3           -10.53448386990735       
1           -0.20236088611800973     
2           -0.80944354447203892     
4           -5.5811316212241957      
3           -1.8212479750620876      
2           -0.80944354447203892     
3           -1.8212479750620876      
1           -0.20236088611800973     
2           -9.94770017857563        
1           -0.20236088611800973     
1           -0.20236088611800973     
2           -23.585439803381703      
2           -0.80944354447203892     
2           -36.483070901605295      
0           0                        
3           -1.8212479750620876      
8           -292.76660268590501      
4           -38.079276061760098      
2           -0.80944354447203892     
2           -0.80944354447203892     
1           -0.20236088611800973     
1           -0.20236088611800973     
2           -0.80944354447203892     
1           -0.20236088611800973     
1           -0.20236088611800973     
0           0                        
1           -0.20236088611800973     
0           0                        
4           -3.2377741778881557      
0           0                        
0           0                        
3           -138.93304047540829      
1           -0.20236088611800973     
3           -7.635641817649069       
6           -54.178149378406623      
2           -2.0254763573191852      
1           -0.20236088611800973     
3           -6.4220919520693274      
2           -17.504280451923709      
1           -0.20236088611800973     
0           0                        
1           -0.20236088611800973     
0           0                        
1           -0.20236088611800973     
0           0                        
4           -59.151390213883538      
4           -62.301749354533342      
0           0                        
5           -148.36027689597412      
2           -0.80944354447203892     
1           -0.20236088611800973     
0           0                        
3           -149.31922301801984      
1           -0.20236088611800973     
3           -3.0313146230717996      
2           -0.80944354447203892     
2           -0.80944354447203892     
2           -9.7457285140916792      
3           -142.02043128146119      
0           0                        
1           -0.20236088611800973     
4           -102.18893719558956      
1           -0.20236088611800973     
2           -0.80944354447203892     
4           -54.644603963287423      
0           0                        
0           0                        
2           3.9001997966543982       
1           -0.20236088611800973     
2           -0.80944354447203892     
2           -145.90719150643039      
4           -76.102630982782117      
1           -0.20236088611800973     
1           -0.20236088611800973     
2           -0.80944354447203892     
1           -0.20236088611800973     
0           0                        
3           -1.8212479750620876      
4           -144.33353254088422      
2           -3.4639430342561655      
1           -0.20236088611800973     
2           -0.80944354447203892     
4           -5.6120268855978104      
0           0                        
3           -28.390763272956242      
1           -0.20236088611800973     
2           -0.80944354447203892     
1           -0.20236088611800973     
7           -82.511639479308073      
0           0                        
1           -0.20236088611800973     
0           0                        
2           -16.168210363784336      
1           -0.20236088611800973     
0           0                        
2           -0.80944354447203892     
4           -6.3692817167244904      
