360 1 -3675 35 35 35
2           -5.6886202856566097      
0           0                        
1           -1.4221550714141524      
2           -5.6886202856566097      
2           -5.6886202856566097      
1           -1.4221550714141524      
5           -50.343829942096164      
2           -5.6886202856566097      
1           -1.4221550714141524      
1           -1.4221550714141524      
0           0                        
1           -1.4221550714141524      
0           0                        
2           -5.6886202856566097      
2           -21.949983094878441      
3           -12.799395642727369      
0           0                        
0           0                        
1           -1.4221550714141524      
2           -5.6886202856566097      
0           0                        
1           -1.4221550714141524      
3           -12.799395642727369      
5           -128.25396504568704      
1           -1.4221550714141524      
1           -1.4221550714141524      
2           -5.6886202856566097      
2           -5.6886202856566097      
0           0                        
1           -1.4221550714141524      
3           -65.000661506356295      
0           0                        
3           -12.799395642727369      
4           -642.53290658460014      
0           0                        
4           -928.7644712414733       
1           -1.4221550714141524      
0           0                        
1           -1.4221550714141524      
1           -1.4221550714141524      
2           -5.6886202856566097      
2           -11.909529493633681      
2           -87.590700663999542      
2           -5.6886202856566097      
1           -1.4221550714141524      
1           -1.4221550714141524      
2           -5.6886202856566097      
1           -1.4221550714141524      
2           -5.6886202856566097      
1           -1.4221550714141524      
0           0                        
3           -44.355787207128941      
0           0                        
1           -1.4221550714141524      
1           -1.4221550714141524      
2           -5.6886202856566097      
2           -5.6886202856566097      
0           0                        
0           0                        
0           0                        
0           0                        
2           -5.6886202856566097      
2           -5.6886202856566097      
2           -5.6886202856566097      
3           -12.799395642727369      
5           -462.0778916741877       
3           -454.68510429538651      
1           -1.4221550714141524      
0           0                        
1           -1.4221550714141524      
0           0                        
0           0                        
5           -51.207245954861648      
2           -5.6886202856566097      
4           -1122.7932425398492      
1           -1.4221550714141524      
3           -20.039471103240952      
0           0                        
5           -511.17660336375008      
0           0                        
1           -1.4221550714141524      
4           -839.9968231156829       
0           0                        
0           0                        
2           -5.6886202856566097      
0           0                        
2           -7.797227698785469       
2           -5.6886202856566097      
3           -635.81349983243013      
2           -8.7571299263434774      
2           -5.6886202856566097      
1           -1.4221550714141524      
0           0                        
1           -1.4221550714141524      
2           -5.6886202856566097      
3           -14.911044150166736      
1           -1.4221550714141524      
0           0                        
1           -1.4221550714141524      
1           -1.4221550714141524      
1           -1.4221550714141524      
