360 1 -3675 35 35 35
0           0                        
2           -0.78415103688527188     
3           -1.764339832991862       
2           -92.629204023856403      
0           0                        
3           -39.424970355162834      
1           -0.19603775922131797     
2           -0.78415103688527188     
0           0                        
2           -127.07730103851726      
1           -0.19603775922131797     
3           -4.8364426694401885      
2           -4.0581085841945299      
0           0                        
0           0                        
2           -0.78415103688527188     
2           -0.78415103688527188     
2           -0.78415103688527188     
0           0                        
2           -68.174219618443814      
3           -1.764339832991862       
1           -0.19603775922131797     
2           -0.78415103688527188     
2           -0.78415103688527188     
4           -12.956115440444824      
0           0                        
1           -0.19603775922131797     
1           -0.19603775922131797     
2           -0.78415103688527188     
4           -41.896882179038919      
0           0                        
5           -53.987738787968389      
0           0                        
0           0                        
1           -0.19603775922131797     
3           -1.764339832991862       
1           -0.19603775922131797     
6           -60.426830759406691      
1           -0.19603775922131797     
3           -192.34296738424462      
0           0                        
4           -46.734314127326293      
2           -36.188628953030992      
3           -98.902145652602343      
1           -0.19603775922131797     
1           -0.19603775922131797     
4           -7.9178604327128248      
2           -14.232779854792957      
3           -112.9909246259484       
2           -0.78415103688527188     
1           -0.19603775922131797     
1           -0.19603775922131797     
2           -12.190169564784137      
3           -3.748889765407915       
2           -0.78415103688527188     
1           -0.19603775922131797     
5           -183.54570480615052      
0           0                        
1           -0.19603775922131797     
2           -0.78415103688527188     
1           -0.19603775922131797     
3           -119.6643741762073       
2           -0.78415103688527188     
0           0                        
0           0                        
1           -0.19603775922131797     
0           0                        
1           -0.19603775922131797     
1           -0.19603775922131797     
1           -0.19603775922131797     
4           -226.32129704511027      
0           0                        
4           -193.33747435731274      
2           -0.78415103688527188     
2           -0.78415103688527188     
6           -678.34428406475206      
0           0                        
4           -71.698988600045539      
4           -5.3293307788517517      
1           -0.19603775922131797     
4           -82.773873244618201      
3           -6.5553934075095572      
0           0                        
0           0                        
2           -0.78415103688527188     
1           -0.19603775922131797     
1           -0.19603775922131797     
1           -0.19603775922131797     
3           -1.764339832991862       
0           0                        
2           -0.78415103688527188     
0           0                        
1           -0.19603775922131797     
4           -9.4474940514414509      
3           -23.492615281065884      
1           -0.19603775922131797     
4           -267.53190674079661      
3           -1.764339832991862       
2           -69.695261105675357      
2           -0.78415103688527188     
3           -6.8254774261233653      
