360 1 -3675 35 35 35
0           0                        
0           0                        
2           -5.6886202856566097      
1           -1.4221550714141524      
1           -1.4221550714141524      
2           -5.6886202856566097      
2           -5.6886202856566097      
4           -555.63641656524442      
0           0                        
3           -12.799395642727369      
0           0                        
4           -95.264507904857453      
2           -5.6886202856566097      
1           -1.4221550714141524      
3           -14.192260576652231      
1           -1.4221550714141524      
2           -6.8947364947122729      
1           -1.4221550714141524      
2           -5.6886202856566097      
4           -37.318066219951589      
3           -12.799395642727369      
1           -1.4221550714141524      
1           -1.4221550714141524      
1           -1.4221550714141524      
3           -41.672515465556586      
3           -23.865262228097851      
1           -1.4221550714141524      
3           -12.799395642727369      
1           -1.4221550714141524      
1           -1.4221550714141524      
0           0                        
2           -5.6886202856566097      
2           -5.9469724621203834      
2           -5.6886202856566097      
1           -1.4221550714141524      
2           -5.6886202856566097      
0           0                        
1           -1.4221550714141524      
5           -913.70211974146241      
2           -133.54687622964536      
4           -45.710150061523144      
3           -12.799395642727369      
4           -56.105688913705514      
0           0                        
5           -115.48662621852579      
1           -1.4221550714141524      
1           -1.4221550714141524      
1           -1.4221550714141524      
1           -1.4221550714141524      
0           0                        
1           -1.4221550714141524      
2           -19.231758075352118      
2           -5.6886202856566097      
1           -1.4221550714141524      
3           -145.87780992447716      
3           -21.739930087167149      
2           -5.6886202856566097      
4           -712.61113827029578      
1           -1.4221550714141524      
1           -1.4221550714141524      
1           -1.4221550714141524      
2           -155.00447691438157      
0           0                        
2           -5.6886202856566097      
1           -1.4221550714141524      
5           -918.26214516694301      
0           0                        
3           -12.799395642727369      
3           -409.15738186861427      
1           -1.4221550714141524      
3           -14.262629736173029      
2           -5.6886202856566097      
0           0                        
0           0                        
3           -696.61225801015746      
3           -297.121374751904        
0           0                        
2           -5.6886202856566097      
1           -1.4221550714141524      
2           -229.89196097059406      
1           -1.4221550714141524      
1           -1.4221550714141524      
2           -5.6886202856566097      
1           -1.4221550714141524      
0           0                        
1           -1.4221550714141524      
3           -198.23548873207574      
3           -12.799395642727369      
3           -467.63506857271477      
4           -1229.3382942964054      
1           -1.4221550714141524      
2           -5.6886202856566097      
0           0                        
1           -1.4221550714141524      
0           0                        
1           -1.4221550714141524      
4           -979.8124896189629       
3           -122.63815646490323      
2           -5.6886202856566097      
1           -1.4221550714141524      
4           -1538.4687792695481      
