360 1 -3675 35 35 35
0           0                        
7           -985.90863316043169      
4           -337.32142836227808      
1           -1.4415847455985695      
1           -1.4415847455985695      
0           0                        
2           -145.52929934932482      
0           0                        
6           -2556.2602639567617      
0           0                        
0           0                        
0           0                        
2           -5.7663389823942781      
5           -1718.8400204514444      
2           -5.7663389823942781      
3           -868.70118676520599      
1           -1.4415847455985695      
0           0                        
2           -5.7663389823942781      
0           0                        
1           -1.4415847455985695      
0           0                        
1           -1.4415847455985695      
2           -5.7663389823942781      
1           -1.4415847455985695      
0           0                        
3           -16.835032580631761      
2           -135.27992798808916      
3           -631.89805143565547      
2           -5.7663389823942781      
3           -12.974262710387126      
3           -12.974262710387126      
0           0                        
1           -1.4415847455985695      
1           -1.4415847455985695      
0           0                        
1           -1.4415847455985695      
0           0                        
4           -478.92655079196481      
2           -8.5559895351389326      
1           -1.4415847455985695      
1           -1.4415847455985695      
1           -1.4415847455985695      
3           -12.974262710387126      
4           -23.065355929577112      
1           -1.4415847455985695      
0           0                        
3           -12.974262710387126      
3           -14.092818558859539      
3           -12.974262710387126      
2           -455.60875859736285      
2           -5.7663389823942781      
2           -5.7663389823942781      
3           -12.974262710387126      
0           0                        
2           -59.848444415485439      
2           -5.7663389823942781      
3           -296.24829623157382      
1           -1.4415847455985695      
4           -379.78748897915494      
2           -5.7663389823942781      
4           -44.269602576430685      
7           -332.57670438029163      
2           -8.8089018311671481      
2           -5.7663389823942781      
1           -1.4415847455985695      
2           -5.7663389823942781      
2           -5.7663389823942781      
2           -600.57068699471324      
3           -33.206966120374645      
1           -1.4415847455985695      
2           -5.7663389823942781      
6           -777.38029869123613      
2           -5.7663389823942781      
0           0                        
1           -1.4415847455985695      
0           0                        
3           -13.864905982497239      
1           -1.4415847455985695      
2           -5.7663389823942781      
0           0                        
1           -1.4415847455985695      
1           -1.4415847455985695      
0           0                        
0           0                        
2           -10.992352778716167      
3           -748.20975444344958      
2           -5.7663389823942781      
4           -114.40493707613824      
2           -5.7663389823942781      
1           -1.4415847455985695      
3           -12.974262710387126      
0           0                        
0           0                        
2           -106.25225183615092      
2           -5.7663389823942781      
2           -259.89376763533153      
2           -16.341623733635011      
1           -1.4415847455985695      
0           0                        
1           -1.4415847455985695      
