510 1 -4127 35 35 35
40          -9001.9754723742026      
44          -9477.3753586026414      
43          -10416.551783822142      
42          -11346.406162056606      
38          -9420.9684369184652      
43          -11217.566949199723      
42          -10531.019341633311      
42          -12735.530299631568      
38          -9624.5899360816366      
40          -9393.8287297909701      
33          -8913.4877752722477      
31          -5492.4846951308309      
27          -5796.225510440272       
34          -7287.4876331875312      
32          -6365.4175211442434      
46          -14260.425724239078      
42          -11171.4983071347        
46          -14387.388736263019      
36          -8238.6368245345602      
17          -978.50246457935759      
25          -3492.8948918637639      
23          -3110.0221125002386      
33          -6676.2838509745006      
31          -6158.6105143203449      
37          -6660.7082334485358      
40          -10516.453247557691      
40          -10021.167993214836      
48          -13499.343734630504      
39          -10381.083384955804      
43          -11385.124171097528      
38          -11377.723726475968      
32          -8044.1731836757281      
27          -6023.4790396064873      
32          -7697.2764756363194      
30          -4296.4734842848466      
21          -4018.124339917103       
35          -8890.9289715289979      
35          -7658.4416702447488      
30          -9328.5689217018171      
27          -4932.3034915864155      
32          -6198.0477905460939      
41          -8972.9760199750799      
51          -18854.163941467992      
48          -17172.764788755379      
49          -16850.150856766086      
46          -13886.360716633873      
41          -11896.090606055341      
44          -14778.733231917833      
45          -14937.527150654558      
39          -11335.817535060509      
39          -9612.5351937881587      
48          -13364.973764979884      
42          -14870.745957494795      
43          -16091.655916988952      
42          -14131.717003900585      
43          -11436.270043066001      
37          -9401.8733873591118      
30          -4419.8937674666231      
24          -3952.2387037051039      
21          -3140.0863644579836      
23          -3008.1098352126314      
23          -2914.7769243199746      
18          -1969.6862758521472      
23          -3799.2502396330719      
19          -2705.1148849039419      
32          -5538.8517554261307      
23          -3582.3405633579628      
25          -4779.4184344403384      
34          -6380.4584499662969      
37          -6492.2922239547215      
25          -3320.0421419473137      
26          -5099.3336345914358      
33          -6482.8844498820881      
26          -4551.6003910910676      
25          -6132.271025004603       
37          -7740.7320223244524      
26          -4306.1650604228744      
29          -5821.7625155673149      
44          -14269.793300585094      
51          -17325.15293704439       
51          -17195.847328936386      
40          -10074.692144954743      
37          -8709.7551794211031      
43          -14199.538212883414      
51          -19780.006713793551      
42          -14698.138582528876      
46          -13929.764507910873      
60          -23339.84244684377       
66          -26823.673500977686      
79          -36450.201187155682      
78          -38239.345041038963      
77          -36378.218327898161      
83          -43583.327526241883      
79          -39297.625849074429      
89          -48222.496406335078      
97          -57306.253292591995      
103         -62923.851678971601      
102         -64084.250820601359      
103         -66086.512227321582      
105         -68787.66569558534       
103         -64074.030265217058      
