510 1 -4127 35 35 35
44          -36383.654327239354      
37          -31198.906138557526      
38          -33788.129291699275      
38          -30986.341259711997      
30          -16519.571143011031      
33          -19712.042545672073      
29          -13602.761015547763      
33          -24650.552058056743      
36          -27804.350033888739      
32          -18483.139589364971      
33          -22206.38206770306       
26          -11418.790369619675      
25          -11934.670642477136      
31          -18016.948819183599      
28          -12923.365577614873      
36          -22335.301259882814      
28          -24410.72169768373       
37          -29725.207589558311      
44          -35280.217339564166      
41          -29931.593029937179      
33          -18404.259839442257      
27          -12729.471692711339      
21          -6973.9540661894234      
23          -12495.50819494146       
14          -4610.20605804555        
23          -10968.772415469546      
19          -6586.9612452108959      
29          -14146.546685984367      
17          -3201.4134154402273      
11          -1782.7712193859188      
22          -8880.509942722354       
20          -4494.8519975061063      
28          -12268.711498124787      
34          -21701.299339401809      
34          -18897.046413937402      
33          -19197.115538667433      
39          -24260.922063472761      
31          -17865.693074045539      
29          -14499.659226988153      
42          -32403.195273439738      
40          -27683.763520312343      
38          -23718.741600718287      
20          -6545.5989630728609      
23          -12619.874249212215      
21          -9735.3120835956397      
23          -10843.156095495371      
37          -19496.730636356071      
30          -18402.14585769509       
41          -22724.832937555635      
32          -20491.864072515338      
40          -27670.365600762896      
33          -19819.096834680149      
32          -20471.830188618187      
34          -16857.110534700918      
39          -27002.90033006962       
38          -24579.819039793569      
29          -16634.323081263847      
26          -14504.758142648381      
19          -7407.3305515081902      
12          -2173.6644810897087      
20          -7670.6416899964288      
29          -14014.835888803733      
31          -15669.764275688454      
28          -11165.823948501544      
25          -11502.726708347227      
29          -16980.81216893555       
26          -13038.775330152161      
29          -17172.909224104173      
33          -22733.422514949118      
31          -17979.184261388178      
26          -10772.984701025562      
34          -23580.564846446076      
41          -32592.805027880011      
46          -33472.442414675716      
41          -33019.986052448359      
27          -16617.01199543972       
36          -18435.519635594101      
40          -27744.589537287266      
47          -38016.724557917958      
44          -38430.417085189794      
44          -40092.891555253111      
41          -36813.298712774937      
54          -57512.610581208413      
62          -66070.788852092111      
53          -58859.959796590752      
66          -78202.959121636886      
61          -59188.096677966365      
57          -56697.28446146784       
51          -46674.10308547876       
55          -51909.19433443946       
50          -43151.895696152926      
48          -37044.384325115796      
33          -23747.033023524629      
24          -13262.076507301686      
27          -14492.826650774732      
23          -13385.976408018065      
24          -12122.237230538924      
24          -7509.8131427818662      
17          -4535.5785308920204      
22          -7325.5645781376224      
24          -11808.737252711699      
