510 1 -4127 35 35 35
54          -8494.6101616670676      
44          -5599.1946984344704      
41          -5127.9709025346001      
39          -4443.0979605923249      
39          -5119.6234578289504      
37          -4672.3365122980458      
43          -5000.0410825628824      
35          -4766.1105716196871      
40          -4018.713457314002       
42          -5178.3223918085932      
44          -5283.1552177217363      
45          -5147.2642750330342      
55          -7334.7898391730132      
52          -7574.4164992675624      
39          -4644.2734447736948      
43          -4122.9880834418509      
42          -4985.2833272692651      
35          -2891.4276689076924      
36          -3518.1455383989669      
43          -2726.8281054553108      
45          -6074.6037810736652      
46          -5548.9896135630615      
48          -6705.279875878492       
38          -2260.2118197660479      
28          -2121.2531303074402      
20          -1034.0468081917575      
17          -755.04395594819709      
20          -1548.3764959140281      
30          -1599.7239429774488      
32          -3201.6521284032106      
34          -3293.3212897227158      
31          -3464.762929059134       
29          -1479.5918886842678      
31          -3292.494486170368       
39          -4855.6089951254062      
33          -3909.4595367897045      
22          -1640.5503594237537      
26          -2316.3954468978409      
20          -762.83377323306172      
33          -2889.6423428605876      
36          -4358.6893225427557      
32          -3054.1415626802818      
27          -1028.1263420711273      
35          -2750.6982569742931      
33          -3153.4810612229494      
30          -3439.5964351921657      
33          -3479.4423326723931      
30          -2711.2740821013895      
31          -2290.0963907503938      
33          -2408.974344385816       
27          -682.43167460403117      
33          -2181.3306377518647      
43          -5703.4997934101393      
48          -6345.2538829058803      
64          -10310.993771871434      
55          -7638.429674748405       
51          -7632.7667794896761      
42          -5438.9121850378169      
49          -6649.7543921799188      
49          -7308.2040206446754      
47          -7667.3898375996187      
30          -3099.5780177436895      
32          -3522.477759240644       
39          -4573.3368750790878      
47          -7109.2663090283431      
40          -3742.6792127162585      
43          -6677.1930763935597      
39          -5100.8114645053383      
55          -9717.3277780653007      
48          -4902.7789700436933      
35          -3379.2616876933962      
40          -5488.319877544739       
43          -4785.4633655203143      
26          -2720.102010659487       
26          -2111.1855025510226      
26          -2756.496616746811       
28          -1154.1582562928143      
44          -5488.4920761958656      
35          -2482.8986493455532      
39          -3502.8125993639878      
46          -5764.3057519522827      
47          -7705.1420441179944      
50          -8520.7922852968331      
44          -7143.4474510310883      
56          -9552.5283951215461      
44          -5662.5283171646715      
38          -4473.140584043359       
36          -2484.6251993102619      
40          -5252.184453513074       
47          -7602.3630759029447      
32          -3077.2871548094076      
29          -2038.0615134497095      
23          -1259.423745602762       
26          -1195.3204843337942      
39          -4317.1165853477087      
28          -2662.1006639248949      
37          -4303.0312346684104      
34          -2155.8479169042348      
34          -3393.4481285322167      
42          -5010.5280487790424      
43          -5079.0358654599313      
