510 1 -4127 35 35 35
66          -26239.539965980504      
57          -21772.193827827788      
40          -11216.797391291495      
38          -7281.7350774229426      
41          -11293.925795359934      
40          -12155.103439509478      
37          -7920.9223071341912      
23          -3749.8181297449787      
23          -2395.0958426462139      
20          -1833.3953048424203      
17          -2597.5982024306236      
33          -7706.718159830084       
35          -8798.1072028376584      
22          -2036.6411682247408      
27          -4301.201022551968       
39          -10285.795673913073      
32          -8140.3034421705688      
31          -7534.3824601383521      
35          -6625.0029540189498      
27          -4943.8043299452293      
27          -6639.9507049231215      
23          -4643.2602274103219      
25          -5986.3184836827795      
36          -9287.2574459850857      
38          -6852.4013635437123      
40          -9093.3543581278554      
23          -3084.6354316658617      
15          -1394.0478984344934      
8           -176.57312245870321      
13          -536.78106398997295      
19          -2064.9992863646644      
22          -2782.8645825730237      
28          -4657.027474496158       
28          -5862.8872716259038      
20          -2986.1905174401245      
31          -5748.6128502640904      
40          -9831.7138541865825      
43          -12629.420370050324      
50          -15870.474978509057      
46          -12019.643090085479      
44          -13443.844509788863      
48          -15021.875955751444      
52          -17419.379883054713      
50          -17317.834682841851      
46          -13747.785135769773      
57          -16495.508752213227      
54          -16502.63863072138       
62          -22810.16902735463       
70          -31870.129388690377      
66          -28635.944931577844      
66          -27582.29900099953       
83          -40246.364712022594      
83          -42547.922304239371      
83          -40450.393488430025      
72          -32762.210981595825      
78          -39907.014086254792      
71          -31365.995596906105      
65          -27861.840070286416      
71          -32521.897355521185      
81          -36755.339623880194      
89          -44081.202263981482      
96          -48355.144351657691      
114         -68704.826488797087      
100         -56458.414351031344      
101         -59597.905839098035      
97          -53565.99660289858       
98          -51859.174630753478      
99          -55903.870866385769      
91          -45756.440042403294      
85          -38310.070646099543      
79          -35745.357110544413      
85          -41596.429508926522      
82          -39596.698410645819      
81          -38321.601587335768      
80          -34773.383945526592      
82          -38695.048020492039      
89          -44249.829176337524      
85          -40830.496673050897      
81          -34702.716741258024      
75          -30837.895442966685      
65          -22447.689441434723      
70          -27652.058762682289      
61          -21348.033248861702      
60          -21236.099239010127      
58          -20993.361625198784      
69          -28139.923856530084      
76          -33321.869216536725      
72          -29500.333658275162      
72          -29069.068560976724      
69          -27146.627865725066      
68          -28464.015961473211      
67          -27192.934042998266      
63          -25523.426131514247      
60          -26317.999939239373      
62          -24610.226435962526      
60          -24273.292281571765      
60          -23699.225696047561      
64          -25413.081229183284      
67          -27343.311483032358      
79          -37140.549407339269      
83          -40361.1813135337        
