510 1 -4127 35 35 35
78          -33641.368471082664      
85          -40596.871484545751      
81          -33550.341835044448      
81          -39562.793927163744      
84          -42362.779969778254      
89          -46072.698908309452      
98          -53827.741272079889      
104         -61183.512640053203      
100         -57552.282105615064      
100         -59963.641249345441      
103         -63181.648336152291      
105         -64157.725499309236      
106         -64008.986610379237      
112         -68240.950602364246      
105         -59100.581350141132      
106         -61737.536525692623      
108         -64353.272271174515      
109         -69752.293355418165      
102         -58539.35889239714       
105         -59180.762615413565      
118         -76642.514148312141      
120         -79964.973162487469      
122         -76748.310640469397      
120         -76327.891167096022      
119         -78245.857463517328      
109         -65276.308560201731      
113         -78400.149185615359      
118         -78864.538963285042      
111         -71707.46516156767       
112         -74731.370087223448      
113         -74615.216024374284      
115         -77184.367725127537      
118         -80474.768840591772      
116         -79860.345204421174      
108         -68344.384127976678      
98          -57389.659610312548      
106         -66596.606346440181      
112         -70383.446204147738      
114         -74666.184525210658      
115         -77574.866982311432      
114         -77089.893126905808      
116         -79392.811511940381      
106         -66627.14387507514       
109         -68861.329513815246      
106         -66140.736782316555      
104         -66381.313532903805      
107         -68220.835718579983      
106         -66898.522763868226      
104         -65606.923708987946      
99          -59463.054119220673      
107         -68060.168951304615      
106         -62776.109955442291      
103         -60412.881835765271      
112         -66727.944275289949      
99          -55029.586404577887      
96          -52504.171264991848      
84          -44823.828230751482      
93          -52850.875348742593      
81          -43096.264133023156      
77          -39153.3700411799        
79          -34482.985366346795      
90          -45270.460676600633      
93          -50900.683269809269      
94          -55410.284330182643      
90          -52077.763116798698      
92          -53418.175158923637      
99          -60078.515108339649      
95          -55102.029748350811      
89          -47778.581185574985      
84          -45123.296372075325      
88          -50608.373084804356      
96          -52334.937632436908      
97          -53223.51465894236       
97          -53070.705434182782      
98          -52598.978345313881      
97          -49625.32988279235       
99          -53652.712189766375      
93          -49919.635223188765      
85          -44142.120281427902      
85          -42064.405920995363      
88          -46870.088774155258      
94          -56465.315122503744      
102         -62182.151564740547      
105         -64972.839203123614      
99          -56960.823098838824      
97          -57316.983919018472      
103         -63975.881682205487      
103         -63605.248667360167      
103         -66840.073149992648      
97          -56579.9435362191        
94          -54542.932296719031      
97          -59211.593754581976      
104         -64639.599153284609      
104         -63809.319135560479      
105         -61353.124626275967      
103         -58852.13576382296       
92          -51011.452644906545      
96          -52401.19999854386       
95          -54640.689686680649      
92          -50298.910208560679      
91          -51285.541576677642      
