510 1 -4127 35 35 35
75          -15687.535759647881      
72          -13811.154477725811      
77          -15680.384917301415      
73          -14047.726685889151      
73          -13332.162985142359      
68          -11849.960872225247      
67          -11466.336296485691      
63          -12386.674911393258      
64          -12116.774513094602      
68          -13448.309795413074      
67          -13249.954659802168      
59          -10045.135363509835      
56          -9988.5244160180318      
47          -4426.4087123862591      
41          -5571.6303474882016      
55          -9030.9790891081884      
60          -11071.871580605519      
60          -11997.938204354758      
52          -9472.5336152920154      
55          -8136.2562075502692      
53          -8553.9568782046845      
43          -4921.0986235195778      
33          -3805.1053120072424      
35          -4356.2593875844823      
41          -4375.6631982212793      
34          -3182.1337917050832      
18          -803.79118165217449      
28          -1847.6152982328308      
34          -4462.9810549281801      
33          -4573.7089015432221      
26          -2946.3055169416116      
27          -1607.3583732589368      
33          -2855.0537638715814      
42          -4878.5294142988714      
53          -7187.1005392370316      
43          -4795.9847801621108      
41          -4382.9579362146051      
36          -2955.7922886436886      
28          -3052.9037583767554      
37          -4456.9213508572702      
43          -5079.9750276275754      
35          -2723.7177658925098      
32          -2885.406644258821       
35          -3681.2208101788528      
32          -2671.6252437165526      
39          -4155.2560622148349      
50          -8825.4767535572246      
58          -11374.940644967026      
64          -13277.823788960934      
53          -8450.0116800474534      
55          -9931.4465784695949      
45          -5674.6276347363073      
44          -5539.4935311412592      
42          -3515.5473556043221      
57          -8169.5000767280981      
54          -7929.1685350963489      
51          -8458.1642157011083      
37          -4845.0784768192152      
36          -2902.6153884887208      
42          -4811.9364979097545      
41          -6496.5803635485763      
54          -9105.4612752103712      
58          -10356.510586661163      
60          -11093.268357823079      
60          -9813.3356552204714      
54          -8614.9567836256156      
45          -5855.7890445164448      
59          -9697.0644686404266      
55          -9586.783771248125       
47          -7836.0529674692743      
47          -7246.6803331209185      
41          -4914.8623506406266      
48          -5900.8839646383221      
44          -5989.6369003672298      
37          -3487.0412394587388      
34          -3123.7964667609267      
34          -3771.4563919897714      
41          -5381.2961062965196      
42          -4929.3983378534622      
32          -3348.229558829245       
36          -4507.9788930384557      
35          -3276.7027300706768      
34          -3947.5754388246355      
36          -3262.3690199782181      
35          -3775.6480300326825      
33          -2223.322583811771       
29          -3606.686924610899       
26          -2874.3040945939115      
33          -2862.2980914015484      
30          -2239.9474367456423      
21          -1194.8741293042638      
29          -2961.3107246075474      
27          -1124.0639049430915      
19          -1079.5113430757356      
25          -1391.5678652759652      
22          -926.79616621811476      
12          -560.75017662049311      
23          -1597.5566142867344      
29          -2229.1553215440367      
22          -1158.3280725446161      
27          -3259.2982622155396      
