510 1 -4127 35 35 35
105         -177787.43948831735      
105         -177516.41420590598      
94          -154221.71399585079      
87          -139636.56793797202      
78          -110952.35954402201      
73          -106338.64474278275      
66          -92017.353733770287      
68          -87301.298884672404      
53          -60803.16574670608       
60          -65729.671214049042      
50          -49517.677140118627      
57          -54328.002771762454      
65          -68565.445771844214      
52          -45564.84064212739       
49          -43990.724885414857      
62          -59946.662975627733      
63          -69218.625490018865      
75          -91776.310917357492      
84          -107403.86618915555      
84          -109923.8188840097       
90          -132716.03080471867      
94          -144559.57755545591      
96          -148379.64142720783      
92          -142465.77240042132      
97          -157526.64952578419      
100         -165498.077528411        
103         -177996.95675903358      
111         -199881.58869786849      
109         -187933.69163879528      
93          -144210.18022799809      
101         -162723.15772204043      
97          -154273.37307776857      
97          -159499.71416782698      
94          -151688.90178041137      
95          -151317.59640607733      
90          -140865.79020166863      
92          -140098.93669236565      
98          -166288.74238491306      
107         -186954.23088318028      
104         -183886.19433959862      
110         -199546.4964768113       
111         -199413.79750953463      
111         -191815.43067595796      
109         -190541.93014004634      
116         -207013.60793206588      
118         -215245.24753179791      
122         -229098.46819659934      
120         -218890.30486406691      
112         -198653.29855146073      
113         -202570.01490035164      
106         -176590.23196610104      
111         -201079.68686954959      
104         -177174.5341734463       
113         -211504.82840638957      
115         -214786.89974121377      
111         -202228.99266503929      
107         -192594.07353600365      
110         -195831.16367228565      
107         -183141.10253596108      
109         -184777.43139367644      
110         -186657.69204126793      
100         -164442.35577259248      
106         -181608.40681246109      
109         -193714.22031967825      
105         -179055.9305453999       
103         -175548.33939567936      
116         -211577.25672989065      
119         -230645.68113641941      
123         -240723.39212212956      
132         -273446.85480419139      
131         -271534.92312856088      
129         -262014.41415736798      
121         -235290.55873662716      
118         -222395.48426784374      
114         -209452.34231509001      
106         -183559.15945207854      
98          -157375.95714311488      
90          -141508.47033367259      
94          -144041.15355950635      
93          -136065.06146907038      
96          -146736.85066042023      
88          -116786.58790846987      
87          -127649.12652028003      
85          -122430.72638931274      
90          -131115.25908672431      
111         -186622.44627973557      
108         -183792.61715576638      
115         -198524.25778559601      
116         -202482.63411925148      
119         -219562.1477541388       
123         -233165.34397962026      
120         -230798.75916198696      
118         -220567.46363625093      
114         -212179.40804666246      
109         -196358.60279505051      
115         -215624.79222058083      
109         -192257.72882444106      
117         -216062.54617966505      
114         -207416.27971024366      
113         -200632.5984876705       
120         -219195.6740077525       
