510 1 -4127 35 35 35
90          -20020.607377690096      
104         -27766.929857004292      
100         -25590.739315452269      
107         -30419.465798341964      
104         -26363.724342550639      
105         -27104.475687451486      
105         -30956.314527982926      
106         -30005.905344547031      
108         -28346.409761252922      
112         -32711.477507405063      
120         -36910.764833029512      
102         -28239.493463882278      
104         -29337.022224854805      
110         -32413.286077996971      
106         -29234.845228470418      
108         -31414.723440551265      
110         -31921.388441191393      
106         -30638.378229144455      
111         -31481.346353994653      
107         -29263.74019489135       
108         -30267.04788066071       
110         -31286.483493400643      
114         -32456.626787039611      
115         -31264.149936351529      
110         -31615.215876818336      
110         -31084.096925761402      
111         -32664.498464778459      
102         -28068.084800882403      
96          -23256.510752276605      
101         -25101.202071150092      
106         -26596.316111128192      
108         -28399.836235863837      
113         -33216.816938649834      
114         -33829.70552518683       
120         -37857.039656489869      
116         -35447.989532528467      
115         -35496.721455550716      
104         -30012.671243417833      
109         -32190.566769722322      
109         -33550.222001014925      
119         -33793.196911538704      
115         -31705.970324861973      
119         -34590.572896682381      
121         -35754.701878406559      
121         -39117.853416535421      
123         -41249.447787215009      
116         -35949.647797409816      
113         -34199.940375391248      
116         -35039.239333296129      
112         -31687.508770149667      
112         -30824.94239177589       
108         -29338.812802326167      
114         -31473.838308660026      
112         -30808.91311401147       
116         -35765.763016650155      
109         -29940.910717124512      
108         -29576.146837809942      
100         -27185.677542521818      
99          -27664.236911947839      
98          -25289.876588658768      
100         -25863.668346457624      
99          -25512.155917728909      
100         -26798.151514090783      
99          -27572.19871471775       
98          -26648.384679951199      
99          -25383.728572982374      
100         -21999.935151691763      
99          -27834.574129792833      
90          -23057.078312278267      
95          -25566.502336423331      
96          -26511.466108436354      
92          -24998.748316856134      
103         -27593.149723074777      
102         -26354.21209036736       
105         -28243.110131037523      
110         -27808.062839212816      
108         -27736.977128817995      
101         -26219.540881111134      
99          -26743.202935844063      
100         -26415.423509362128      
103         -26144.235571283247      
96          -24449.695827385822      
98          -23406.95982237293       
96          -24453.582436535693      
90          -21656.369132184991      
94          -23063.536004191072      
102         -25118.238897780695      
104         -28037.016540109955      
103         -25761.762131047071      
98          -25789.633831924129      
108         -26883.19970652671       
102         -24472.552375670912      
97          -26174.72736155042       
97          -26594.810728850996      
91          -24716.855022792512      
94          -23158.363259406429      
94          -23755.72156365732       
93          -23918.403289507343      
93          -19776.413548063301      
88          -20695.649204335685      
97          -25584.823246783042      
