510 1 -4127 35 35 35
96          -24879.278083298843      
93          -24209.996768075212      
92          -22436.939811314627      
94          -22856.564192838578      
87          -17108.079670163977      
79          -17600.154085006434      
85          -19139.930219140413      
95          -19302.167112235464      
90          -21009.809713452298      
101         -26831.517245547901      
97          -22719.053207382723      
99          -23190.664923884811      
91          -22753.726143844196      
101         -26871.976016264129      
99          -26486.128033851724      
99          -26227.610198813774      
102         -24566.076218705555      
110         -28918.386548651481      
107         -28974.235357238504      
105         -28674.501123823837      
80          -18657.322333193271      
83          -19569.583813486577      
81          -15905.765330521599      
88          -19380.163308043575      
84          -18293.706717225537      
76          -14254.323262941178      
84          -18328.000759015715      
89          -19520.220749647746      
91          -20918.270511557737      
101         -26270.353995999911      
93          -22476.830242882595      
91          -22116.803728176183      
88          -22317.264290765099      
90          -22437.229612385214      
92          -20940.868757161246      
91          -19058.486478666156      
90          -21352.754473941131      
106         -30365.553973617043      
97          -25657.504148911437      
99          -26748.893794892698      
100         -27966.39788329534       
106         -29188.545943209177      
108         -29935.85669774107       
105         -28169.116829108847      
107         -31066.239942012457      
109         -31250.143232683149      
112         -32589.59035856124       
105         -29440.006875995001      
106         -25987.843444783113      
98          -23540.520073916879      
100         -25001.432941914503      
89          -19976.458567184654      
89          -19030.295684261539      
94          -22650.213085011059      
96          -21789.838846988285      
93          -19541.617818845716      
91          -20092.859391624486      
94          -20491.82923253204       
94          -21915.000953273968      
91          -19973.905987883056      
98          -23132.447481911993      
92          -19612.771075437704      
89          -20055.387168665231      
79          -16752.614230630861      
86          -19178.298372319077      
69          -12205.433835087972      
64          -10944.707249735788      
58          -9563.9647489671843      
52          -7890.310952120587       
38          -4624.6557124618466      
31          -2541.5652256755475      
24          -1336.7770326108807      
22          -1655.1802026652522      
27          -2353.9801614142875      
27          -3566.8987932931623      
29          -2905.0086028204323      
29          -3297.0183165658232      
38          -5277.284259930153       
43          -6147.2802775954897      
53          -8290.0861152201505      
60          -10457.276235634312      
64          -11101.016228372881      
59          -10136.158499657751      
42          -5446.7902707651219      
65          -13288.627248863619      
56          -8238.7770489731265      
49          -8713.7244057270236      
47          -7528.4078816670672      
43          -5403.097969020946       
48          -6658.4968227552108      
43          -4658.3228063994356      
39          -2407.2570364765993      
28          -2993.2145810941079      
22          -1624.2939820660181      
12          -357.80076119993339      
35          -3544.9054936978227      
35          -3475.1286102475069      
34          -3700.1676350311336      
35          -3396.2178354729008      
30          -2470.4796723619334      
32          -3229.4236152830781      
