510 1 -4127 35 35 35
115         -203213.18345582089      
101         -161509.85637049683      
99          -153911.65708682634      
100         -157935.75658340653      
99          -156546.67718068161      
90          -137090.1244919989       
93          -137143.00993263943      
91          -136900.9947789853       
107         -174881.06416780519      
106         -173170.41462270182      
110         -184982.97708909909      
103         -167831.23731992458      
102         -164820.96666955308      
100         -165658.40278391956      
109         -185246.06507534697      
104         -168724.38574031834      
100         -154992.58854139448      
102         -160011.1646369157       
112         -195581.14915149519      
106         -182051.03728404769      
106         -178977.424841361        
107         -183969.04356256832      
97          -160155.69650715892      
102         -167430.01509977848      
103         -165941.10198030641      
105         -176978.86824671793      
100         -169515.73386552479      
91          -147106.58318265999      
89          -145290.04004808539      
97          -161163.51461362571      
94          -154183.61396982064      
101         -173224.56881036551      
110         -197632.04270574069      
106         -181300.25697561857      
104         -172572.00472353387      
90          -134742.2493407077       
86          -129268.29332794563      
87          -129436.57887527128      
95          -148461.17254932108      
98          -159529.5084336171       
109         -183134.86948327167      
109         -187587.33333028117      
107         -186483.8838258271       
112         -198199.2105978255       
107         -174413.72871622065      
109         -181771.47507963373      
109         -188211.22876583322      
109         -188397.4776482473       
113         -198426.96090898226      
117         -209464.31330525078      
120         -223356.17261988478      
115         -214068.79633815863      
114         -216425.09266860393      
119         -231753.55219572489      
119         -233816.92388133501      
122         -240759.21091252001      
126         -257522.53327828288      
127         -255803.31694905154      
123         -246680.20835632677      
114         -223596.09288703257      
120         -234913.66772671443      
115         -215772.42370902444      
118         -222796.53559205931      
110         -196554.41292553907      
110         -191602.56331519992      
110         -194859.75936686524      
115         -203899.20921973066      
104         -169670.74980220213      
95          -143992.47082297501      
87          -119895.76559814152      
93          -133749.32710080655      
93          -131314.01231617885      
97          -147552.68888148438      
98          -151035.83954023596      
97          -149247.28515296584      
90          -130280.31098707873      
89          -124983.30005939215      
82          -109401.26804004057      
93          -138475.95232441605      
91          -141390.38997643298      
88          -127950.95335737188      
76          -101525.27763031291      
65          -75283.387328332348      
69          -79269.397477555569      
67          -79790.505131121754      
76          -89703.159291492819      
63          -66503.576418099445      
66          -74440.459575753281      
59          -56656.683915914691      
56          -60641.122239789052      
64          -73271.88557787404       
62          -70624.275197804818      
68          -85250.963258391057      
80          -114408.92399703279      
76          -101319.43178580183      
83          -119848.97773563537      
83          -115406.96955293526      
77          -104066.95537368943      
72          -95707.360749131054      
65          -85520.837300277781      
69          -90586.848184191709      
