510 1 -4127 35 35 35
96          -24739.364896046198      
93          -24000.599088944782      
92          -22357.075021933142      
94          -22642.465876353399      
87          -17205.570870979358      
79          -17366.741677672417      
85          -18986.058602618556      
95          -19550.583855899989      
90          -20830.365797927065      
101         -26581.36069187121       
97          -22702.381115628101      
99          -23141.911173551438      
91          -22471.296583591538      
101         -26679.350053208345      
99          -26326.901512594268      
99          -26183.926011436677      
102         -24643.019558255051      
110         -28925.669717127294      
107         -28975.09806178114       
105         -28691.961096569121      
80          -18559.100186346914      
83          -19480.78918264019       
81          -16017.372219885441      
88          -19431.277821343712      
84          -18320.888682722456      
76          -14300.576766670994      
84          -18218.677682412992      
89          -19498.467062599         
91          -21110.576310384851      
101         -26410.400268443591      
93          -22390.416454733542      
91          -22099.842334977144      
88          -22313.913008777501      
90          -22537.232180303479      
92          -21209.664461946388      
91          -19641.241697094098      
90          -21444.681365186196      
106         -30207.003725449274      
97          -25462.181463765544      
99          -26665.305155229667      
100         -27712.914455389877      
106         -29254.099972116099      
108         -29965.100578704758      
105         -28352.560897172261      
107         -31079.518248260003      
109         -31084.212663956416      
112         -32469.145736202612      
105         -29438.719883758327      
106         -26223.37382675242       
98          -23605.208014291133      
100         -24984.189726523273      
89          -19948.626592127352      
89          -19244.588568642524      
94          -22918.026101639793      
96          -21991.38117839093       
93          -19886.382831703981      
91          -20279.176704377023      
94          -20655.108117888845      
94          -21903.548715375971      
91          -20145.088183302069      
98          -23138.625679729284      
92          -19732.33036742645       
89          -20000.468292996233      
79          -16640.852670789103      
86          -19145.02265946009       
69          -12265.853269527757      
64          -10853.52129057174       
58          -9427.6301618637135      
52          -7762.9531396699049      
38          -4589.3524320520901      
31          -2562.7045027744607      
24          -1317.3262724302238      
22          -1630.0693054130404      
27          -2333.8275272266405      
27          -3498.2238219558908      
29          -2889.2223138787904      
29          -3232.9781194372163      
38          -5348.9207636110559      
43          -6176.5473903093871      
53          -8232.5485994853661      
60          -10312.557406648159      
64          -11035.781134720311      
59          -10059.169654744277      
42          -5427.3577610610737      
65          -13118.997043443636      
56          -8156.011754948715       
49          -8557.434795760857       
47          -7493.8267654895653      
43          -5400.0197006296703      
48          -6654.8853456055595      
43          -4546.4323090028784      
39          -2490.0131912207844      
28          -2931.2131876981584      
22          -1637.3357391433929      
12          -358.93137722745695      
35          -3456.7209678917252      
35          -3452.8258929530375      
34          -3639.2912698613477      
35          -3377.3744449907986      
30          -2455.2046005906805      
32          -3261.9975818774888      
