510 1 -4127 35 35 35
109         -27213.27911580816       
105         -29200.62090222157       
98          -26766.811991812912      
102         -29537.665465663278      
107         -30808.456740277175      
100         -28079.969874790353      
99          -27251.378536382406      
103         -26914.72017226199       
103         -30285.291461493533      
109         -31250.478896278932      
106         -27079.263398255054      
110         -29522.985318918036      
100         -25484.436688401798      
109         -29661.412814127201      
114         -34741.825631123284      
120         -38403.661586704446      
117         -37093.220085022331      
115         -34640.092918246053      
116         -33668.01616813273       
114         -33198.986897490409      
106         -29854.581536959809      
107         -28320.782953989201      
113         -31463.101567167072      
106         -28500.860643344753      
102         -26560.892823447546      
92          -21894.897237724468      
92          -22951.155056860818      
93          -23866.17324909948       
102         -27342.938585126394      
100         -26092.055677069511      
104         -27113.685995552176      
102         -25639.094862935086      
105         -29450.42808963525       
108         -31512.694251768346      
106         -31574.789050431278      
114         -34074.598540721701      
114         -33109.603296854344      
117         -34600.843747726532      
117         -34568.582711057228      
107         -30161.83392578951       
113         -33206.111361901014      
111         -33102.387143367072      
112         -32252.611007817708      
123         -38138.009842873871      
130         -42458.959042476148      
126         -42203.134669791631      
121         -39856.806928458485      
114         -35243.060307064567      
114         -36587.433195510632      
116         -38238.044689238122      
120         -38377.151087585771      
128         -41779.469851703972      
126         -40455.849458039222      
125         -39421.441880584978      
124         -38550.255998912922      
120         -37208.58406737278       
118         -36051.164162672198      
118         -34822.895458219791      
107         -29034.741348270651      
102         -25473.1151961418        
102         -26677.803025798399      
111         -31284.471164482249      
114         -34973.694674051891      
100         -27428.864977261132      
99          -27471.802258382857      
106         -29355.661675814754      
97          -23008.423805691757      
98          -25946.893813404164      
97          -24236.980681600329      
99          -24943.072673512823      
88          -19030.558321504963      
82          -20026.678726973198      
88          -20768.360677937853      
86          -17607.950995282841      
82          -15354.482886235846      
88          -18274.842763440764      
91          -21266.489336732022      
95          -21157.579042571149      
99          -22430.59953222255       
100         -27041.397118679099      
100         -25311.302986623494      
93          -23017.065548589057      
103         -28189.808957077392      
104         -29231.05237701123       
107         -30180.319321764182      
102         -28350.402684867575      
102         -30286.490895749699      
98          -25832.088663968181      
101         -25251.246318199042      
113         -30796.197107583459      
113         -32448.466980940211      
112         -31939.704762324072      
118         -31698.865847313569      
112         -33328.050459830272      
109         -32303.79539947919       
108         -32088.035105653453      
104         -29029.166197823299      
104         -28950.65649741211       
110         -33635.879392473813      
107         -31668.130904662194      
102         -28524.570821318946      
