510 1 -4127 35 35 35
103         -62988.073168745213      
107         -67907.550149039016      
102         -60154.421635559229      
105         -61689.053698503718      
109         -68098.697470456827      
101         -58118.789255801399      
98          -54789.489502085729      
106         -62157.963525520456      
117         -75989.489181873345      
118         -75566.259018179204      
124         -83954.840931998522      
126         -87001.075947423858      
122         -82266.707066312025      
123         -87995.59061000355       
124         -88483.640978087584      
118         -78054.386430377781      
114         -76951.586788532819      
116         -78262.705728786255      
116         -75396.369969269697      
117         -77538.173840906762      
117         -74886.247054096209      
104         -62044.60362176552       
98          -55508.026656174639      
84          -43290.124917181318      
77          -34095.85237867722       
73          -31745.368565274308      
82          -40130.463921145703      
78          -36987.582728124667      
78          -36120.856783975811      
71          -27779.226717092773      
72          -30689.475866698129      
83          -35399.691530569224      
93          -42752.704453760474      
93          -45727.837188988844      
81          -38745.000429640793      
87          -43323.722647986986      
92          -51046.301693144043      
79          -40179.475644551538      
80          -38943.638771660022      
92          -50729.109623627577      
96          -53274.239921199252      
101         -60015.093536875647      
108         -67060.393711068289      
109         -68315.18994663583       
106         -64584.562356701346      
113         -72088.987886945572      
116         -75517.300871654981      
108         -67409.247745803499      
103         -61049.005447532021      
104         -60512.600056702591      
111         -68688.16785474433       
109         -67066.762215618772      
106         -62024.583414433328      
105         -62149.312346413091      
104         -62803.433561473998      
109         -66168.876010844542      
119         -76542.314512757817      
124         -82961.635517010174      
128         -88764.237557203553      
125         -88737.36795803548       
122         -85004.784454273045      
109         -68905.030560282699      
103         -59087.221957077323      
102         -57998.970197158727      
97          -52831.615934465823      
95          -54891.363984755313      
90          -49854.503031079446      
94          -54135.315509660832      
96          -55506.259521883585      
97          -54815.807325255329      
102         -59395.850058674339      
101         -58388.587700429598      
83          -42681.009173468818      
87          -47134.660109148281      
91          -50659.283169368908      
92          -51236.721736944135      
94          -51888.805196802452      
105         -62535.003324879872      
100         -59959.362673488897      
101         -61942.798535008078      
106         -67287.946342749725      
95          -56832.283789974768      
99          -58155.536380371894      
94          -48944.1494726163        
92          -45180.865213684228      
97          -51570.978472803443      
95          -53533.294083974171      
98          -58115.894602178763      
101         -63570.463574103385      
116         -77932.855415715239      
113         -70329.671540140087      
102         -60659.780095349917      
93          -51714.012082393492      
101         -60762.926735033543      
102         -60307.909796484404      
100         -58528.801497108405      
105         -62870.898380894054      
111         -68980.365190079479      
101         -57563.097819082504      
98          -55154.705165709805      
108         -64190.745021049312      
