510 1 -4127 35 35 35
69          -91005.108826893731      
83          -108812.10432170286      
84          -114341.25679316104      
86          -118847.63771668253      
84          -116885.41079113545      
81          -107861.76478712376      
82          -110092.48595180805      
90          -135093.90298809268      
94          -142695.59030032321      
92          -130228.17207850466      
85          -113790.00350787488      
80          -103134.56023802595      
64          -77088.696622889634      
56          -59039.302638397901      
61          -62597.368469013163      
55          -49459.367337827549      
57          -51405.271754335758      
58          -55992.018535721661      
63          -67340.68229481396       
48          -38070.256041346627      
49          -42766.695707797458      
48          -41006.476635411418      
37          -22644.738682238938      
36          -19491.497638263474      
39          -25946.172861591062      
35          -23402.831979738705      
35          -28504.206729515772      
40          -33892.039964745454      
30          -20673.142327062171      
32          -23941.251801477127      
29          -18086.146620639054      
26          -12846.079946985934      
30          -20515.43462494724       
28          -12354.900317804206      
31          -20988.821178326267      
36          -30159.643135262879      
35          -21950.769881323438      
32          -17194.994363264261      
27          -13204.204620220453      
20          -6825.5992434454993      
20          -5738.1809464385906      
21          -6987.6412896270813      
28          -13599.837436062597      
32          -17559.4094417216        
39          -27301.737864859751      
36          -25271.94795571853       
33          -23808.270623372206      
23          -15578.276252497599      
27          -9573.0675157488422      
17          -3016.2834429460572      
19          -4945.487291597542       
28          -15183.512623597278      
30          -17295.02537365082       
39          -32973.150284342868      
41          -33520.700883952035      
42          -33245.412183417851      
45          -40574.459771651003      
42          -42828.115885228712      
47          -49005.842864136954      
59          -65295.278951978886      
66          -67210.297285893728      
66          -78437.40107903615       
69          -86367.311317102853      
71          -85329.688671501528      
66          -70806.884365663631      
69          -72535.965645562319      
70          -74282.632443433991      
69          -77664.451540352442      
67          -77803.43831608753       
77          -94078.709088112664      
78          -100502.96715025452      
78          -100538.83398455285      
68          -85928.600292113668      
81          -108742.77668249705      
72          -94236.871541557732      
78          -100545.13391879018      
79          -100004.4142183006       
73          -93495.359857570074      
63          -75760.840722726498      
77          -100796.48856417462      
78          -102208.79374987187      
78          -103000.98601256868      
77          -104464.84640209074      
84          -125778.4651542542       
89          -134523.17400893039      
96          -149526.63051197919      
83          -122018.71793559105      
77          -98187.424026624882      
78          -95526.386193633196      
80          -99704.279308446407      
80          -106747.6664992407       
74          -92041.279748845584      
67          -78871.548047872668      
63          -67766.251435668557      
55          -51924.333940220247      
57          -59490.865446693904      
54          -52001.368751226291      
60          -62489.542960496219      
61          -66516.542149748188      
75          -89764.883200591663      
70          -79227.651325625644      
