510 1 -4127 35 35 35
31          -19479.981152261658      
33          -22572.276876640237      
23          -9016.431792483836       
13          -4394.1413191764304      
16          -4404.0105498814692      
27          -13053.030012997786      
17          -3463.3182347555603      
18          -4091.8443175469565      
15          -4740.9261134556509      
30          -14159.939353256139      
36          -16146.906485523203      
31          -19821.530849252173      
42          -33430.338066174678      
45          -31605.637620161702      
46          -34068.514229398825      
32          -18380.620539432377      
38          -25071.805872771303      
47          -37349.693169167069      
44          -33954.973242466585      
39          -26601.100284157335      
35          -23931.529001023635      
29          -19550.204647906237      
35          -19138.931147815074      
31          -22094.923686923838      
33          -26219.768688697448      
32          -26826.262010752162      
41          -32926.751542562582      
40          -33904.528210910401      
50          -43261.270585814054      
32          -23946.786706820916      
28          -12581.975463041364      
44          -42696.205144431682      
50          -48589.878619336974      
47          -42844.93852322334       
53          -45937.68446018362       
52          -44673.97745554796       
54          -53932.84751032605       
44          -37093.372999774365      
48          -43032.225984736717      
58          -59622.810293112685      
51          -49409.938968127681      
48          -43617.668287756089      
52          -43339.768961569498      
52          -42263.445818169639      
44          -32829.043935609901      
49          -42527.390123319354      
36          -24009.616263231292      
42          -30280.69456365356       
42          -28719.276174713232      
38          -25081.480343420691      
46          -40424.706651333981      
49          -43131.353590268562      
50          -42634.80879639386       
45          -33017.521020346503      
37          -24340.013903949191      
36          -30778.019402419661      
43          -39321.382061728887      
39          -33336.71734428269       
44          -33326.89575046712       
64          -59931.353443572763      
52          -45821.628408413992      
51          -43260.712297996899      
60          -56168.852130615611      
48          -42760.632854904223      
46          -35657.472741572899      
45          -39472.300612550767      
44          -34933.826299585067      
39          -33540.81730830983       
42          -34579.900403325475      
42          -30589.682823226591      
37          -21249.083099010648      
39          -34561.326767587845      
36          -25872.617101502394      
28          -14522.488172904646      
39          -28435.608796589382      
39          -31253.963915068147      
42          -30026.313653631005      
31          -16655.854285444875      
25          -15070.289827168494      
31          -18052.031279147144      
32          -17864.775224408455      
35          -23573.705930744156      
45          -34654.401887916494      
50          -46495.47461385536       
36          -23315.355773414994      
42          -37297.629899427637      
54          -49827.556154407008      
44          -37488.820405744009      
33          -26817.460180468894      
45          -29409.12091876956       
35          -21088.133983290376      
39          -25637.306699709377      
36          -25686.800242275556      
40          -26981.935663200751      
44          -33308.031877357294      
45          -32750.037229546939      
48          -44769.431399899251      
60          -57076.340020838099      
65          -64589.969766394104      
61          -69693.184723270155      
65          -73296.745218252778      
