510 1 -4127 35 35 35
106         -183725.07742775008      
109         -189972.50495074663      
105         -178628.14829694715      
116         -212472.05060852782      
113         -209800.83119333291      
109         -195935.99286818816      
108         -188310.73778747881      
111         -201000.92328342982      
111         -200393.43432018429      
105         -189007.84444155512      
118         -222753.20969335604      
124         -240126.32435230908      
122         -231547.92870617213      
114         -212714.51351052543      
120         -231944.80707762885      
116         -212741.75578141352      
110         -188039.70353571445      
108         -186153.73216576298      
109         -183094.06851128201      
102         -178000.22242061695      
109         -199302.66843919054      
103         -182897.96015928569      
105         -181168.93865484642      
97          -159217.03210755403      
107         -178519.18274718829      
109         -185643.46411648087      
103         -168748.68534387305      
96          -147959.20087968148      
97          -146787.51327241509      
99          -150419.46305284469      
94          -144511.47409708877      
94          -149950.74050795421      
94          -148337.8910655108       
85          -122365.67452345812      
77          -101703.21621749496      
72          -99588.102703744778      
78          -113332.2193436794       
75          -103233.57238173949      
83          -124878.11538321593      
90          -141208.69524272624      
104         -171959.12319995201      
97          -148043.47190692351      
94          -133282.53662795547      
100         -151194.80661794447      
103         -170620.26392017648      
111         -197922.77861628993      
110         -189065.78999913848      
112         -193371.93466782238      
110         -191581.46447099667      
104         -178559.82509110396      
110         -189805.36111331821      
106         -184519.10201896273      
105         -177753.97890913326      
106         -178581.8571493756       
111         -196257.79164739038      
116         -213156.67771657827      
117         -215315.23182936118      
120         -219676.86850578725      
119         -215767.94183678969      
116         -204808.36489541607      
118         -218092.23919510038      
119         -222506.9986940714       
118         -219724.31810322992      
119         -225119.48218735584      
119         -223869.34396532227      
118         -226698.29558849224      
115         -218118.48930875602      
110         -198946.34328387896      
111         -199945.51404353036      
115         -217572.45625151697      
119         -226011.42311217086      
120         -231090.5196641605       
122         -238793.74079581816      
113         -209101.62397749675      
112         -204902.7262891657       
110         -195586.77992624315      
115         -208030.3470141303       
105         -181554.00384993851      
121         -231745.37883116325      
115         -207526.50671425826      
114         -209924.62131135995      
113         -208387.94732247217      
117         -220916.37824863862      
111         -199868.42196759602      
107         -191021.81409354971      
101         -168126.08018808838      
102         -170774.40924947095      
105         -175989.93800586052      
107         -182625.63188516922      
116         -206934.40245082157      
103         -175542.84335920837      
104         -175088.0794672537       
116         -207489.33291486182      
122         -239504.92462579475      
120         -232899.66351450939      
126         -251202.98295268638      
127         -252132.95522540057      
124         -245471.15119723073      
129         -266420.75476363901      
127         -257004.00233527934      
123         -248343.33605958399      
