510 1 -4127 35 35 35
92          -23232.980437881026      
95          -25725.777793957699      
100         -26707.309859949604      
101         -24487.289746774371      
101         -26095.460869950843      
93          -23507.099826421007      
90          -20840.809950974646      
85          -20452.153503376372      
87          -21430.661878481471      
98          -25276.794866388653      
101         -26867.070392828085      
101         -27017.037259060966      
102         -27043.434509079649      
97          -24301.487153373451      
96          -25184.515473427917      
97          -26506.376516683074      
110         -30453.779519186497      
114         -33432.405697478418      
110         -31893.379929082708      
109         -29999.073689961406      
98          -25941.737269466979      
103         -28260.47252465022       
104         -29382.0040644664        
111         -33285.251625890283      
115         -32904.066537588966      
114         -32937.094426868243      
118         -36702.648356994483      
112         -31268.734712566853      
105         -28418.643555111681      
110         -30206.553247224736      
107         -29798.805451881894      
110         -30638.830328606757      
102         -26105.803478543668      
98          -27915.134032211619      
102         -28304.156566814123      
107         -32134.681337477101      
115         -35792.402444962536      
108         -33417.908823082136      
106         -32815.849865715674      
108         -32338.751072075782      
118         -38335.461464906824      
121         -39229.36814809178       
111         -35278.859267076317      
106         -32148.397030247983      
102         -26377.055820143651      
102         -24927.250330469575      
115         -30947.670287977915      
108         -29763.415142151793      
105         -25284.958266609101      
110         -24935.234192807369      
108         -26634.039965777276      
112         -25895.789326521852      
104         -23567.740693815173      
97          -24723.668339238156      
103         -27581.25192097577       
113         -31198.384951315835      
110         -30400.153759408178      
106         -29455.369949206313      
104         -27130.625441112144      
105         -25388.713265216204      
101         -27113.908963765472      
106         -27827.113879073109      
107         -28073.968435344923      
113         -30991.026755100145      
106         -27683.775273339259      
106         -28870.155815250084      
106         -29003.427480846076      
107         -32318.664643047989      
114         -34928.33671093062       
114         -33292.314901649057      
110         -31629.560470777284      
117         -34435.981012655808      
116         -36820.106023216365      
116         -36604.695430839907      
120         -38850.784408899744      
123         -40725.165943700551      
129         -43789.516586094986      
120         -39987.830072679033      
117         -38527.146214881999      
122         -41877.045167846933      
115         -36857.905170399827      
114         -33888.038963397019      
119         -38438.742219385575      
117         -37135.959852383297      
114         -35855.495309733167      
119         -37677.382618166186      
122         -39192.217628677121      
124         -38222.782512484293      
119         -36270.159123330333      
120         -37805.092982725997      
121         -40181.039758828396      
121         -39541.335668711006      
121         -39681.778356713592      
121         -42054.789638847127      
126         -43822.084413740995      
129         -42651.13259341033       
127         -42505.184105164648      
120         -35299.060047153493      
113         -32795.549380991339      
116         -35119.278972461907      
110         -31367.198788307705      
