510 1 -4127 35 35 35
40          -25229.470110298997      
55          -48367.389591930441      
46          -36040.92878277108       
62          -65604.337836188352      
60          -57754.283547205079      
57          -53617.286588911404      
53          -47208.007306282037      
45          -42750.252155536145      
34          -20923.845070454154      
33          -24375.530310054131      
40          -29134.976477879129      
28          -16559.751177826682      
25          -11880.058543934187      
24          -11326.909886817793      
30          -16412.277979745075      
40          -28401.135535077046      
32          -19583.701759095045      
25          -13303.94149530335       
34          -23351.601515876846      
27          -13421.833293775839      
32          -16713.414734220616      
36          -21821.27895856119       
37          -29783.830789172287      
39          -34418.967862285361      
46          -41610.734898588082      
39          -27768.909114783615      
37          -29335.171742042516      
31          -15463.311232652033      
24          -6845.2457760926918      
17          -7190.1810335984201      
35          -20816.368889897476      
28          -12831.72708021586       
38          -25837.138604233191      
41          -27485.048162666102      
45          -34470.356518104381      
45          -35048.784937707751      
48          -41665.895835687443      
57          -59844.499130280077      
58          -60060.368178301891      
62          -67290.037053273831      
54          -54245.685649243627      
61          -65758.552701264096      
72          -83122.570808801538      
51          -48669.497452666139      
67          -73650.54633713403       
67          -71833.062588430286      
62          -66393.488571051057      
60          -65807.560395155699      
67          -84226.863175779625      
58          -56940.154757414821      
68          -71133.102016510078      
66          -67607.177943704213      
62          -63028.165045256326      
64          -69087.673658361251      
54          -56003.267118052587      
49          -46644.170187066629      
50          -45162.919133817973      
47          -40775.358468455997      
24          -11727.505281043081      
33          -19766.164064377776      
33          -17630.637033791576      
29          -12136.518756309995      
39          -26913.420597452576      
33          -18116.951936050438      
27          -17685.510867250432      
28          -16490.226370720458      
21          -7706.7232988876394      
28          -13908.343259449521      
24          -10629.410475327046      
38          -23407.443751276573      
44          -32007.291731986716      
38          -28699.456267615606      
35          -25237.858413002534      
31          -14905.621268206653      
37          -21548.665428232729      
33          -22853.056854646431      
48          -41010.396340207648      
55          -55769.665946086316      
66          -74248.480036864043      
58          -63903.650007768178      
71          -89241.695066866348      
65          -72863.857466426212      
65          -77717.811369872012      
63          -69649.067120120497      
59          -63842.32407925294       
72          -86132.755100494716      
67          -75568.585618501878      
80          -104755.29836284331      
78          -103191.62321127037      
67          -75194.221646687467      
77          -93063.603906695454      
85          -119311.43217727778      
89          -125650.24064301577      
90          -130535.41654139277      
82          -114856.47731312494      
81          -113402.45135812332      
77          -97927.260040638823      
77          -91331.575216663987      
65          -71567.422659555683      
55          -50930.227425460587      
56          -52709.522304705766      
