510 1 -4127 35 35 35
103         -27078.355018182865      
107         -28887.026471163237      
102         -28699.997599546554      
105         -30174.18618008227       
109         -32655.866024069965      
101         -27283.392702131376      
98          -26916.708388430357      
106         -29066.690974649373      
117         -34979.282818047315      
118         -36387.271599894877      
124         -39903.638764559408      
126         -41232.078478086019      
122         -40615.267846357478      
123         -40402.881597880965      
124         -37838.194342567382      
118         -35213.415637771315      
114         -32482.103682750134      
116         -34660.882059225041      
116         -32355.830228261118      
117         -32051.80309015805       
117         -34034.135695567136      
104         -28363.658378262957      
98          -25571.392092328617      
84          -20610.8546558655        
77          -15380.403993587599      
73          -14640.535710797672      
82          -16901.3654017107        
78          -14479.673829193907      
78          -16676.446682927221      
71          -13276.244157471514      
72          -13833.719760988741      
83          -17819.935909175354      
93          -20572.121426881899      
93          -22786.589791678827      
81          -18513.865934865702      
87          -21474.227653740149      
92          -22727.566802380137      
79          -17760.776560357968      
80          -18910.407320131078      
92          -24071.702169334989      
96          -24011.820830168163      
101         -29204.996429211071      
108         -31204.203446217867      
109         -30029.981274431273      
106         -30660.56685241927       
113         -33143.082398836559      
116         -34428.291569143417      
108         -31127.50924292114       
103         -28535.21546618269       
104         -28427.455833899712      
111         -31100.455538211099      
109         -31325.508130497154      
106         -29451.006800167572      
105         -27122.439751464692      
104         -25040.489503811579      
109         -27890.281144640318      
119         -34379.362179856398      
124         -38475.74423305603       
128         -39813.010153765041      
125         -40144.582345946576      
122         -38539.862349942363      
109         -31231.57265239652       
103         -27967.331079710759      
102         -27712.188300558992      
97          -26975.507647288076      
95          -25473.961684859707      
90          -22268.173415740828      
94          -24206.602234998929      
96          -24886.19363140341       
97          -22004.349753064027      
102         -25781.877082192652      
101         -23786.453433042228      
83          -16952.151337296789      
87          -22511.472429516638      
91          -23855.830306951182      
92          -22930.9038906102        
94          -21701.464731048287      
105         -28054.143404892879      
100         -23123.598555583845      
101         -23985.408949811183      
106         -30509.789083420594      
95          -26590.290262081613      
99          -27222.799996785969      
94          -21709.60490769591       
92          -22882.410307323637      
97          -25230.42674862417       
95          -23986.85218293151       
98          -25738.194570765547      
101         -28521.775785190519      
116         -35228.563515520953      
113         -30436.380552497052      
102         -26940.343253882125      
93          -25113.377444187867      
101         -29156.863171302863      
102         -30029.412736651884      
100         -26611.399766765411      
105         -29380.685254950804      
111         -33154.613943232012      
101         -27197.47772452575       
98          -27618.7886603111        
108         -33693.500977162665      
