510 1 -4127 35 35 35
30          -21342.62317314453       
35          -27165.369668596031      
34          -23330.053424870057      
33          -15979.294568463167      
24          -11147.804262688023      
18          -4845.7495376260049      
21          -6430.6311656737389      
24          -9904.7811638924213      
20          -6697.1784793698898      
22          -8324.0633783001285      
31          -17327.063980510677      
43          -22852.023924093719      
47          -36791.489852797262      
38          -32896.166612843743      
32          -19663.389362001806      
37          -20295.870755457137      
31          -14471.437848309843      
42          -30690.365638457948      
39          -29645.089248576391      
34          -23241.561250081206      
32          -20706.547008690475      
42          -29490.028030155863      
40          -28845.531794046994      
36          -19093.873330279981      
43          -30399.911592153025      
43          -30313.852221349713      
47          -40400.099053927253      
57          -58880.59087468058       
58          -61121.957516971925      
59          -67713.447216080574      
57          -63923.521973384581      
64          -73771.535322441618      
64          -73967.387968918556      
74          -93356.103355598752      
71          -86067.247623052011      
69          -81423.027241935837      
66          -73465.988514471828      
72          -86234.875441780721      
80          -109998.78485086787      
76          -93587.364759451593      
82          -111596.50308063158      
83          -115683.06696680536      
84          -117483.90469226932      
86          -119283.62803996968      
91          -125759.43833155381      
84          -114286.62733678547      
86          -120931.67498983683      
83          -109652.67198767455      
86          -112300.19085352901      
86          -112907.51998617304      
85          -118264.61040602005      
84          -112612.80995974448      
89          -132164.42204860065      
100         -151483.15700009229      
105         -163834.03346971323      
103         -162054.55072936768      
101         -154074.30404211607      
110         -187503.07586453747      
111         -193408.90486890406      
109         -181719.80147091599      
100         -163889.34148369034      
94          -152357.93150929722      
85          -123765.45033684761      
86          -118779.45451804424      
78          -111223.89297595358      
72          -91547.849562610907      
64          -74005.938970296818      
64          -73043.253857094489      
62          -66929.716637073769      
69          -88877.473153462925      
78          -102866.32632557829      
80          -106843.65800360522      
78          -108103.13057859507      
77          -102385.47079671979      
84          -114964.90937664501      
89          -125634.88906626472      
99          -153143.68992898369      
95          -135089.63401202712      
93          -134178.52978120625      
85          -116392.58767295204      
84          -121056.01550217546      
83          -114635.34146773187      
75          -90077.323690264107      
76          -93893.007096685251      
71          -85918.784388776723      
67          -80639.370370740406      
70          -84616.315420667728      
83          -117405.6087794607       
76          -104998.83673897212      
81          -117167.81854037011      
75          -99953.600438995461      
86          -122984.44783981594      
84          -114127.76797319809      
87          -121948.18045228421      
87          -120095.41574649647      
88          -129048.78211419424      
95          -147011.70816790959      
98          -151580.25608567326      
97          -146811.57433803164      
98          -149156.66520091894      
96          -143070.76410157018      
