510 1 -4127 35 35 35
34          -2138.9516567398969      
42          -4574.8703144021956      
35          -4246.0337472738911      
21          -1207.9791562321516      
24          -1244.2025380354326      
20          -1676.1232025235602      
24          -1599.5293367369177      
23          -2738.6848636988047      
29          -2781.232085300478       
34          -4002.0133754045596      
36          -3038.5019835413736      
43          -6354.5553860120745      
36          -4188.0213015625759      
19          -887.52488350806425      
24          -1433.8744136781152      
31          -3000.1103671259852      
30          -2799.0620132946178      
39          -4501.5458085521514      
24          -1655.6485199235658      
31          -2952.4155218448768      
34          -3249.1874240064067      
28          -2389.6093493528588      
27          -2714.8155379565596      
33          -3019.1635700595966      
35          -2785.8324217178988      
45          -5465.2696603829481      
51          -8241.9002027618735      
39          -4462.696223551141       
39          -5352.4805639449787      
45          -5036.692539341906       
40          -4786.6297768818795      
32          -3326.2340625832312      
32          -3394.0399779015993      
53          -8495.0145949921862      
55          -8071.5492185622443      
64          -11140.537738561525      
62          -9882.5377022605935      
62          -11259.625490192671      
53          -7871.4341031204494      
65          -10896.651926259978      
55          -9081.7451695950003      
53          -7654.4034815203477      
52          -7751.8262920676489      
48          -6778.3585124699093      
48          -6527.1188958622461      
38          -4790.2705097378866      
35          -4046.1950456676236      
29          -2348.79167269245        
22          -1588.6366699565951      
32          -3320.1205056808612      
37          -4360.3950635441206      
34          -4320.9407797934136      
20          -1051.4999630550549      
17          -867.34753735315496      
25          -1722.5612050428538      
29          -2489.6025755150322      
26          -1919.4559042574367      
28          -2445.9021434328615      
17          -773.51689242527971      
16          -668.13196650509246      
24          -884.41140875450787      
21          -986.62334050969514      
18          -652.4734704808352       
19          -1377.2704068649948      
18          -635.71531098444541      
29          -2156.743225449944       
13          -569.54215507164679      
15          -583.73979500756388      
22          76.52400927910206        
22          -982.32618411096223      
16          -448.16881019566051      
26          -1962.9245591598362      
36          -2836.7935517051833      
34          -3468.7570179802174      
37          -4830.8154085741753      
33          -3243.8827428418886      
20          -1161.5989686278479      
23          -1685.0697083348207      
29          -2532.8638791260578      
39          -3839.5276946170134      
32          -3647.5220354328503      
29          -2041.8478750558816      
41          -3683.925473019161       
51          -6637.8355163366386      
40          -4324.6679749297928      
49          -6499.1762133621905      
47          -5965.7651752354604      
44          -3358.8281993861947      
47          -6520.7975767787475      
48          -6376.2225024693707      
55          -9043.8538101700433      
48          -6208.6306524926149      
56          -8466.0644664817301      
54          -6394.0454672246105      
52          -7481.7242754887966      
41          -4822.0376964517382      
43          -5991.1156218572942      
44          -5477.0835159036869      
52          -8320.9603734604079      
47          -6607.8089117899171      
55          -9147.4244994114688      
