510 1 -4127 35 35 35
69          -90586.848184191724      
83          -108333.29335186571      
84          -113868.183625359        
86          -118159.82529067213      
84          -116182.00233693057      
81          -107118.41773749908      
82          -109169.96400502225      
90          -134255.94552232517      
94          -141701.09920281862      
92          -129629.11498244535      
85          -113122.2920640271       
80          -102455.83775210139      
64          -76591.922530537733      
56          -58712.410703433081      
61          -62270.483453302906      
55          -49137.926498861365      
57          -51135.305098716388      
58          -55508.568355570256      
63          -66709.06741267968       
48          -37864.721149415105      
49          -42436.273065768735      
48          -40703.924792293576      
37          -22418.343670676091      
36          -19476.382443445953      
39          -25762.585766430922      
35          -23375.42848623894       
35          -28307.080394520315      
40          -33629.006951230127      
30          -20559.343979083747      
32          -23721.954854937801      
29          -17888.422754851599      
26          -12719.583084882064      
30          -20368.881046098926      
28          -12281.205503867299      
31          -20842.147812364707      
36          -30070.168043705933      
35          -21985.702240850573      
32          -17069.212699638101      
27          -13130.265346452592      
20          -6768.3846309081664      
20          -5709.388543301824       
21          -6955.2853540682545      
28          -13512.904120336887      
32          -17414.084429884719      
39          -27120.814440694463      
36          -25202.666630130792      
33          -23652.260776925614      
23          -15512.422367700816      
27          -9463.9562820215178      
17          -2972.7694749221528      
19          -4896.8713355265736      
28          -15114.476479318773      
30          -17171.389795367919      
39          -32699.772141830821      
41          -33297.977207544849      
42          -32931.403593372161      
45          -40234.62708613812       
42          -42508.254586579496      
47          -48592.291380127273      
59          -64958.747858150033      
66          -66772.379663583532      
66          -77710.703532640822      
69          -85690.819394909835      
71          -84551.558868388267      
66          -70306.290844847652      
69          -72080.867667262341      
70          -73796.586295696237      
69          -77173.384420395523      
67          -77237.315971527307      
77          -93463.328594949009      
78          -100071.66832029235      
78          -99882.539973299863      
68          -85276.097128034191      
81          -108159.18987008995      
72          -93621.45890150941       
78          -100159.49430991066      
79          -99778.039061604431      
73          -92773.518991397781      
63          -75107.161299943327      
77          -99963.83925385795       
78          -101448.70240678074      
78          -102413.50804127342      
77          -104086.81009108856      
84          -125099.78271610629      
89          -133823.27059224111      
96          -148545.3409691074       
83          -121332.33702219224      
77          -97430.921712743322      
78          -94759.054813729395      
80          -98966.773362803186      
80          -105968.26699223294      
74          -91546.754267458047      
67          -78408.789159559659      
63          -67041.931732193771      
55          -51487.636943926591      
57          -59074.353260590746      
54          -51728.699670593967      
60          -62005.478801633406      
61          -66131.77530195209       
75          -89072.768012535467      
70          -78576.795074421942      
