510 1 -4127 35 35 35
97          -25584.823246783049      
91          -24212.044816764686      
86          -20844.531021327999      
90          -23285.252855057792      
90          -23922.351143388463      
97          -25585.276649382915      
100         -26450.329519307339      
98          -28407.525404346707      
98          -25683.796706959747      
99          -25833.930846963383      
103         -29772.180601116517      
112         -33267.658963180045      
106         -28013.172774625233      
106         -29098.576526851437      
107         -29820.50337836341       
100         -25964.794605512336      
98          -24410.558207258469      
92          -22348.233881771346      
90          -22042.477587988687      
99          -26771.359255899035      
97          -25148.915171457014      
107         -29770.303859261727      
106         -30898.899005841009      
110         -34058.985813190586      
114         -34378.513702142416      
116         -32759.709067261574      
117         -34860.389029535116      
116         -35016.008440828358      
116         -35544.727639796634      
104         -26959.025196362079      
96          -23317.275217044906      
110         -31138.859183207951      
110         -31878.999908370199      
103         -29791.479259169595      
104         -28458.180576956849      
104         -28853.04174431667       
91          -22587.383038853695      
82          -17902.88871478349       
73          -14659.716913313769      
56          -9127.2639485186155      
41          -5214.1271684858593      
42          -4975.2151766849893      
49          -6652.8989433635334      
48          -4800.408797439055       
38          -3493.5356719189303      
38          -4624.6423543268284      
37          -4837.0297738096669      
33          -3916.406459313514       
33          -3374.2116445591355      
35          -3543.5357198679039      
31          -2758.8205675564077      
30          -3273.5440520156717      
32          -3385.7050798451778      
45          -6253.2822841204252      
38          -3797.6188246499296      
37          -4384.5217301769062      
42          -4479.6189818607854      
56          -7034.6162672568662      
53          -8148.3915107828079      
42          -7041.7485613294893      
49          -7268.2249709535417      
55          -9065.1911686127769      
60          -11858.68895632643       
55          -9584.2036171536674      
50          -6742.7205227822524      
62          -9529.0206800768756      
64          -11770.101838824283      
63          -12509.777963874572      
75          -15016.956972375385      
66          -13119.778900109279      
78          -16209.338226975635      
64          -11096.674499124321      
62          -11522.955130229635      
56          -9205.6570574972829      
53          -8772.8423931558973      
49          -8597.9831232899214      
43          -5931.8749571048656      
53          -7295.3972700957283      
44          -6200.9013138134378      
46          -6282.7504170003076      
48          -6618.6281550399117      
51          -7184.147103226921       
55          -9236.9709283383054      
54          -7986.5412820274914      
34          -5201.3985708422542      
36          -3261.303239936472       
39          -4318.1805362770829      
40          -4483.9327424369521      
51          -6966.1431422647793      
55          -8354.7065234521469      
50          -7071.8189046219459      
48          -7126.3619624781431      
46          -7183.5149274106434      
47          -6538.323769518357       
36          -3487.5512652216162      
42          -4652.2822089142501      
40          -4911.5351354395698      
49          -7315.3018349420545      
59          -10255.173963333778      
54          -7090.9326707978335      
52          -7761.8706278503132      
