510 1 -4127 35 35 35
70          -93801.00843822633       
55          -49442.35867579381       
62          -69955.517711541281      
57          -61047.169048368967      
56          -59462.272980556707      
58          -61092.324763031058      
53          -52046.217981990332      
64          -67818.47456752001       
49          -38284.903436124208      
41          -29922.995562823373      
38          -28448.801378105316      
34          -19035.528883202354      
33          -16897.492843913958      
38          -20806.996177680347      
41          -29073.73322782166       
33          -24841.238696175984      
25          -13630.26907747274       
20          -7152.9424588484917      
13          -3432.4401178590679      
22          -14043.008198091859      
24          -12221.736118603552      
39          -29986.212777549204      
46          -41053.397157273575      
37          -29619.790223171149      
34          -24679.125678735167      
37          -26044.603583745091      
27          -14209.607816542682      
30          -15833.745763058134      
31          -16945.1563790043        
42          -28931.933411452865      
38          -21902.850565101187      
39          -26371.333377185671      
36          -28200.22224902708       
30          -15598.026380884137      
27          -18385.222848928104      
33          -19945.844160478788      
33          -20878.887207014901      
43          -26867.643559716518      
47          -44831.234075000248      
46          -41196.565134807912      
38          -35471.596470471246      
39          -29553.530583151318      
42          -32454.779027100707      
40          -29942.960555532278      
44          -31264.177715594265      
44          -36930.734458786232      
31          -15039.562091824278      
29          -12942.509119770415      
21          -12439.707742871562      
23          -9955.5884283637824      
21          -10379.873303873295      
24          -10491.814508312549      
19          -7961.2198520269212      
25          -9175.8293177918858      
29          -13698.320286394533      
20          -11998.73237085644       
33          -18448.91025795932       
32          -15274.098935232412      
32          -16605.576179614312      
26          -15208.047698633367      
35          -24434.118015892127      
43          -34599.36926482265       
33          -22377.361912666387      
29          -14137.997689884622      
34          -23944.519966883479      
27          -10001.226069775368      
29          -12412.393294574567      
39          -22645.182578857384      
32          -13477.808158013906      
34          -23306.692065732834      
30          -15537.689208963169      
27          -11649.827641430729      
32          -18653.456709556442      
22          -7996.3175565996971      
21          -5747.1646457497009      
19          -5174.6000663375726      
37          -32041.522214958302      
35          -24962.9026953149        
27          -16133.980127178527      
28          -16019.185252435884      
37          -22171.061029456636      
19          -4377.1315585747625      
19          -6719.0904841007286      
14          -4546.4941405032378      
23          -9562.947107138345       
18          -6295.2483993781116      
17          -7253.0564350548566      
17          -3860.0130204001921      
14          -4171.8850273394728      
18          -4931.4391268482486      
15          -4646.4120313018539      
28          -15202.930687663618      
35          -18595.931912824177      
51          -48946.654689007977      
49          -46926.619939170341      
44          -36652.872006570695      
55          -60573.11933135525       
69          -92129.847518280061      
74          -105613.84669748864      
84          -117926.10176418496      
90          -127946.95462287174      
