510 1 -4127 35 35 35
119         -232567.04885580862      
118         -230517.90731479123      
121         -235198.68048644174      
119         -231333.65011706375      
120         -232482.45448029239      
123         -243103.85507748235      
121         -240188.58600123774      
126         -257454.75329369135      
126         -262030.29314643142      
127         -263434.58121521177      
120         -233660.42758000625      
119         -235201.68699838914      
115         -219357.45529298196      
112         -209219.45345143694      
116         -220179.40877655556      
109         -202393.54078802455      
101         -180412.03661706444      
104         -181749.6819866845       
106         -183617.97849831101      
114         -201664.62728581892      
115         -214941.7417260441       
117         -221979.63792663135      
120         -231109.66652498048      
123         -240577.05688265513      
123         -238784.42507488967      
123         -241286.18662128624      
123         -232558.86954376259      
119         -226196.07041564092      
118         -224353.21743776638      
120         -228448.09464849092      
122         -238688.91910984041      
120         -236168.86870225269      
123         -241776.43969016487      
126         -253407.42510260377      
124         -242725.82139350838      
123         -236505.81739735935      
118         -221501.57578629718      
124         -243655.28566674536      
115         -214262.31183209704      
126         -249660.66270595943      
126         -251905.27164234559      
122         -239661.68937944339      
129         -265899.06034587143      
127         -261581.29435421349      
122         -245013.96912664818      
115         -223115.30700689569      
122         -239176.06480297295      
129         -262844.73477790959      
134         -283812.1902887316       
130         -272410.81204705243      
125         -249897.08766344166      
126         -250990.09825596257      
123         -242656.37274373707      
123         -245377.62174176151      
120         -227733.02547298232      
122         -236637.7449334251       
124         -242551.97753797605      
119         -232206.67304385066      
123         -240639.73937996273      
119         -221838.1978778372       
118         -221728.69354294045      
110         -197270.3475032842       
111         -198125.38503413377      
114         -210783.69395495247      
124         -239092.59258278896      
123         -236886.25307042972      
116         -213743.56186192136      
115         -214721.63562590428      
113         -201895.51070241648      
105         -181183.06700124784      
101         -164337.06711786892      
94          -145533.75134706279      
101         -160263.04424682385      
106         -171517.97132986551      
104         -162721.65613116391      
106         -169830.23695403006      
103         -166958.32545105388      
102         -161866.82717684199      
97          -153876.00551936531      
95          -151952.35153385781      
98          -157682.60746828761      
93          -138316.46806514927      
94          -148973.58967716302      
102         -172833.66125587167      
104         -181442.91766162709      
106         -190659.83695453458      
111         -197580.36925795584      
108         -188364.26121694682      
103         -174810.34614278859      
109         -194498.82623670521      
117         -216030.77806896984      
119         -220763.50025651997      
112         -200689.1381310529       
110         -192676.75666663898      
113         -195084.33321203379      
115         -208500.98966977093      
118         -216472.64443119889      
109         -195282.05267108526      
110         -193060.87862492699      
105         -163376.81788989087      
108         -180074.86813746917      
