510 1 -4127 35 35 35
92          -134800.12806821251      
90          -136947.70242082587      
85          -121879.09356030784      
94          -144933.03249486777      
95          -153891.22722683926      
96          -148339.15554047408      
90          -129887.53862595465      
86          -116946.30996097162      
98          -143787.04379532745      
96          -139689.37090129542      
103         -167353.0149884276       
96          -148914.5258008494       
95          -144740.07657978006      
97          -151760.25481134717      
100         -162138.2819818242       
100         -165137.71176605127      
100         -167636.97723280123      
102         -171417.60519038711      
97          -159634.78596958         
88          -129452.33171194735      
85          -119363.53863092183      
85          -117323.47628708115      
77          -101318.39185965642      
79          -104867.35979417001      
73          -94163.481414239199      
67          -78990.079675467525      
65          -69813.152615146915      
63          -63736.82199865525       
57          -50872.962263231399      
51          -38742.331000255093      
31          -18729.524623735389      
34          -19661.121800204161      
30          -18411.503576774296      
28          -17509.665672510448      
31          -18451.322976953852      
33          -22787.341718241631      
33          -19093.796852849591      
31          -17849.00768659914       
32          -14973.045354063712      
34          -18118.101737413421      
21          -8025.146724581321       
22          -7814.7094093755177      
16          -4085.6915623794434      
28          -13171.573159342453      
34          -20539.596520683575      
36          -21312.760612794664      
35          -17948.358092229206      
38          -27092.487424958977      
36          -26038.683990582555      
38          -25485.606169454913      
42          -34525.023710441739      
45          -44068.143246607106      
45          -41416.069952302045      
43          -32952.72909828015       
35          -22466.897529452661      
38          -23665.210695220521      
42          -36081.28394150285       
48          -39122.666320558674      
38          -20405.248223271206      
38          -23160.698101925242      
44          -32923.586851291388      
46          -35597.087880051899      
40          -38835.670802192486      
41          -33219.240000619611      
38          -30713.563763764905      
38          -23105.714097463802      
30          -15939.869013232306      
32          -23498.933095822715      
39          -25308.314094041249      
46          -38700.071259240096      
31          -17538.947397068885      
39          -22567.504356010984      
39          -23792.73452883595       
27          -12927.686415879507      
28          -15920.010558307906      
28          -16838.690207709664      
31          -15561.580798974945      
28          -17592.232152895707      
25          -15330.825960902082      
23          -10736.731663406335      
38          -27510.648580788828      
40          -34718.759787849944      
39          -32890.680175232439      
32          -19874.594229940958      
20          -7396.1259516072023      
21          -7117.1805594341413      
17          -5079.8973617667998      
21          -7859.0491911295376      
37          -24367.15188685738       
34          -17981.52521981001       
37          -24793.83512308971       
26          -17575.710077203137      
39          -28585.37059521921       
50          -48524.280002079213      
58          -54595.587572767414      
64          -78241.476683652698      
65          -80470.285591007589      
70          -91691.710792961661      
74          -93060.992288815192      
73          -84981.032054106763      
81          -112574.20595904345      
