510 1 -4127 35 35 35
110         -185572.33098394304      
107         -177458.70461499965      
113         -196413.46964805634      
118         -219210.40143646268      
114         -211994.21327271761      
114         -210425.72355345357      
108         -193044.25162323742      
113         -200500.88850506378      
102         -169761.32376322616      
107         -185470.76447072622      
116         -214775.92869479719      
116         -213691.89892160925      
112         -198279.50788400316      
113         -204689.9174044781       
115         -212117.99903483584      
119         -232661.72705642419      
127         -258360.00349066968      
132         -268104.19570346101      
131         -268069.28429867781      
130         -266435.15800355584      
125         -254578.20307004775      
121         -242247.42432296995      
127         -261674.8919981785       
122         -243638.0668749176       
118         -230837.05592719902      
117         -224515.72791873114      
108         -187711.65244322337      
103         -173349.90164325456      
98          -162507.95548160531      
97          -163104.96410110517      
99          -159546.05429610738      
92          -139082.57665008731      
86          -121734.61364031433      
88          -123654.70404985268      
95          -142107.84333546419      
89          -130879.85877263111      
88          -125258.75098949386      
80          -101014.12755301355      
83          -119341.64194386956      
79          -103597.89909256439      
79          -110186.81695466035      
95          -146327.68877515115      
100         -156402.35032184591      
92          -136619.15910590472      
88          -132640.71326739294      
88          -131258.98793567068      
94          -150157.30093421208      
98          -157963.12566408314      
109         -182126.63376037375      
114         -199465.25187441902      
103         -173899.7133051125       
110         -186985.55377932839      
113         -206276.81686457054      
116         -214046.64086593557      
116         -215743.0565719422       
112         -200720.16495959854      
110         -187463.16632971892      
112         -204299.18831145309      
125         -253536.6249668989       
121         -240164.9219718258       
119         -236381.70143690764      
126         -263629.40359117254      
119         -238614.30085032457      
120         -234195.64204601789      
116         -221434.74662286896      
121         -238397.16493490557      
121         -235268.34025283405      
123         -240761.41074587312      
119         -226534.20512100798      
113         -210381.34561218778      
109         -200787.74977271591      
113         -220816.93266019243      
122         -241227.42743630364      
125         -251728.14464030458      
129         -260619.14735431358      
128         -259919.54666676134      
125         -245950.0927697588       
122         -237419.45989432232      
121         -229676.73705121916      
116         -215197.02552471819      
103         -182083.14050194394      
115         -216712.23623649738      
109         -198513.75048882203      
109         -190988.96040576557      
116         -214224.39184739915      
117         -220328.04712471532      
116         -213627.47115170959      
118         -219277.32493125484      
124         -243969.12519123885      
127         -258897.00043267297      
126         -253454.04575107299      
120         -225159.63101721622      
117         -214691.38017399286      
109         -185998.59737887635      
116         -213336.12654522722      
118         -225189.77181689825      
117         -221343.32386533692      
114         -208898.97683220077      
112         -203739.6780442812       
109         -191520.82143705938      
109         -193909.79776198207      
