510 1 -4127 35 35 35
112         -192429.40663896786      
106         -179441.74556975171      
112         -190006.9819571313       
103         -165073.94452741946      
96          -144756.9612500401       
100         -162408.54196321833      
110         -183524.96103362311      
104         -168975.36919155746      
108         -185102.12154694201      
105         -188829.35369065459      
100         -173539.7975585814       
96          -153242.63485423487      
94          -144349.48608378536      
88          -133594.92353873712      
84          -116708.45319585562      
81          -110979.5586599387       
90          -129752.20659731902      
96          -146660.60183872175      
93          -134975.05434341956      
98          -145395.91524622694      
87          -116596.3785709474       
90          -123185.98217552202      
94          -135922.88122297201      
96          -140265.01527288524      
103         -163975.89633544331      
103         -165004.91331432908      
103         -165367.98606254125      
106         -181876.57696881125      
115         -206195.63763938236      
106         -178183.22699675764      
111         -194493.68082945643      
108         -190097.16073278364      
112         -193683.20957758353      
110         -189985.22812174595      
102         -177228.72747124295      
111         -195236.26495518387      
112         -200921.91991748667      
111         -195601.36113515348      
99          -161479.38007591682      
99          -153449.64470995672      
101         -164394.76857173574      
105         -177590.51752325174      
107         -180776.02410714116      
108         -184419.345336439        
117         -211044.02177176342      
109         -184058.07053125327      
108         -186715.06088473898      
105         -172575.47002993381      
107         -180419.43539804881      
108         -182328.62562181897      
114         -194436.11313897578      
112         -192999.37838774052      
116         -201003.19295713419      
114         -204405.53283019739      
113         -207974.87653685675      
110         -196522.64294463996      
123         -243348.58419655368      
121         -227091.31714060478      
120         -232486.57007890052      
122         -247438.1227624829       
119         -234236.53852983232      
114         -220114.3276050867       
125         -253274.99026807322      
126         -251629.32321506718      
128         -261311.22133456581      
122         -240505.06577293217      
119         -227275.84946073659      
117         -215565.82301648779      
122         -235233.78548799673      
120         -229320.95098252321      
112         -197686.46805822657      
105         -178907.25472701743      
112         -201548.61167505576      
106         -181864.7713630927       
102         -165721.29242679005      
103         -166812.85682083841      
105         -175492.98121026196      
109         -183147.63842037026      
99          -151796.6613717016       
105         -173195.19557480721      
105         -174440.37411137068      
100         -161662.0567763001       
105         -175361.13339279708      
97          -155321.49803109252      
98          -159734.96879656741      
96          -152129.27110073244      
105         -177611.71562559373      
104         -177733.28295613563      
111         -204378.39039122447      
117         -221651.07303841002      
111         -201516.73424579512      
115         -216511.34135877973      
117         -215202.05166210348      
121         -233017.17669337877      
119         -229693.96687419355      
110         -204402.3542014572       
106         -193708.97532458426      
110         -201243.55548162581      
106         -189420.08941084624      
111         -203538.27842131423      
117         -218230.40127860097      
