510 1 -4127 35 35 35
96          -144184.00833579653      
100         -154681.49072982473      
101         -160930.72818677808      
100         -161856.4776427277       
96          -145879.6973831158       
96          -146534.50692154013      
98          -150926.92228615237      
91          -127694.15834058492      
99          -158219.01909823361      
104         -173009.04176386507      
100         -154132.93721603818      
86          -118185.25464732511      
88          -126546.44779244551      
79          -102001.52122546552      
79          -106184.85522151785      
84          -118397.39814885608      
88          -126982.75193226385      
106         -172686.68295362417      
92          -133735.08199189999      
91          -131043.26126743393      
82          -103238.09914628284      
72          -84776.660585957899      
65          -73391.77311941894       
71          -83163.435724708615      
73          -90312.189325331259      
70          -81285.027801017757      
70          -80289.719534813601      
70          -80886.990774240869      
69          -78688.325850069799      
64          -66574.916203400571      
62          -65198.727688493491      
56          -60042.155664765975      
57          -61811.071769683818      
66          -78543.64929981505       
73          -94331.663937733523      
76          -100456.60616625795      
75          -98319.34162102238       
80          -107244.12363516161      
68          -79667.59676427352       
63          -76156.976124058332      
76          -107558.42767595124      
84          -125137.17995725478      
88          -125499.65149012119      
85          -123680.81785380011      
86          -131096.3413484254       
82          -116361.95813444331      
75          -96116.789325340622      
88          -124396.12666438996      
91          -134643.80614807582      
100         -153854.04247546263      
93          -139631.99161664039      
95          -147847.21076916007      
88          -128317.95908441054      
94          -139625.468457234        
97          -148524.985288216        
102         -161282.55396434086      
103         -169068.58963154868      
93          -136422.05530326068      
97          -144569.73862500972      
88          -130965.52275384827      
98          -155014.77739613823      
95          -145154.89573357897      
88          -124282.52635215434      
74          -99635.260650138851      
65          -76925.980099164648      
66          -81441.8095071508        
58          -64084.465939759968      
55          -52623.667456880212      
65          -74349.49938208962       
70          -89383.788140397024      
68          -84844.380703327464      
68          -85952.009423630589      
66          -79258.423381678862      
75          -93962.964172742504      
75          -102451.13936751353      
72          -98298.228941285779      
67          -92327.251684055038      
54          -62182.171215793183      
65          -68335.629020344815      
75          -86795.92693963935       
81          -103421.86775921231      
80          -102540.63991784032      
77          -92619.188804448248      
64          -63658.220054221289      
68          -74471.187795117745      
69          -75961.956848068876      
68          -71526.674764752068      
67          -77357.636806722221      
69          -79394.996466361816      
72          -95685.188778731535      
75          -93434.515719181363      
79          -101271.64338841126      
71          -88573.725258459031      
75          -97553.572813662293      
75          -98476.984255098738      
62          -71082.828735294781      
64          -69390.902838949507      
69          -84281.418867100263      
75          -92235.550260343371      
85          -120133.12505079394      
90          -127768.4470144309       
