510 1 -4127 35 35 35
32          -6910.2192907064782      
30          -6332.9153528269335      
17          -2607.9693917905697      
27          -3846.4421110322041      
26          -4607.377403608134       
27          -3660.9415209504964      
31          -5310.7578939151763      
33          -5901.6130344136482      
33          -6453.5755146955426      
47          -11484.384580746611      
35          -8470.870159218337       
26          -3442.256585012391       
20          -2289.5572235491627      
18          -2718.5592121922177      
30          -7506.3972174322789      
32          -7643.9437689958031      
41          -12911.868023587778      
44          -14473.481278512429      
34          -11856.986514461551      
38          -13814.229426658385      
46          -14152.900411520197      
43          -12569.307016570285      
37          -9412.7980804308827      
53          -16548.613397638146      
62          -23954.397632478191      
67          -34802.847697607125      
79          -39462.61834163496       
79          -40478.236827928136      
98          -55081.764523590871      
108         -68268.426433591711      
105         -64603.754926465583      
103         -62903.963194019896      
105         -59896.756450430199      
100         -56090.740223594075      
93          -49644.036812730075      
96          -49122.357842858881      
88          -43501.314725591532      
93          -48489.029477040895      
104         -59961.886153822503      
102         -60644.292475508963      
98          -53775.225132796826      
106         -61263.946522130143      
105         -63233.60042727481       
105         -62789.53348595991       
110         -65530.746677290044      
109         -64120.371821373818      
112         -72590.655507562391      
114         -74062.879878037769      
115         -77162.322711067027      
114         -75349.559826593802      
122         -84193.120605989898      
127         -92430.262678914049      
124         -89752.05363833408       
126         -85199.672382250195      
126         -88213.531601243274      
119         -82227.501724658796      
122         -87302.771190425163      
122         -87970.601026456236      
123         -89683.790502124262      
126         -93102.818929066765      
129         -93330.337970526714      
130         -95081.90937349436       
128         -94850.277428240748      
135         -103842.72337472692      
132         -98624.663281055371      
130         -97105.959158872094      
131         -97769.51722858884       
124         -91099.926305044748      
120         -85493.921781959376      
123         -85748.679706117342      
120         -85546.32450244877       
125         -91495.018382808004      
122         -85752.290503625482      
127         -91886.490017491669      
128         -94990.286339691695      
127         -94609.610557225024      
126         -93988.703787176142      
128         -96442.904350062745      
126         -93603.485202231983      
129         -97395.456736101405      
122         -88835.611379207563      
125         -92026.470118439596      
119         -81332.944711359465      
124         -88642.478440639592      
118         -82965.219296115858      
119         -82930.176881889129      
115         -77722.549244784066      
120         -85171.792423777573      
119         -85069.300401928878      
128         -95164.048155520693      
132         -99769.570350454276      
131         -100561.86643610714      
131         -98981.372406882845      
130         -96929.386320731006      
119         -84144.97109363605       
124         -88682.075715702857      
124         -89092.872092748774      
126         -91427.685868977671      
117         -81578.969724997427      
119         -81472.110907576178      
119         -83240.845881178699      
