510 1 -4127 35 35 35
119         -77011.313122514548      
121         -79805.582365630355      
119         -78203.964721439304      
121         -84196.050732249671      
126         -89380.225794265658      
120         -84378.558733473052      
121         -83768.406409032599      
123         -84507.003702471004      
122         -86383.111406079624      
121         -85706.731736827162      
113         -73009.264528721833      
116         -76155.99963579938       
115         -76375.63079794748       
118         -83051.620233580004      
118         -81376.538826220727      
120         -82737.968532621933      
119         -79541.514503630751      
119         -82393.735740299293      
116         -76863.588345647353      
115         -76897.08642177911       
115         -79512.657440857074      
123         -83776.644703323036      
119         -77812.127817837274      
122         -81800.515034472206      
110         -70284.372793596223      
113         -72036.071311376872      
112         -68108.376146520939      
114         -73531.635172049879      
111         -71578.368109698335      
114         -75091.463611574378      
116         -77971.50336832332       
113         -76143.554248360539      
116         -77933.506438951765      
117         -79463.910544492217      
110         -71813.811275606771      
106         -66779.399454963059      
112         -73116.721522589054      
110         -69691.655759159054      
107         -66440.702945436264      
110         -69591.355189160648      
114         -73390.082518698153      
113         -76239.706033560738      
114         -77813.276071069748      
109         -68321.731237888554      
105         -63133.391974037644      
99          -54919.208736018307      
102         -59464.517179615272      
98          -56361.674672378795      
99          -57791.381273338193      
101         -57171.854979950949      
97          -56160.168647181468      
93          -50688.692846055797      
92          -47233.013018997277      
79          -36389.982030380954      
73          -32431.073893189969      
80          -37651.453553449406      
78          -35014.572768031809      
82          -37287.577917069721      
71          -28548.410096892068      
72          -31764.725104942612      
75          -35763.652416760946      
82          -39199.382449595265      
79          -34977.997395107901      
76          -35473.284299189923      
83          -40940.678459183815      
80          -37678.947607592432      
78          -38165.371826065166      
86          -43510.610582000096      
85          -42611.188179494238      
89          -47228.848625203216      
83          -40192.957378107647      
83          -38753.796996474281      
78          -35198.706519513791      
78          -36383.693862482643      
77          -33830.315712388132      
70          -28520.360671615472      
68          -28516.654850701761      
71          -29959.788031071981      
74          -31647.0411343786        
73          -31979.297349733446      
57          -24648.485948727695      
62          -21973.061386700116      
61          -22031.85629931885       
62          -26116.138527080504      
56          -22729.232760850824      
60          -20078.612143170147      
64          -25551.520314919304      
62          -29601.899837992019      
60          -25772.826290604909      
61          -25020.701962280546      
56          -23087.50934744332       
49          -19135.621173575681      
45          -18302.055203515505      
57          -22756.528388919916      
53          -20129.743272083018      
60          -21305.637933764538      
53          -14640.231193757552      
47          -14477.838279202171      
44          -11713.343551740816      
51          -13771.11582398374       
48          -13021.106285653012      
