510 1 -4127 35 35 35
97          -155596.27719661762      
91          -149816.50169686752      
86          -128699.78353374166      
90          -138225.75306319795      
90          -141707.82094105741      
97          -155910.09474513246      
100         -162264.13651627011      
98          -164479.17139006322      
98          -159011.05916376572      
99          -159864.52419642167      
103         -170133.04766001616      
112         -193117.05984351673      
106         -178542.59194990483      
106         -182195.69891338542      
107         -180701.64353029517      
100         -156134.05030833883      
98          -150019.0969901068       
92          -135117.66278274124      
90          -137610.34390356246      
99          -160511.76023794815      
97          -155460.95163653942      
107         -183514.35797955591      
106         -180262.59844418679      
110         -193923.48203973743      
114         -201098.68184580232      
116         -203282.21486879778      
117         -206288.69873229295      
116         -203646.9382801748       
116         -206180.54024694077      
104         -169165.36095228928      
96          -151364.50536886719      
110         -190479.6382889059       
110         -187140.87823801709      
103         -174876.29994731821      
104         -176407.98182015642      
104         -169040.04661975277      
91          -130142.02410474632      
82          -104501.49421061536      
73          -86032.841708538544      
56          -59613.676545029382      
41          -34217.809068900984      
42          -30619.342824022584      
49          -43580.496202095805      
48          -36674.931759729647      
38          -26624.831178081698      
38          -29404.576685757966      
37          -31982.099025834403      
33          -24928.031377613726      
33          -20668.868713118922      
35          -22462.308094729549      
31          -16119.090326213807      
30          -18191.875844823066      
32          -21634.497950832425      
45          -38055.556165801681      
38          -23541.298656087729      
37          -26796.88417397171       
42          -32699.833590802322      
56          -45037.463839256205      
53          -50637.451635997742      
42          -37989.383059128813      
49          -44257.841505011042      
55          -55649.851190160429      
60          -68032.598313813156      
55          -57095.536847372896      
50          -43419.125937677491      
62          -57993.238196017017      
64          -73135.918635993003      
63          -77711.896028117801      
75          -96590.232255429408      
66          -76941.349267565587      
78          -95475.65768791025       
64          -69858.001734552861      
62          -67340.218723936443      
56          -51918.137814003188      
53          -47219.754626203881      
49          -50011.689464009978      
43          -37166.107656091641      
53          -46565.603555980342      
44          -35552.540170513726      
46          -36663.430988509353      
48          -36727.695516009888      
51          -46584.362583342532      
55          -53253.02164270699       
54          -54375.411061646526      
34          -29981.609048357459      
36          -19929.240043863971      
39          -26508.189404345372      
40          -26972.054797376237      
51          -40978.259362970028      
55          -49793.049235710227      
50          -44815.657022958774      
48          -38794.352011810486      
46          -39305.773631273805      
47          -38073.826521059847      
36          -26422.262655246017      
42          -32795.533787291504      
40          -28567.874485570923      
49          -43166.971301250254      
59          -64905.918445252042      
54          -48920.670794048558      
52          -51406.787969716206      
