510 1 -4127 35 35 35
109         -192654.14468654271      
105         -178447.07033691058      
98          -161851.29475288212      
102         -176502.30270795594      
107         -193910.25799132444      
100         -172668.73499492035      
99          -165567.65329569165      
103         -170225.10123550636      
103         -176282.43495347293      
109         -192167.16832185248      
106         -176760.55243465301      
110         -185998.61177877773      
100         -160832.10936335012      
109         -188839.030227543        
114         -205057.4748528963       
120         -226036.52424790928      
117         -216418.07609568484      
115         -210176.71060038634      
116         -214569.42271601633      
114         -203968.32062430368      
106         -177067.89126847134      
107         -177329.34537043297      
113         -193754.55084750266      
106         -176609.95268037915      
102         -166623.98563762417      
92          -135516.15563558738      
92          -136577.60118842591      
93          -144940.75498907239      
102         -166690.05617804156      
100         -163845.76017016024      
104         -169010.88515489531      
102         -171894.17512211026      
105         -186041.68863697405      
108         -199684.03363935577      
106         -198795.47152799508      
114         -215361.40220117275      
114         -210724.46752924027      
117         -222175.40259071116      
117         -218579.18254672686      
107         -188628.36186702768      
113         -205529.5907418339       
111         -197422.88307205282      
112         -202699.10552232288      
123         -244976.52445918031      
130         -270670.28349537333      
126         -255583.59079367016      
121         -235008.97675419314      
114         -214842.91026199076      
114         -218876.66417786025      
116         -222558.37144610341      
120         -225949.83686408232      
128         -257241.86649273967      
126         -247666.89657682602      
125         -245877.32129466825      
124         -240092.13410218459      
120         -231908.21933839994      
118         -225483.66605194026      
118         -223762.77270628561      
107         -187157.45952434759      
102         -171004.99509225693      
102         -168529.23307923923      
111         -194370.31073104078      
114         -208207.38900760087      
100         -160038.30135933953      
99          -162938.77710604528      
106         -178310.82186571724      
97          -152481.78335231927      
98          -160111.36801637203      
97          -151131.56643442647      
99          -157820.57791474069      
88          -126227.11221055005      
82          -117269.33553034626      
88          -127329.75966236393      
86          -122109.25690645172      
82          -108338.7172618747       
88          -126236.14039554659      
91          -136797.70023894953      
95          -145800.96893978387      
99          -154331.38074533868      
100         -157045.20054235755      
100         -152520.14203758133      
93          -135155.63896779946      
103         -163519.81374901414      
104         -174574.73259449546      
107         -180402.51581720766      
102         -163124.16001880524      
102         -175146.83591207583      
98          -158986.88808435737      
101         -163105.59196406114      
113         -199660.60718271323      
113         -201126.30724311824      
112         -197747.96029773809      
118         -213484.61908090548      
112         -198659.68330240957      
109         -191698.60338240754      
108         -187538.19634460693      
104         -175351.60693544155      
104         -178617.85644953666      
110         -200595.67420621254      
107         -188139.2248122353       
102         -173947.65430801845      
