510 1 -4127 35 35 35
110         -194275.33153430166      
117         -218805.85276921326      
114         -209913.1131026134       
108         -191186.15388674464      
107         -197695.29198566097      
101         -169228.39548605203      
98          -160973.25400008768      
90          -144494.07243183407      
95          -152524.92692997569      
108         -187587.39541516994      
107         -185917.23517507059      
102         -174742.41227745893      
103         -182397.21918757842      
118         -220881.92584429318      
120         -228546.03165912203      
114         -213742.71357157506      
114         -213214.76180181993      
104         -182661.82463922285      
104         -184920.81842146642      
111         -211861.68018855949      
105         -185057.96631057779      
104         -174425.20147179576      
103         -165850.19788474106      
102         -169023.91317019163      
106         -182545.56702540742      
102         -164950.75624281503      
107         -177558.76125073514      
105         -178124.75652594439      
106         -184856.82537639196      
107         -189108.52735903347      
113         -211219.65161857387      
120         -234781.52385526686      
128         -262540.60396973859      
120         -236446.30734745122      
118         -226616.72838504284      
123         -233268.9162722945       
125         -248724.84884776716      
122         -239340.53253811024      
126         -257818.25851603618      
125         -254141.74362691617      
121         -241817.83124828705      
120         -242808.70242920835      
118         -233306.24027965087      
119         -237725.02458794785      
120         -238972.05393357907      
122         -241061.57769478144      
117         -223553.39715063019      
122         -237245.36249926544      
120         -241221.01431677584      
124         -248925.71186879874      
125         -251169.50173604468      
118         -227194.39466533103      
110         -205253.44502515704      
104         -176097.61926295553      
109         -193218.14853174228      
101         -162876.260767295        
97          -155849.8203744154       
96          -158326.7763042046       
97          -156999.08749460368      
98          -162861.5816372055       
100         -165979.4437960714       
96          -148472.52258178007      
105         -171996.38286606219      
110         -193198.92735749387      
108         -185734.62669534783      
110         -192407.35536831175      
109         -185166.41980077443      
111         -192517.10119197081      
109         -192441.18875441159      
105         -183302.06812551053      
108         -189463.78327197093      
103         -172908.07138699578      
100         -154294.03128420209      
95          -143835.37648006019      
87          -121416.84222764237      
80          -106580.51128511058      
77          -103706.47091936466      
64          -81703.914132460282      
70          -86698.048055588239      
83          -104575.11165808716      
86          -116024.84248950219      
93          -130491.44457506141      
82          -104507.23988130708      
75          -84766.225228096358      
75          -87127.778844537053      
72          -84261.172014784068      
73          -91039.678227379729      
66          -69716.651575167765      
63          -71673.151411012979      
58          -56027.955483617268      
47          -36982.760991902243      
43          -33607.40262601553       
22          -8955.0577120860726      
31          -16822.488233343636      
22          -6350.0785526844493      
21          -6183.2730261701709      
8           -775.92141866889062      
19          -6727.9471716957814      
27          -12914.89960645391       
14          -1792.0967412947241      
23          -9300.7754015300961      
