510 1 -4127 35 35 35
118         -35093.748409145061      
118         -35330.390747411104      
118         -37885.683790827708      
118         -37763.479638174249      
116         -36698.78800120332       
117         -37176.754788402774      
119         -36840.63235380486       
120         -37504.509135522479      
121         -36739.381205770434      
120         -35646.576205906749      
110         -31990.083601260252      
108         -30646.83833697185       
115         -33952.867722038478      
123         -38453.903016052354      
124         -38003.48215374133       
125         -41075.798230660177      
121         -37524.893415812177      
118         -36173.696557750693      
117         -35558.913506419667      
116         -35976.571984262395      
118         -36403.818460013936      
115         -36082.504915074642      
120         -37574.317095857783      
119         -37731.021364954984      
120         -36135.465426063078      
126         -37791.618860933864      
119         -37071.717375048131      
121         -37574.000212234605      
113         -34010.373462591815      
119         -32456.671425933691      
116         -33579.172677892413      
118         -36272.682283451169      
111         -32554.343447816078      
104         -28311.290295077368      
115         -34829.902191193592      
110         -33213.449241456467      
106         -28613.549863493616      
104         -27797.965525497952      
105         -28691.049038752019      
108         -30856.580632832804      
102         -27892.822725935763      
100         -28476.304664176558      
97          -27224.33573392691       
88          -23722.938743678911      
91          -19064.500129804826      
90          -21402.823800349011      
90          -22653.974106904185      
91          -22559.352656040461      
94          -23992.109290166365      
97          -25267.061851447404      
104         -27637.182087579644      
90          -20058.843435875118      
91          -21541.04603237403       
100         -27303.46935940022       
102         -25385.840541215039      
99          -24230.516669471421      
107         -28430.386170773934      
113         -29595.37561167009       
113         -30174.588702133777      
109         -28938.283414057511      
109         -28327.288113650684      
104         -28923.940763161732      
94          -24374.358654204028      
100         -25328.967864937225      
97          -25447.19303756583       
101         -25878.173762472987      
96          -23295.984196874932      
106         -28085.436758311633      
117         -35503.415890304183      
115         -35688.454147554781      
116         -36428.67428693991       
119         -37434.665166358609      
123         -36710.476256906994      
119         -33721.330568066871      
119         -34600.259352670968      
115         -32885.424605707638      
123         -36129.235481365082      
115         -30907.672493428043      
112         -30480.249691921654      
116         -31070.601375259022      
115         -33829.701752381261      
115         -31934.217564077855      
115         -30957.246324067804      
112         -34796.454962063923      
123         -39544.625673527124      
123         -39061.102830700962      
120         -37099.931090605489      
113         -34288.535104473056      
109         -33175.783099140201      
112         -34192.589593279285      
105         -30538.870287859048      
103         -28112.573615642032      
98          -24150.512835608886      
95          -21829.807596330484      
91          -22731.815259625128      
89          -18894.979844100184      
87          -18204.541568873599      
89          -20757.083265839618      
85          -19089.066205554398      
75          -14839.414735330332      
75          -15687.535759647884      
