510 1 -4127 35 35 35
49          -44480.730476509547      
58          -55106.632320569443      
46          -33250.779851051026      
30          -11352.757995757218      
13          -3640.5847355915043      
26          -10231.733938278821      
17          -5007.2394979499795      
24          -8368.6701659050977      
31          -15126.678386857844      
33          -21327.722115828583      
30          -14966.153149857369      
22          -6854.6955436495573      
31          -16008.259107733124      
33          -16452.643802863095      
31          -24856.059535849818      
32          -18659.675715570211      
26          -12279.470693404734      
30          -23732.032441804899      
36          -23289.756649707422      
35          -21103.742314967982      
38          -21395.499296197453      
35          -25459.326788474369      
36          -23468.769200124836      
33          -19555.828350208525      
35          -20121.713567624873      
27          -12429.874331537838      
25          -13086.548683756253      
30          -15156.254088119786      
27          -11758.622040879134      
21          -6774.1994775743797      
26          -9244.6268355772172      
27          -16047.729530297293      
32          -18300.876086865981      
26          -12041.504418042572      
26          -7143.0648167574291      
14          -2159.1876505881482      
15          -2120.4185476303965      
30          -14440.703927937855      
34          -23164.085396217255      
34          -19692.525308362096      
25          -10220.106190741008      
25          -11286.74822519203       
28          -15967.140381789537      
40          -26832.821657541033      
32          -17125.22089509666       
41          -26824.720956768477      
43          -30688.288421830242      
35          -23217.632663411794      
39          -28374.854885534449      
43          -34397.851759298494      
46          -38374.934574588689      
55          -50393.111667282785      
47          -41562.080557784349      
31          -16773.23366478891       
24          -13468.547332095794      
25          -8603.559475917662       
28          -13823.823648346515      
22          -8578.1248032196236      
24          -13584.489330465427      
38          -23624.372679290202      
26          -12152.033444664392      
26          -9942.7468916720245      
24          -11272.724961203943      
30          -16429.535986567374      
19          -8191.8846135827444      
36          -20519.214616886085      
32          -13357.449267242342      
34          -21363.463037969173      
28          -12678.852287720969      
31          -18863.697038744962      
35          -26608.362368609312      
34          -20714.830748637367      
37          -24093.195369073554      
40          -27589.799178211753      
52          -46454.298748675523      
44          -28451.964313269713      
49          -38379.083845457688      
47          -39302.872220275087      
50          -38638.040355088182      
41          -24599.004781944823      
47          -46277.406497956596      
41          -30791.487893089627      
47          -43981.715092625185      
52          -51799.881360099847      
50          -47158.733163251396      
46          -40004.85997353289       
42          -31582.382947422251      
29          -17948.985818200406      
35          -18213.449364533768      
31          -17677.222142678551      
43          -31877.604527087969      
43          -38060.999594913279      
45          -44964.995179426587      
46          -42756.460706611506      
53          -55408.650416829383      
58          -61564.751699097287      
65          -69928.462886598907      
55          -49871.025506228572      
56          -54566.122793796443      
67          -65690.527959128172      
66          -74183.143223388077      
