510 1 -4127 35 35 35
102         -63782.572631010094      
117         -81654.971036734016      
118         -79228.912186635542      
115         -77399.918251783747      
106         -66314.462560622371      
106         -67337.773616887542      
102         -62450.145215488781      
110         -70177.502879977576      
108         -69017.617265472261      
112         -73639.43181312691       
107         -66083.613037248229      
120         -80786.359296631868      
120         -80024.455059775355      
123         -79803.384810664211      
121         -82341.022043707169      
120         -79146.693676068768      
111         -69848.409822729329      
116         -76451.851358995831      
123         -85419.750754024615      
119         -81839.151864996835      
112         -73167.099903393973      
118         -79218.516014728491      
108         -65926.353435137396      
94          -51719.633518131559      
100         -60362.562597730779      
102         -63511.639425393456      
108         -67233.540046317532      
96          -53176.965040462906      
88          -46134.959731926065      
82          -41039.405064979503      
85          -45668.142074021198      
87          -47095.700673048086      
98          -55638.617740790345      
106         -67588.936246940924      
100         -57930.380850487032      
98          -56531.79272872916       
105         -64581.464966349537      
108         -68027.168613206886      
114         -74646.590607297796      
110         -67950.120661855486      
110         -66928.90081916585       
109         -68628.706639877972      
102         -57255.023955793615      
116         -72699.172753248567      
113         -72736.194249200533      
120         -80867.832984117311      
121         -81637.24565485421       
119         -79791.325397663561      
113         -73979.672284283224      
110         -70156.948331287655      
111         -71114.202540955754      
110         -72736.053014224672      
103         -67488.828413662399      
108         -68168.474854372791      
101         -61716.377638358004      
102         -61988.217754978337      
99          -55503.601048272365      
105         -63846.718864162103      
117         -81024.574963510109      
117         -80183.318727908685      
116         -76548.559129045199      
115         -76225.917482767225      
114         -73922.574901595654      
120         -80970.64065074861       
112         -69860.034303372959      
109         -67721.845229453786      
110         -71125.990337373893      
98          -56472.674097095907      
99          -57223.352610972637      
102         -62143.243187032807      
100         -60727.335471609164      
101         -58856.338420226421      
89          -45403.329281837985      
93          -50330.608571691773      
109         -64431.087783253621      
100         -53909.541031359338      
99          -52009.586795362047      
107         -61769.814759413501      
107         -61840.250822336646      
95          -50068.785559170719      
97          -54084.257403164862      
107         -63333.635653768972      
106         -63348.769773438522      
104         -58751.412910601211      
113         -71839.136269974595      
104         -62828.470528314167      
106         -66963.898814956701      
99          -57696.156754350275      
94          -54821.141104703413      
92          -50275.097708145797      
102         -63439.016532096866      
109         -69178.315111160264      
103         -62412.992303034931      
95          -55140.777032501421      
103         -63742.039858139404      
103         -63685.699364364838      
109         -67155.302135856502      
101         -61707.593429776512      
103         -62114.908670845114      
105         -66477.734212133146      
102         -62450.729927102497      
