510 1 -4127 35 35 35
40          -25117.551151261749      
55          -48181.397591398978      
46          -35788.610906960683      
62          -65464.307472721623      
60          -57434.607789467867      
57          -53302.287467158138      
53          -46857.939126267876      
45          -42587.545984883865      
34          -20936.529230472581      
33          -24265.381189276173      
40          -28917.57077543173       
28          -16577.442027330093      
25          -11840.377903391131      
24          -11258.540899242658      
30          -16395.727968916752      
40          -28261.525996869186      
32          -19551.963142944856      
25          -13300.128652580708      
34          -23375.359945465851      
27          -13400.06265252609       
32          -16585.98651153874       
36          -21688.597005718409      
37          -29680.103856077167      
39          -34195.894419065422      
46          -41283.355714085526      
39          -27623.92574428664       
37          -29199.085876344485      
31          -15498.145078426865      
24          -6812.1544505797719      
17          -7124.992499740023       
35          -20719.889552621113      
28          -12755.688825522855      
38          -25771.614700245442      
41          -27309.359837994019      
45          -34238.647915395413      
45          -34770.316800209082      
48          -41393.104841527522      
57          -59736.929709057251      
58          -59954.200331791093      
62          -67134.504109020694      
54          -54192.240282742518      
61          -65442.057246376367      
72          -82765.516331201463      
51          -48428.090732855409      
67          -73356.369040509831      
67          -71546.281366537994      
62          -65968.543032566668      
60          -65540.445945262734      
67          -83788.251923340547      
58          -56620.446632615371      
68          -70840.129754646463      
66          -67203.451162101701      
62          -62689.690762327511      
64          -68721.552157292463      
54          -55791.970585249001      
49          -46417.270218061116      
50          -44845.146280257111      
47          -40575.125907124137      
24          -11617.090203903839      
33          -19718.597325219387      
33          -17620.672722988027      
29          -12145.640852112863      
39          -26778.314766222516      
33          -17993.258150465728      
27          -17533.503540173297      
28          -16420.101061955887      
21          -7860.5080532016473      
28          -13904.65088416949       
24          -10555.017840423447      
38          -23353.406857846912      
44          -31931.570409226631      
38          -28657.890113592028      
35          -25106.835366854062      
31          -14940.593144017874      
37          -21466.469960159651      
33          -22827.169136729375      
48          -41004.298201344827      
55          -55694.140609924601      
66          -73953.813070511445      
58          -63706.2383351401        
71          -88721.430278492015      
65          -72554.153570805414      
65          -77262.117417382178      
63          -69408.293274038457      
59          -63675.210916254589      
72          -85671.437761006469      
67          -75184.385174153998      
80          -104349.0879557563       
78          -102707.21273249686      
67          -74816.371404099467      
77          -92653.043496523722      
85          -118681.16735416878      
89          -125078.34284400323      
90          -129860.37639101675      
82          -114297.02071993663      
81          -113049.10475260812      
77          -97467.101258513692      
77          -91185.888781105983      
65          -71309.746041100021      
55          -50643.250494882566      
56          -52338.909509707533      
