510 1 -4127 35 35 35
92          -43987.723116884605      
95          -49586.848197681698      
100         -52549.251820007245      
101         -54146.824240543763      
101         -50610.975202572154      
93          -46638.546411018782      
90          -46655.13796336166       
85          -41383.432157647891      
87          -42658.103506542611      
98          -54069.131787821651      
101         -56335.513320646234      
101         -58281.628719797358      
102         -59536.017062838138      
97          -54246.829453808634      
96          -56010.190513737005      
97          -56520.080111038813      
110         -70053.589986391249      
114         -72386.558233310148      
110         -67960.069495279065      
109         -64916.896680420228      
98          -53711.763266427923      
103         -57233.797190351012      
104         -60631.064926833758      
111         -70238.285176205274      
115         -75523.349398757797      
114         -72310.814105655707      
118         -77761.123441961987      
112         -71297.504967463145      
105         -65100.768067613142      
110         -67724.278200696659      
107         -68213.521208598046      
110         -70223.679368205267      
102         -63929.136325914718      
98          -56364.990915108137      
102         -62415.865094475281      
107         -66735.420818605082      
115         -74072.467095595333      
108         -67678.415899494066      
106         -64728.685929075356      
108         -69282.701932214972      
118         -79371.199166770952      
121         -81936.642217369837      
111         -71543.123159509487      
106         -65846.653747774835      
102         -58628.553184281714      
102         -61471.731792234576      
115         -76596.983232283586      
108         -66377.768384631941      
105         -61684.640407797022      
110         -67875.018780890066      
108         -62119.172508993899      
112         -67979.17128905133       
104         -60641.701362417276      
97          -57032.036445743826      
103         -64656.389436890277      
113         -70402.280627225278      
110         -67930.601871213468      
106         -62133.915353887271      
104         -58758.064588627443      
105         -61249.416774152327      
101         -58218.738787989612      
106         -63064.239634469341      
107         -61627.810622303456      
113         -67950.617748975375      
106         -60846.327658933653      
106         -62963.631569171826      
106         -63724.614075586884      
107         -66876.100499643057      
114         -75162.447894965109      
114         -74173.332193066206      
110         -68904.666980465874      
117         -76508.30516477536       
116         -79020.801932809467      
116         -76042.245934491279      
120         -79920.185311192661      
123         -84568.959821221186      
129         -94666.906019632283      
120         -82036.624785762353      
117         -75722.246088223066      
122         -81391.252506374876      
115         -76945.461739872087      
114         -74401.743677292427      
119         -81551.905431704989      
117         -78716.822509852718      
114         -72102.520934007771      
119         -77997.095854996936      
122         -82293.529626227333      
124         -84825.221267980611      
119         -80074.302403212758      
120         -80659.39149744976       
121         -82058.181823747524      
121         -83703.150778063311      
121         -82679.947570128337      
121         -83874.164443849339      
126         -90138.455182063874      
129         -93892.649296772506      
127         -91290.548431175353      
120         -82565.089445930163      
113         -74234.744016852055      
116         -78363.01056344567       
110         -69678.243545555204      
