510 1 -4127 35 35 35
93          -138451.28212369143      
89          -125879.24351666585      
82          -105641.32014843421      
75          -89957.411210386243      
71          -84565.812648365914      
70          -86752.515667089581      
75          -88376.442271973152      
64          -70491.131993021234      
79          -102420.33416982778      
88          -115453.77009553746      
83          -115415.24605962257      
89          -130193.34822071224      
94          -141133.13018479024      
100         -161976.42811197517      
113         -204098.87760952496      
114         -211948.07683675468      
115         -213916.57152727613      
119         -223378.76619712307      
122         -236510.52605351861      
112         -205195.17036554689      
108         -192123.22061628426      
110         -197134.43625176937      
109         -190348.1154131025       
115         -202818.87446213176      
109         -187634.57015639875      
108         -188751.97073045798      
105         -176898.77250097771      
112         -193511.84595492732      
117         -209606.81639450576      
117         -216344.16339370681      
107         -183406.01439591305      
108         -187894.11885436939      
104         -167784.08720016791      
99          -161157.24850593149      
94          -153033.69899903535      
93          -149096.05044176683      
101         -166368.42035065178      
101         -165622.51640799409      
91          -138844.19540283765      
91          -142113.36568630458      
92          -138300.9816619872       
94          -143589.92601732357      
97          -152545.4991376836       
96          -147305.94265208198      
98          -151902.95243578649      
99          -155103.93711987115      
97          -154418.41621167646      
93          -143809.20578146185      
108         -188759.29992054624      
105         -178407.50830980382      
106         -183509.57595861272      
113         -207996.12507808383      
120         -226510.85848936409      
116         -218238.58134881619      
122         -236834.32762687249      
121         -236268.28305953572      
125         -253202.00551061329      
123         -242816.50800090295      
125         -249875.18522723735      
123         -243493.00779694202      
124         -252483.99867932071      
124         -252994.21442707904      
128         -271173.37939681945      
129         -272023.40382710984      
131         -280330.98233495193      
130         -275681.1093124554       
124         -256381.48793264892      
114         -223559.61143472817      
113         -217634.53974013525      
120         -231802.25257440872      
120         -230641.04774358938      
115         -212110.46339177262      
108         -190079.55403527056      
104         -181317.49785751684      
115         -206848.51273379629      
112         -194924.73389810434      
109         -197927.87634533554      
103         -182347.20071555875      
109         -195229.59155877039      
110         -193886.13485672415      
106         -184023.21287441597      
109         -193155.18909419322      
122         -230987.68922428353      
128         -257254.67786571005      
125         -245969.6433441884       
119         -224619.16023990681      
121         -235216.15914459527      
118         -224835.70349046536      
122         -241591.30119890647      
124         -247174.21351944757      
119         -228563.39506392065      
113         -206480.55320285843      
115         -214230.3938145024       
116         -219612.76920619115      
114         -208991.85020509586      
122         -235182.10819881805      
121         -241969.97510197831      
114         -215534.48335389458      
112         -201914.51538844267      
116         -213318.47074975169      
102         -176392.73116814846      
