510 1 -4127 35 35 35
81          -18607.733530671179      
87          -21517.615218221363      
78          -17649.415560826215      
69          -14850.388929379562      
69          -15716.359160149161      
67          -14177.245142422409      
69          -13562.865864112124      
60          -11417.425275656416      
56          -8813.0231961997797      
58          -9367.2753097798486      
66          -12495.424508670952      
80          -17100.73878002727       
90          -20477.61691515844       
93          -23500.760905186882      
91          -21925.422350866538      
96          -24347.861707943517      
97          -24963.480836038885      
94          -22383.99918369465       
91          -22161.792117370554      
91          -22375.380120630602      
97          -25618.497595527977      
94          -23231.142855779926      
90          -22802.787415440551      
100         -27673.185397635567      
93          -22804.482209945749      
94          -20969.342663045722      
100         -22549.630616312046      
105         -28555.092671931227      
103         -27543.575152284036      
106         -29063.986461927085      
119         -34798.608699089731      
117         -35198.459552649496      
119         -36581.451727316024      
118         -35590.59448296349       
110         -32464.868891519021      
114         -34387.851168627683      
113         -34450.875385837178      
103         -29181.335218165441      
100         -28045.694538470179      
94          -22941.936413798783      
95          -23774.764622923343      
96          -23937.114433819661      
92          -22655.60002176508       
89          -20483.110102656199      
88          -21022.470790871601      
77          -13425.851155267028      
75          -13994.918826602701      
70          -14601.894807495159      
74          -15129.90521099049       
76          -16074.105211699447      
81          -17144.677102819558      
77          -14723.603053959901      
65          -11658.582212826368      
71          -13034.949975624726      
66          -10019.296153942541      
63          -10168.027747133128      
71          -14013.543393030111      
65          -11230.324338703525      
70          -14631.508932045233      
58          -9751.1816111227636      
56          -9295.0217710622928      
57          -9662.2982458472452      
58          -9623.9253449417374      
57          -9280.9303660904789      
54          -8773.7575838074881      
53          -6487.4558985715303      
49          -6971.2346476700086      
57          -9677.9347282899471      
53          -9377.4928877537768      
51          -8456.7490057400628      
55          -8381.6018229805213      
53          -7220.6710728728822      
59          -8640.3373173194977      
51          -6721.6532071325018      
51          -5587.7878107530296      
52          -6231.6467929289083      
57          -7823.9193556075188      
55          -7536.6280872216166      
48          -5749.6916398294716      
43          -5955.6910505237929      
42          -4660.8501542306931      
48          -6357.6955094085979      
46          -4958.6521025751754      
40          -4694.2160806975144      
40          -4981.4036060019789      
46          -5421.5733206424429      
49          -6976.6456181069489      
53          -7236.422621950238       
51          -7192.993905935281       
42          -6038.5808579124205      
55          -4486.2513611892191      
63          -8375.1729003846594      
60          -11610.52932397503       
57          -9762.2064207174099      
70          -13533.096673410646      
68          -13502.143260669543      
78          -16901.736299382672      
81          -18531.414222478823      
71          -13612.70265446311       
71          -11474.21436749018       
68          -10782.500097544671      
