510 1 -4127 35 35 35
28          -3250.2719008656522      
21          -1547.0600845653496      
23          -1441.6257195181106      
23          -1865.7939212484819      
37          -3933.3114320412265      
32          -3194.2549793570038      
39          -3702.9766919868216      
39          -4524.3979174368869      
41          -5490.330707284983       
31          -3272.4974150653497      
40          -5029.603293286048       
35          -4569.043630790623       
35          -3732.6950393355255      
41          -4228.7874051058052      
48          -5110.7965934315152      
36          -2838.0437022854621      
23          -1788.3217030815797      
15          -309.69781258696247      
24          -1573.7465613180902      
25          -1782.6786359422438      
26          -1307.6547124218087      
27          -2137.2461136689894      
20          -1449.0999339048269      
13          -398.72683783593737      
30          -2983.2443882424664      
29          -2970.4621631711229      
21          -1187.6432321803527      
10          -168.86163265144822      
25          -1540.8365251959935      
33          -2668.2461381359108      
35          -3743.187583663751       
42          -5146.1907852543582      
35          -2947.5067596906028      
37          -5034.8064564680508      
28          -3148.047055515689       
31          -2729.1947610352699      
19          -1645.7743791253081      
34          -3255.298743925639       
33          -3246.6850791642046      
25          -729.48657488020922      
31          -2298.1114480887181      
28          -2148.1145602152542      
22          -1788.998322951712       
43          -5573.2061157630815      
44          -6258.6838490837808      
54          -7351.7654804152135      
54          -8148.9769710459323      
54          -6710.8900988396636      
42          -4485.4628539413852      
38          -3731.8008187244345      
40          -4638.3604751132525      
38          -3499.5446446939441      
35          -3443.3046185713492      
32          -3286.7649066078775      
26          -2329.2584810685908      
20          -1917.7503402920727      
31          -3180.7520420952105      
30          -2006.0144007545282      
19          -1581.2511763303817      
25          -1573.4322702077529      
28          -1667.7539586718417      
20          -1510.6696968698832      
19          -1214.1546086716946      
24          -1020.8022837828296      
31          -2646.8631451867923      
47          -6030.6687980312008      
41          -4865.9232262528576      
41          -5098.4148388041904      
47          -5744.4606664199027      
31          -3336.6683043029425      
40          -6534.0214794739422      
37          -4893.8686128915624      
37          -3882.6973858919332      
42          -4974.4761886555088      
34          -3256.7953946783136      
41          -3798.5771883506636      
35          -4628.5660840134005      
34          -3354.7149458395138      
37          -3350.4061826938778      
30          -2808.7050361616002      
46          -6540.0967422075018      
56          -8347.6179609821538      
59          -8988.1345504918063      
62          -10225.668090035022      
53          -7110.1864210393042      
49          -7801.0290587890095      
53          -7902.4320474984697      
39          -3943.5223509203306      
38          -3256.7607960823075      
45          -5527.7630028585081      
46          -5305.8702308582706      
42          -6010.1943206361266      
34          -4133.8676818508193      
30          -2282.3700385838147      
32          -1387.8870910738897      
25          -3085.7529841505097      
22          -2148.3789626678067      
22          -1746.0628481958765      
31          -2392.7192824898102      
27          -1782.2294737823556      
24          -1437.2340111771975      
