510 1 -4127 35 35 35
73          -86445.121354770628      
71          -80987.274489772215      
61          -62722.753377219065      
59          -52527.810171385732      
59          -62877.740615621748      
54          -63441.95653304748       
59          -66939.605159492072      
65          -72651.307259708512      
73          -90571.990594895557      
70          -79799.084037544017      
69          -84346.693707545666      
70          -90760.357252115195      
63          -74168.268165247544      
69          -82769.948318855895      
83          -114454.44150362631      
80          -107589.0117581192       
76          -89861.777258934846      
76          -91635.628762700377      
68          -80927.753089978054      
65          -76962.34330139024       
55          -60531.715970125522      
41          -37273.717370025144      
36          -36719.517235543128      
29          -28377.715251717513      
37          -31373.248894748904      
58          -60083.536788279998      
66          -75541.429197864141      
56          -59070.258172326001      
48          -46184.751066601653      
50          -44761.740797531427      
54          -46698.273972655443      
48          -40808.842432375117      
46          -42946.924000712548      
49          -36647.226995932026      
62          -60681.721758221618      
57          -50599.894320768479      
58          -60952.863791020012      
59          -59303.850008654335      
55          -49641.311103597232      
51          -46127.62764625116       
60          -60779.125059985374      
50          -42237.621821131041      
53          -40465.46550612479       
37          -25770.450003482678      
39          -25043.566978964976      
30          -18925.030370601406      
29          -11822.355582543232      
19          -8302.7714415400187      
33          -24683.115178560911      
37          -26683.943626303317      
47          -41840.198428477524      
42          -34369.672245436253      
31          -19976.562806171227      
36          -28429.610101675855      
44          -35456.02520955768       
44          -43152.612052787808      
49          -50172.716443020618      
56          -59605.895750227544      
58          -60192.680449191867      
64          -70875.278007543006      
65          -73105.455874960127      
59          -59082.776638877564      
62          -61473.876025007841      
62          -57128.634967135942      
54          -46244.342775407036      
45          -33968.567875550885      
46          -40698.176211009828      
35          -25506.970895790426      
35          -15686.311480908862      
23          -10212.254935103068      
26          -13594.930644750879      
30          -17669.83494610569       
28          -17255.747698104107      
22          -8438.8130662435015      
23          -7601.009578597299       
28          -12618.650033614729      
29          -10470.239389613131      
24          -10566.141218072526      
36          -22492.407552707871      
51          -43567.818794336927      
52          -56217.85132098724       
53          -51555.37505314048       
58          -54055.344625750615      
64          -70663.717758842366      
73          -89378.986413340011      
64          -67821.283282215096      
51          -41765.326771798151      
57          -58738.340293295099      
55          -57878.249759723614      
47          -40461.613905083381      
51          -50402.414290886445      
61          -64274.888317909979      
62          -73457.793958840863      
70          -87219.988594831622      
79          -111435.73213743226      
74          -95210.293313967093      
72          -95190.36088209576       
80          -107987.76606948039      
69          -84899.404571799023      
80          -106520.53830234939      
78          -94063.670649391803      
