510 1 -4127 35 35 35
119         -233682.25145520514      
118         -231632.56067183756      
121         -236371.87828211134      
119         -232603.36182037005      
120         -233942.34334432264      
123         -244540.74080099183      
121         -241588.86829085476      
126         -258567.07903370401      
126         -263305.89416180464      
127         -264747.57663616346      
120         -234985.27456244489      
119         -236319.41160599282      
115         -220385.46505981576      
112         -209863.76725244589      
116         -221154.67468242566      
109         -203448.36421973986      
101         -181468.34723810203      
104         -182773.63661911729      
106         -184543.64425441116      
114         -202495.98247814045      
115         -215925.65232364408      
117         -222668.24250773425      
120         -232059.79068504533      
123         -241465.00060815731      
123         -239574.18595612916      
123         -242157.23024528642      
123         -233275.35691589038      
119         -227018.51551309909      
118         -225430.39000856318      
120         -229588.86757453575      
122         -239909.53088521771      
120         -237488.58671990884      
123         -242989.60377202049      
126         -254519.55641028198      
124         -243687.27747460609      
123         -237252.86933199092      
118         -222269.72320507834      
124         -244572.82104420991      
115         -214965.103707859        
126         -250683.81892647131      
126         -253012.78274512955      
122         -240931.92399264855      
129         -266983.34073317639      
127         -262639.33935827075      
122         -245808.5452371164       
115         -223685.09872482496      
122         -239708.18880135863      
129         -263748.5169614912       
134         -284942.21023666085      
130         -273671.38223191036      
125         -250940.63566107288      
126         -251998.816128509        
123         -243627.58084575593      
123         -246535.19382124988      
120         -228798.22774719202      
122         -237687.82166241587      
124         -243415.97268071244      
119         -233203.64404726936      
123         -241634.46054580086      
119         -222940.53410144575      
118         -222718.34254633082      
110         -198384.64199200252      
111         -199142.37267984878      
114         -211772.41681153039      
124         -240016.70275595682      
123         -238092.62305648869      
116         -214935.30715629502      
115         -215943.30255600822      
113         -202918.5830024835       
105         -182169.83288406496      
101         -165416.29678662593      
94          -146281.68870458717      
101         -161112.90256986691      
106         -172535.08291524474      
104         -163359.56784387154      
106         -170870.20923041017      
103         -167941.80276663753      
102         -162739.39678442691      
97          -154776.51714970247      
95          -153115.40167724399      
98          -158624.91072487165      
93          -138721.33773691824      
94          -149633.27861387012      
102         -173602.48376655724      
104         -182467.77928002621      
106         -191737.62979403444      
111         -198435.26152666748      
108         -189268.06753054084      
103         -175418.02232158347      
109         -195529.1721020265       
117         -217091.56781671609      
119         -221904.38809457608      
112         -201733.28469918011      
110         -193697.64114365264      
113         -196106.00635655483      
115         -209840.58541537798      
118         -217641.46514777094      
109         -196309.01367520043      
110         -193672.7444376488       
105         -163761.85276162121      
108         -180692.32720121552      
