510 1 -4127 35 35 35
35          -24845.650053174195      
34          -21487.164214801804      
32          -15546.823998337422      
48          -38229.586086999123      
46          -42183.306328930077      
44          -35109.524319472883      
36          -27624.343820967137      
37          -27010.961801916135      
28          -14730.160711781587      
34          -20685.670098046125      
37          -22072.417530146216      
23          -9659.2227862648724      
31          -17941.61715446115       
44          -32555.151243964203      
60          -63028.866849838079      
61          -58144.981573632831      
59          -60044.355411894008      
58          -59337.580253418128      
53          -44428.64015244499       
47          -40707.618327966637      
52          -51520.381699085068      
43          -41611.202340473472      
54          -57558.741284910211      
52          -53819.336590751671      
41          -38934.365301454221      
52          -51511.146735285525      
52          -50871.463868675419      
48          -48748.518880777316      
46          -34462.441400141324      
43          -30160.097513224042      
40          -28791.923086341598      
39          -31018.681395289495      
44          -38741.26816485879       
48          -43924.715895095309      
47          -44720.816289812006      
53          -52647.100932795453      
65          -67905.368850394269      
59          -59691.896904043177      
69          -72982.167962961277      
56          -53052.362054663026      
52          -44762.6253630141        
47          -40649.070709239262      
46          -39238.607980732551      
48          -42040.816675607603      
47          -42247.67228748589       
36          -27658.024478643682      
33          -26123.55031260712       
51          -45023.038694975323      
58          -59802.185608601074      
56          -56068.192450319038      
58          -52188.500718260191      
68          -81141.76059449451       
69          -73932.814890538182      
70          -76235.341833693106      
71          -82697.508863233146      
74          -93343.282688480278      
67          -77059.469634208959      
75          -94289.863732526836      
79          -108652.32905601812      
75          -87785.372981839129      
62          -68193.036923282081      
55          -57680.804768837465      
71          -81229.739620394132      
68          -81171.553677893782      
71          -87199.553034933604      
68          -81067.03149450109       
72          -80127.044874548257      
74          -76320.875457070055      
69          -74085.199742096534      
68          -72968.612147082385      
80          -93684.591806486118      
73          -76434.505328265732      
70          -73424.846782164255      
71          -76759.970509252016      
82          -101779.03803454949      
74          -86667.473555788543      
68          -80356.436635249396      
62          -63501.836937284686      
61          -59577.939591692295      
59          -52514.987323726338      
47          -39011.927606442201      
57          -55571.061146333057      
57          -57777.524263806816      
63          -68472.301598789243      
55          -56118.541163757684      
57          -59317.157500377456      
60          -64666.862822447474      
63          -66747.660115891369      
69          -86462.570050829672      
70          -81887.025506259422      
80          -112855.20479151302      
81          -112385.12746743139      
83          -117587.09941779591      
80          -106436.64801244998      
72          -84876.457205712621      
61          -65698.020658445501      
55          -50586.406532143628      
49          -38507.867532198085      
37          -26722.487241261915      
38          -28691.081866781027      
34          -24900.765731429772      
