510 1 -4127 35 35 35
109         -69370.738387075893      
105         -63169.8204690938        
98          -57197.527191953101      
102         -62899.63332299568       
107         -71523.586429776202      
100         -62717.573454977384      
99          -59343.092974105399      
103         -62795.9332727605        
103         -63333.444503887447      
109         -68641.532093619055      
106         -63595.609636944784      
110         -65830.48974328363       
100         -56482.547418023561      
109         -67953.777679583494      
114         -74313.686104351276      
120         -82242.496690048181      
117         -76401.114221366763      
115         -75295.743624083523      
116         -78464.865169168261      
114         -72648.965279269833      
106         -63566.213707833398      
107         -64432.148903934809      
113         -70352.097613069476      
106         -63918.482036087065      
102         -60244.501660474954      
92          -47618.539234809912      
92          -47798.156138307182      
93          -51759.105170174866      
102         -59341.060575263466      
100         -60531.229573368342      
104         -62433.149299109849      
102         -63412.641949095712      
105         -68612.976774918294      
108         -73297.866812321241      
106         -73849.257823179738      
114         -78825.172281445863      
114         -76280.287815418764      
117         -78183.166816949175      
117         -78433.752045114466      
107         -67456.224039151566      
113         -74327.673339268731      
111         -71481.915698037235      
112         -73781.194456620709      
123         -86609.907515697312      
130         -95544.255462417306      
126         -89121.717425747134      
121         -81901.327298596123      
114         -75637.346483495057      
114         -76391.077755438135      
116         -76616.032509112207      
120         -79156.015899281876      
128         -90078.029437423975      
126         -87350.491206553022      
125         -88712.719253967138      
124         -85439.622524523307      
120         -82701.974283237636      
118         -81069.863100737741      
118         -80633.81046040736       
107         -67894.65495158422       
102         -60187.988922824377      
102         -58384.849687401969      
111         -67806.311618369815      
114         -73208.148629798598      
100         -56406.588924413969      
99          -57783.400159331519      
106         -63589.320594087803      
97          -54843.572650527552      
98          -57329.332866069191      
97          -53552.231642466446      
99          -55698.961827859443      
88          -45545.448307180326      
82          -40772.485429587417      
88          -45613.549734216685      
86          -43863.134827373957      
82          -40505.752463393481      
88          -46038.258952964512      
91          -51120.705890004305      
95          -52035.407279122548      
99          -53875.839041959523      
100         -55694.466281459259      
100         -53520.906643362861      
93          -46707.581998989532      
103         -57426.223919675314      
104         -61037.386073056186      
107         -63581.42528493196       
102         -58348.687328833366      
102         -63657.467925915669      
98          -57323.748849164971      
101         -59114.581999852271      
113         -71352.905826758302      
113         -70571.945438461495      
112         -70439.70744659075       
118         -77708.758018707435      
112         -70590.804070446378      
109         -67975.229427177866      
108         -66704.66721850005       
104         -62594.7991323159        
104         -61841.888714266497      
110         -70430.390484146774      
107         -64730.064011287846      
102         -62974.266316711         
