510 1 -4127 35 35 35
94          -146305.72730766068      
93          -139846.56693596923      
92          -131913.66655804368      
85          -116822.15335509361      
84          -113117.94336158133      
79          -101976.68683312531      
73          -93648.656610142425      
79          -101049.93402407601      
79          -102433.95454812146      
78          -100489.04866871749      
75          -93082.746205011179      
69          -79282.007343138335      
79          -107862.01838869578      
80          -114799.11407329548      
83          -110792.49287906145      
74          -94757.203332429373      
82          -111230.12992305245      
74          -92424.591867690382      
80          -106627.27085315571      
71          -78086.422705341916      
68          -80101.221500391781      
64          -74261.648080299841      
73          -90185.285337392401      
75          -93027.696544656588      
82          -113560.94625270813      
76          -104394.54909136586      
66          -76497.566998228722      
60          -64374.478426142879      
66          -73035.617050789966      
61          -63348.240111116349      
59          -61859.860771745938      
54          -57999.736629359075      
57          -55306.210688697931      
59          -63204.799472668659      
61          -64873.871599629987      
72          -93804.795315964497      
70          -84001.542325661852      
71          -91261.485869774682      
75          -92152.954627733459      
79          -105562.34881763978      
84          -118344.94511959437      
82          -117594.97602832918      
91          -134504.79014859718      
90          -139000.20209375076      
101         -166019.57342567289      
94          -140053.77000288485      
92          -144098.02780060214      
90          -135166.68235107185      
81          -114155.7893203408       
76          -98785.42998392116       
70          -81406.00727199034       
79          -103180.39287116996      
73          -98522.773706579275      
74          -92835.142380216741      
73          -89284.891632577972      
77          -99877.518638245645      
64          -70994.719345298392      
63          -69394.893213665608      
66          -72467.723943547782      
79          -100072.59875612569      
94          -142324.34347978825      
89          -136799.43718374238      
91          -143788.34134066143      
94          -151213.63523684486      
103         -172481.5008521112       
110         -198865.56952894118      
111         -200600.84287708497      
123         -239366.09658557241      
126         -253094.98696848797      
129         -257464.75699774694      
119         -228088.85402820553      
108         -191426.41541193184      
100         -172926.20216750086      
95          -154415.4737161753       
97          -162317.76402810129      
100         -170281.90069703982      
102         -179234.10205366893      
108         -192023.18666949021      
115         -210874.98159890028      
116         -216893.75914730178      
121         -233593.97082654302      
118         -224130.59809870459      
118         -222857.94763008709      
124         -243247.65440381851      
122         -233896.1918977598       
120         -225583.72636741432      
128         -253160.92917266468      
129         -262217.92129318841      
131         -275491.45437290822      
134         -283292.25790485897      
131         -274833.00269569503      
132         -278155.30091506784      
126         -256056.49318092811      
119         -233220.72287129689      
117         -221943.02644172506      
121         -232672.13670608567      
118         -221554.60803647598      
121         -239383.62916206729      
114         -215178.29958732228      
117         -224333.93912493627      
112         -209819.55013284064      
