510 1 -4127 35 35 35
110         -29171.368560871069      
107         -30961.704466832234      
113         -31365.436326388459      
118         -34768.611885165614      
114         -35044.890446298676      
114         -33272.092328808212      
108         -30582.408975043309      
113         -30743.437516424303      
102         -22555.87705136578       
107         -27802.626634768414      
116         -31046.340982168142      
116         -30950.248794433508      
112         -30317.399592080314      
113         -33780.583815622325      
115         -34638.663697575314      
119         -39102.55522262209       
127         -43616.543435717969      
132         -44235.969428410208      
131         -42628.255482159635      
130         -40603.899300384808      
125         -39390.670251895514      
121         -36105.183014936396      
127         -41089.539349087303      
122         -38757.465241743157      
118         -39148.788409036293      
117         -37323.682980235892      
108         -30692.885233542955      
103         -29708.614905774124      
98          -28028.350334541545      
97          -25533.476781236586      
99          -22726.215587724313      
92          -21643.239997020046      
86          -19845.072554718594      
88          -17695.926138822764      
95          -22636.339781026767      
89          -22069.209250745731      
88          -18703.062573083524      
80          -17423.705675490561      
83          -19377.4836226443        
79          -17468.857459554547      
79          -17691.037007796447      
95          -22944.466699096873      
100         -27081.452707419769      
92          -23658.927958679426      
88          -21307.609783929584      
88          -21541.231230723461      
94          -26457.086554958361      
98          -26104.350049276756      
109         -32329.32967370157       
114         -34904.932801445219      
103         -29460.688400938743      
110         -29465.758930549116      
113         -34233.787920421782      
116         -33406.845855433588      
116         -35853.578937299761      
112         -32686.744952110977      
110         -32190.573304180132      
112         -35106.364684070802      
125         -43635.874965450756      
121         -39615.564835288897      
119         -40217.216459203672      
126         -42957.673617925218      
119         -38414.724900325207      
120         -37403.949647317175      
116         -36096.00766622353       
121         -39375.383322422342      
121         -37684.396522977499      
123         -41089.471863618106      
119         -37662.813932717414      
113         -34391.488414759508      
109         -33250.045898097043      
113         -35768.469429234901      
122         -41905.563497904259      
125         -42033.633892593731      
129         -42925.514852873908      
128         -42756.394535529791      
125         -40091.237732574315      
122         -39121.763170218044      
121         -36282.068818648891      
116         -34856.4366137994        
103         -30096.236798985843      
115         -36253.206894178758      
109         -32855.899925199279      
109         -30440.824866034756      
116         -36595.006992378301      
117         -37149.765676633499      
116         -34471.94400560917       
118         -34590.484162340937      
124         -38112.458816874714      
127         -42351.769534749488      
126         -39797.976877908237      
120         -35948.926683832469      
117         -34459.568017849422      
109         -30968.783356494281      
116         -36241.299779843022      
118         -36193.05736385558       
117         -33801.76301695851       
114         -29905.944334736228      
112         -28779.756231872278      
109         -26188.93876120212       
109         -26980.436824763852      
