510 1 -4127 35 35 35
112         -27604.267289960335      
106         -25623.810015450053      
112         -30615.279251986074      
103         -23809.375207679721      
96          -21750.078234263929      
100         -24744.838782339288      
110         -28314.999247514064      
104         -25857.422503009955      
108         -29259.808050893294      
105         -30024.774174687147      
100         -29589.36620702803       
96          -24458.354853669131      
94          -22201.295189244036      
88          -21660.490590645713      
84          -18276.786517834549      
81          -16614.544875419437      
90          -19553.713393743128      
96          -23906.583136615664      
93          -19650.620037155859      
98          -22296.758968814822      
87          -17260.692722081698      
90          -16670.997777565783      
94          -22033.023617162897      
96          -21581.977600216196      
103         -25102.663217982859      
103         -25977.741139729918      
103         -24749.321310589508      
106         -28180.441088709245      
115         -34019.840480240346      
106         -28005.45912744803       
111         -29404.605167053487      
108         -30824.444685711962      
112         -30782.569195156648      
110         -29977.833200405701      
102         -27765.118062911795      
111         -31631.019443161498      
112         -32321.203405460492      
111         -31352.378481215601      
99          -26761.426992710054      
99          -25987.476135301717      
101         -25297.860737070889      
105         -28390.722086179696      
107         -30804.893561260811      
108         -31923.975919824064      
117         -36646.17404678747       
109         -31950.159470992276      
108         -30563.279042525668      
105         -29262.538806224475      
107         -30665.549683768109      
108         -30392.376034655397      
114         -28804.740048922693      
112         -30771.787145928676      
116         -34786.569997602841      
114         -35214.340167568582      
113         -35999.000788231962      
110         -33206.612092857788      
123         -40316.878206022797      
121         -39023.861206137444      
120         -41017.808326867002      
122         -41820.737276819549      
119         -38197.197366291279      
114         -36963.585881727871      
125         -42826.750504982585      
126         -41550.762325842945      
128         -40206.188394721976      
122         -40377.846066238992      
119         -36292.86082693981       
117         -35359.660684836686      
122         -41026.248737305119      
120         -38881.416493122204      
112         -31190.285926645895      
105         -29929.458451649589      
112         -33315.537904986326      
106         -27255.06214225214       
102         -25448.491512695637      
103         -25990.556453957786      
105         -28421.682606109178      
109         -30943.268494954766      
99          -25805.947987948588      
105         -29912.625219156092      
105         -28503.250855638602      
100         -25607.561283792867      
105         -27845.042384166925      
97          -25653.224467510336      
98          -27514.80037625938       
96          -27507.808691535254      
105         -27664.634860748287      
104         -29067.101997809499      
111         -35653.711652114427      
117         -35256.255908471583      
111         -34172.563385490845      
115         -37366.462431878514      
117         -38981.271689337278      
121         -41562.41367797304       
119         -40816.35706888327       
110         -35497.859302708071      
106         -32026.503336742127      
110         -33420.185688516314      
106         -31463.130231558724      
111         -33694.577223787608      
117         -36473.912830821835      
