510 1 -4127 35 35 35
32          -3261.9975818774897      
30          -2397.5523478714695      
17          -866.37606581131524      
27          -1728.6946407096318      
26          -1971.8563923763511      
27          -1662.1921391141125      
31          -2012.694111830961       
33          -2752.9692454451811      
33          -2131.5591772002958      
47          -5922.8205651402368      
35          -2894.5112106673123      
26          -1763.9792691450784      
20          -1368.9698272690505      
18          -1588.9243303454177      
30          -3529.0225253708086      
32          -4111.1272500942187      
41          -6009.3019520430398      
44          -6131.4646845029829      
34          -4426.2191415569196      
38          -6207.7164533200275      
46          -6385.1431469709923      
43          -7711.6699159491645      
37          -4853.2623234313296      
53          -8743.7901430307084      
62          -12415.422240378692      
67          -14572.619912485847      
79          -17930.291031183409      
79          -17391.368713986649      
98          -24387.000324129094      
108         -31873.796354171198      
105         -30209.89994905546       
103         -27406.299971114498      
105         -27980.911559745065      
100         -24817.047811556902      
93          -21734.183499860039      
96          -24841.133967235775      
88          -19943.819305801222      
93          -24007.762722638032      
104         -27450.656417975308      
102         -28610.411669013705      
98          -26058.449432827056      
106         -28542.813340145152      
105         -29916.280545024722      
105         -29263.37553784113       
110         -28211.61632199835       
109         -30910.645213855627      
112         -31630.5799736107        
114         -33489.644841507899      
115         -36754.466637010715      
114         -37133.357940095557      
122         -39763.85119584723       
127         -39583.397343295976      
124         -35627.602686166603      
126         -40631.642225631971      
126         -40138.066816734819      
119         -36761.274267901099      
122         -38269.102627819389      
122         -38516.679123739195      
123         -40349.519232826264      
126         -43442.263768280951      
129         -43679.620193844232      
130         -45292.15575897973       
128         -43483.390259811255      
135         -46720.748947968561      
132         -43390.292786813196      
130         -41570.463084067072      
131         -42958.176821082743      
124         -38998.398289313991      
120         -37132.964671161651      
123         -37998.488871698588      
120         -34167.4431817566        
125         -36821.454906906896      
122         -35468.583560568739      
127         -37798.642543880647      
128         -38567.691962994628      
127         -39985.805790840328      
126         -42388.946216927965      
128         -42779.200248257206      
126         -41151.026744424184      
129         -43486.722609687764      
122         -36971.560318296339      
125         -38085.827822900115      
119         -36765.378524682455      
124         -39552.160848919651      
118         -37932.597930443524      
119         -38043.070308020688      
115         -35979.661749248531      
120         -40429.716371404145      
119         -39067.375903717191      
128         -43544.934906710769      
132         -46377.833509765129      
131         -45273.321732715849      
131         -46560.642466500838      
130         -43550.033481430502      
119         -38051.37267112152       
124         -40735.604379358119      
124         -41830.71778618978       
126         -42790.520222135958      
117         -32571.765461147326      
119         -37746.523969078415      
119         -37930.750236333959      
