510 1 -4127 35 35 35
56          -18717.5035798061        
52          -15887.602887127465      
57          -16167.420299824036      
62          -21833.26646353734       
61          -21527.968482752         
64          -26269.649282127371      
54          -18530.471230999865      
51          -19274.256750461744      
49          -16687.476941407964      
36          -9817.4292412270333      
51          -19278.05476085655       
41          -13966.344484976924      
44          -12594.648924277879      
32          -5006.922668507581       
35          -9308.1757292102338      
38          -9392.5937562047675      
40          -8522.8160883193541      
41          -12180.875495218232      
32          -6176.7566436369252      
31          -7731.5674310810664      
33          -6190.1376748767061      
32          -7153.1465091572263      
33          -7620.6659867748785      
32          -5964.9571925107193      
37          -9144.7402994224394      
39          -10026.466109215027      
38          -11598.709665343844      
39          -11393.521187648126      
28          -3375.4693339336254      
22          -3490.5854443654375      
22          -3511.4539665407751      
25          -3260.4201918096664      
21          -1935.0716519478335      
21          -2436.9807909347796      
23          -2678.8352251416909      
21          -3028.1380646894313      
31          -6923.5313777728952      
38          -9020.9361386231067      
27          -4678.2885714387412      
25          -4241.8937155522253      
34          -5119.9026865266278      
36          -7115.2875526580601      
36          -9054.364131569595       
34          -5982.7950694850197      
35          -6166.6074415545054      
27          -4744.7770057537755      
21          -3118.4124788533004      
32          -5609.5393456164657      
22          -3445.3309485896129      
29          -4641.2929259281127      
28          -4487.9096194805743      
29          -5570.65599742014        
42          -11832.790266033999      
41          -10167.676454580056      
39          -9324.2648588143475      
45          -11911.303912511972      
44          -12690.962786957569      
47          -12669.217597993971      
46          -13801.430917187128      
47          -14732.501027354449      
41          -12027.648460779959      
40          -8989.3749431306078      
30          -4920.5717841460946      
42          -11352.351800122926      
42          -12894.941691073114      
41          -13699.382239026349      
41          -12450.271736145167      
42          -10710.60111230851       
32          -8454.6442327723271      
40          -12679.414596702056      
41          -12135.153121906062      
46          -14937.577930043841      
46          -14306.296842911903      
44          -11835.914909918154      
47          -15137.747602704319      
38          -11078.220116419925      
43          -13776.920168349019      
43          -15058.490439073354      
51          -17717.537617528134      
42          -9876.3593460253305      
46          -12171.240236242302      
43          -15134.376185035255      
35          -8660.5733854652335      
37          -8066.3819933568948      
31          -9646.8001664838921      
31          -7011.4100517937659      
23          -3804.1836556775629      
32          -7723.7362815298784      
42          -11292.80439920871       
42          -11371.77203313459       
42          -10553.879622777171      
45          -12674.050427589311      
31          -5979.1486965583263      
24          -4790.1278055429375      
26          -5961.6791892746878      
48          -14978.265443788885      
38          -11723.005132866772      
35          -9608.6883793633606      
39          -11226.751993198392      
33          -6657.4702994984236      
38          -10311.919263435451      
