510 1 -4127 35 35 35
117         -218230.40127860129      
117         -220682.53831764267      
123         -237154.09118718197      
125         -244033.95534193184      
123         -236948.92383849778      
116         -216123.13569617685      
108         -199994.29600811785      
121         -237493.57990608716      
122         -243150.97236828587      
125         -246956.72093163844      
108         -196613.62141131613      
102         -174399.69519397058      
100         -169774.85690047359      
100         -169105.83399703749      
101         -166219.95718393772      
103         -170903.56224203302      
99          -164195.09023849864      
101         -166161.36552733625      
105         -176199.7337043451       
101         -161333.65372477967      
94          -142986.05536809922      
94          -145507.43296621367      
105         -179892.51985565902      
105         -178789.34563925859      
103         -168223.71881598205      
96          -155882.95949305262      
95          -152074.07366021455      
94          -149855.17196467123      
90          -140885.84906370169      
91          -141982.20648962358      
98          -162516.98700143886      
103         -174764.35456798499      
106         -180264.44487187063      
103         -169139.95757839366      
116         -205891.71539351394      
111         -196416.68133094316      
109         -182283.63988304776      
108         -176192.37900912089      
103         -165015.3829950972       
90          -125935.51651989718      
92          -131655.1305936088       
92          -129513.64806265626      
85          -114155.68103420528      
77          -101285.70172729412      
87          -131143.60228179654      
88          -141128.99424026668      
85          -130709.72226022306      
73          -97799.119011161209      
85          -115171.78958144263      
85          -113688.70053560939      
94          -140210.65796280938      
88          -132028.90086787651      
89          -128784.07778433303      
73          -94117.213321832969      
75          -98297.805589705444      
71          -90877.127791775638      
62          -70646.300045828655      
69          -80693.01431911705       
65          -72323.721394868742      
67          -84753.566940583973      
71          -85316.809717195094      
60          -64529.750289196774      
64          -74245.044572944884      
65          -75246.643978536915      
66          -79453.772583326994      
68          -79523.054620707509      
62          -74122.399408900426      
49          -51348.591364208245      
60          -62205.438916711013      
59          -54850.248866360373      
54          -51066.950507644411      
57          -65236.212105089617      
52          -51812.989360246545      
61          -63244.928761572941      
69          -78715.331141508708      
66          -72211.364358912047      
66          -76733.475085546117      
72          -82388.681342931013      
63          -65336.667715902724      
55          -49559.55718971906       
57          -56133.488829698188      
58          -64394.992716700923      
55          -57693.482810399793      
62          -58753.711594341607      
56          -51404.36039498898       
49          -40774.459683720524      
45          -38398.083563496228      
39          -23744.252542976552      
29          -20670.46548271432       
32          -18632.84649047667       
39          -24322.777849787701      
39          -25978.084196853655      
26          -13797.696892252021      
31          -18394.937225278871      
32          -20658.211995024096      
35          -29785.125556340987      
24          -13952.152250848452      
20          -8696.3803698730426      
25          -11608.597631153289      
19          -5092.7345413127432      
26          -11521.834907060005      
