510 1 -4127 35 35 35
88          -116597.27434083432      
92          -130848.61769810822      
94          -146378.07524667776      
99          -163300.09797675529      
97          -155971.2795778446       
92          -138711.43568314309      
90          -137045.73261221655      
96          -151661.64843208538      
90          -130757.18783645016      
96          -147143.68721152822      
101         -157556.32325695225      
96          -139299.24216397016      
101         -159072.51374405937      
102         -160443.27275560726      
103         -170146.64375329926      
100         -164105.46889446594      
99          -152667.92531458923      
98          -147277.30054312889      
90          -129222.2276350008       
102         -162298.95724025177      
97          -152769.84922044113      
89          -127503.07885173995      
91          -137285.35888561321      
97          -148782.38002995239      
100         -152452.26833454799      
100         -155025.59211980103      
94          -137759.36776613217      
93          -136247.20900268591      
89          -124318.24311129066      
85          -113361.08839208409      
83          -111460.56560092147      
83          -106849.14574483312      
92          -130465.24371911527      
87          -123019.19238970857      
96          -146375.89163143653      
94          -139474.3154140097       
87          -130505.85787389669      
87          -131470.76865762446      
89          -125448.27329739156      
91          -134889.68212063462      
88          -131602.6740452486       
89          -131804.91306008518      
87          -122193.37309910869      
85          -117652.744142134        
81          -106469.6582088385       
80          -107950.61548764212      
78          -110113.56982098878      
77          -109686.65393690331      
80          -120740.89827246587      
75          -115198.51922057377      
76          -106745.52837696562      
79          -108868.33562926593      
81          -113128.26486417525      
82          -108328.19098840264      
82          -110735.45460568611      
88          -125045.48615042266      
86          -116594.79555961271      
88          -120481.96697285291      
85          -118207.5063444431       
79          -103514.05512083691      
82          -113875.24719342204      
78          -101928.0050201074       
75          -96844.574196015135      
78          -107672.02740780389      
67          -82371.511351001973      
71          -93164.201854364888      
67          -82519.468806142861      
65          -80193.098517900828      
69          -79028.401511391014      
77          -98555.140829994052      
82          -108416.17180580513      
75          -97628.255851196707      
83          -110923.43558863249      
76          -103586.17464007709      
67          -81792.061421800958      
69          -77584.656544125086      
52          -45962.115694827015      
66          -75178.78366788596       
56          -60045.706218426305      
49          -48404.92984025347       
56          -57434.494397236223      
58          -54975.331149682919      
48          -47487.740595574527      
35          -29938.560958969654      
28          -19185.393940478923      
22          -11410.372353976371      
26          -13019.817947656466      
20          -6875.4917929649828      
30          -15509.280569806138      
34          -20512.969713382168      
17          -8486.8178184813823      
26          -12044.904360479975      
28          -14085.082269950184      
33          -18962.345207257174      
48          -32779.184598378735      
28          -15880.164761208565      
19          -5436.3365332481653      
20          -10273.477702553329      
20          -13301.320579147754      
22          -7921.2441701393909      
26          -12969.48241504758       
