510 1 -4127 35 35 35
42          -31609.699888825082      
39          -27042.857127553398      
29          -14383.020111536456      
38          -28857.764672113077      
31          -16426.87455908578       
30          -16210.508923430258      
30          -17233.840596638885      
36          -27858.877484806573      
32          -27062.593042339868      
35          -24444.677119027187      
41          -29671.535967697124      
35          -17258.20841272255       
34          -16171.083931603609      
39          -28284.394830382211      
22          -13439.554164139756      
31          -15863.03054171797       
40          -30315.962294830144      
36          -21996.179035615722      
39          -27483.358425495135      
30          -18936.184027035033      
33          -14841.068242550762      
33          -19798.446771686809      
33          -21261.737152323454      
32          -19049.945488743782      
35          -25290.192454559106      
55          -52669.892251936173      
56          -60084.482328362617      
60          -55169.040614645732      
57          -54587.573336114263      
61          -65064.549895533601      
68          -72304.234531653157      
65          -64588.082018985013      
63          -64038.753414848004      
49          -38870.377343125474      
47          -39449.113745295916      
47          -38547.883089949224      
40          -35884.094327690524      
37          -29546.131814934641      
37          -26038.027809728563      
37          -25417.553469991566      
44          -32263.797152362837      
48          -36905.285927089026      
43          -30156.963025990706      
36          -32866.155895915384      
32          -26672.497531961788      
23          -11499.713302960714      
27          -15571.547926984487      
35          -21913.902125523109      
29          -18981.562056246497      
36          -21343.938846974794      
35          -19548.449723749076      
32          -17128.691343417224      
42          -30252.567578457856      
27          -11443.644354852911      
27          -9841.0767192987678      
29          -12895.692525989025      
23          -7440.1624144643911      
25          -11822.229874863755      
28          -14600.928850564826      
35          -23091.759661097818      
38          -23562.418327858795      
24          -11920.168666828649      
30          -22789.89225433872       
38          -27171.043402358689      
37          -22458.844941356107      
36          -21219.818816031686      
39          -27999.205518453022      
49          -48046.672660864664      
54          -60319.017571488999      
48          -46565.610652896903      
36          -26941.096654235178      
28          -13908.746170715418      
39          -24495.001512380481      
42          -35817.858469091625      
36          -21423.911097403827      
34          -18844.982465232009      
27          -13452.635643600812      
18          -6527.9535491768765      
30          -19469.883746104722      
24          -8320.8169541944681      
16          -6768.7931463468021      
24          -14701.513255895648      
36          -26514.682402299506      
44          -30275.763713423046      
54          -45720.467745312744      
46          -39181.671520381235      
50          -41597.542664259527      
39          -29050.103555940412      
34          -21489.910637849072      
41          -28581.995613475458      
33          -22584.322655084186      
34          -22547.102926370069      
33          -21347.215559617347      
23          -10156.636138411364      
31          -20871.305764590667      
30          -28122.21725717228       
32          -19926.552789839247      
28          -15218.047160265807      
27          -14437.227100950597      
21          -8735.1657465311528      
28          -18351.225557098278      
