510 1 -4127 35 35 35
88          -44396.089038749029      
89          -44653.232977162334      
94          -48347.792321227476      
96          -50341.042734818599      
102         -54778.252992537542      
103         -56143.890547961193      
93          -48066.163983620288      
90          -46830.425972681645      
88          -44507.414901838427      
91          -45957.316598851205      
97          -54789.11378458135       
103         -62013.163641646875      
101         -57359.23985541056       
104         -59886.119262283974      
107         -62758.576685419874      
105         -61431.15321041987       
106         -64151.957929309137      
109         -66221.996950269444      
108         -67319.067627416283      
113         -71469.631953211414      
117         -77478.489923332498      
110         -69816.522187853523      
102         -63221.381063850662      
105         -64724.35279726841       
109         -71508.305753860739      
111         -72844.095418607234      
108         -70621.409275181912      
115         -76373.673171459406      
119         -79899.585401312055      
119         -77761.498994173962      
121         -81204.61211085369       
120         -79138.669980726321      
118         -77922.791852868366      
111         -68123.562537416321      
117         -74786.690214362781      
115         -72907.21524834304       
117         -75989.997026928089      
121         -81801.467013823378      
111         -69167.439829641575      
110         -64759.089128599808      
109         -64166.723151582635      
97          -52581.412919189199      
94          -50619.964183926961      
99          -56810.704370613865      
93          -50243.208816699385      
92          -50474.679182743144      
83          -41143.997024904529      
91          -46191.665228647616      
94          -49782.933049266765      
91          -47008.33517909082       
79          -36225.561632912737      
78          -35169.502771023435      
79          -33636.66465382895       
77          -34068.247166255744      
81          -38888.666749420678      
83          -39597.592435088183      
92          -48444.592790944371      
98          -53306.932987737178      
108         -62130.344801501415      
108         -63639.751855680654      
107         -63610.765199580579      
107         -63809.629882209963      
101         -56781.982621675117      
107         -60423.393096302374      
99          -54484.152774489456      
104         -60332.058771641467      
113         -70901.150590436737      
105         -60691.79074465239       
109         -67949.223552256706      
107         -66286.169568685626      
102         -60394.316079643366      
102         -59962.826518643917      
98          -56312.034922786959      
111         -72791.713354774169      
98          -56770.653228987074      
99          -58967.332914430051      
104         -63571.274255059499      
101         -61409.629989967376      
109         -65199.724695523786      
102         -59964.025238592723      
113         -72932.150983742788      
116         -73462.285079505396      
111         -69878.447077763223      
111         -70042.837661198209      
103         -63873.339069741422      
111         -70770.572363728003      
101         -58880.943273786659      
102         -61259.018557266238      
93          -51409.329403714924      
96          -54427.441965549973      
93          -52097.845162405669      
85          -43252.492032252376      
92          -47391.640401172597      
97          -53544.100932856658      
99          -55795.821518602257      
99          -56402.611007563537      
103         -59293.69232519417       
108         -63042.463434706064      
105         -64735.880594777045      
106         -63011.854353511         
101         -56908.88714362857       
