510 1 -4127 35 35 35
107         -30351.38343072345       
106         -29299.532064565978      
103         -29198.408103709491      
115         -33366.600269797673      
108         -28155.632229770235      
116         -31001.794796557358      
108         -29172.58231062003       
113         -31850.25267543655       
112         -32895.552351039987      
117         -36988.776289539805      
117         -36410.389135141006      
117         -38350.800903713374      
109         -34847.387748520305      
111         -33778.60359857211       
117         -38744.75665818197       
118         -38427.33782409945       
117         -35382.33190015961       
116         -33440.87519077638       
112         -34671.270244010419      
115         -36877.069365658994      
112         -34739.071801574093      
108         -29375.376754316043      
109         -27229.047757992739      
106         -26783.059927782328      
101         -26264.24019586611       
103         -28314.287336923899      
109         -32752.176367730659      
107         -31061.823753703356      
99          -25867.939608301618      
99          -26894.400365137495      
97          -27067.664499056726      
99          -28065.787414604252      
97          -24266.358633715437      
99          -25970.687022850016      
107         -29359.007210890715      
110         -31518.297436250705      
110         -31077.856205265485      
114         -34458.005962544339      
113         -30108.350127970494      
110         -29808.675938938082      
110         -28449.268467861973      
111         -30148.577654125907      
113         -31548.522620692682      
113         -32035.433155634761      
112         -28146.996385635692      
110         -30957.10881101757       
110         -32505.054517986275      
108         -33038.872170935312      
110         -33021.809826123099      
104         -30256.218392328596      
101         -28696.542880545658      
105         -28903.674832223707      
98          -24949.718541085396      
106         -29089.176975431645      
110         -33511.152307070857      
113         -34705.980732498138      
107         -31055.680414071921      
110         -31723.558462468682      
110         -32691.833782576923      
109         -30717.490074010431      
111         -30203.551762594721      
109         -29735.532273372191      
109         -27199.904648919735      
111         -31044.940237534876      
105         -28947.513087130137      
103         -27072.338692986756      
100         -25884.468329054147      
105         -30055.352848585775      
107         -30504.814661883818      
103         -28015.707179225847      
105         -29294.441546188587      
106         -31093.393120904318      
114         -32875.616054912673      
119         -35946.925739831429      
117         -35052.366926870898      
116         -33726.659135710586      
110         -30674.378987901942      
113         -33312.730487873261      
112         -33280.543713781044      
108         -31788.317020856546      
121         -40841.184176720359      
127         -41136.834456805707      
127         -42600.364725676438      
130         -44324.931114095423      
135         -47917.345448734071      
137         -48843.980880433002      
135         -48629.443363822509      
135         -48697.63021852028       
135         -48465.250909104783      
129         -45087.981348165362      
127         -43073.344502019812      
132         -45650.608472212873      
133         -48573.919405221844      
130         -46041.944500939433      
127         -44286.545703743359      
130         -45362.05043705873       
129         -43837.677121010085      
127         -43702.104182150797      
128         -40752.021547341712      
125         -42002.012022446303      
131         -46162.161195153662      
