510 1 -4127 35 35 35
38          -4938.1279031249569      
32          -3345.606655936876       
40          -6270.023204009799       
47          -5715.1523108534348      
59          -11301.327779888685      
57          -9669.3201498010585      
44          -5418.8374386676687      
42          -6520.1728069729943      
44          -6215.3605985894219      
45          -6591.2052868437349      
43          -5658.0681730337437      
42          -5421.4654710786217      
42          -3919.6124198477778      
43          -4282.1837430102851      
39          -5261.7608514548656      
53          -9021.8626426384853      
44          -6305.7085979101903      
43          -4663.221055479713       
39          -4513.7720551469947      
42          -4244.2130834440013      
40          -6551.569716361927       
39          -5360.7895934592971      
50          -6028.0997995129846      
45          -6395.929720438995       
45          -5789.4522960940449      
48          -7545.1725087012337      
43          -6160.8761128691349      
41          -6710.5610049914012      
43          -5020.7944216257047      
37          -4392.2473321079633      
34          -3862.1140662700413      
47          -5756.5886876084687      
42          -5370.495487846556       
52          -7644.1756099966324      
49          -7135.222793131913       
58          -10654.37339551735       
46          -5362.0834035447815      
36          -3277.1774703392484      
29          -2509.0683521967608      
22          -920.69716351682757      
20          -1006.7874965020916      
26          -2330.4162750273927      
42          -4317.0145344594594      
42          -3246.459091576347       
19          -1270.9748272526047      
32          -1934.0723186713385      
36          -3931.7759432461826      
32          -3072.1352102558103      
40          -3598.9677295039969      
20          -1951.3072094899476      
16          -816.44781250720052      
18          -837.06015871353009      
13          -814.38087265341915      
16          -924.04587302440245      
14          -808.53629891612457      
22          -894.11931533866766      
30          -2338.3757718259712      
34          -2971.5291185036467      
36          -5191.1638461901748      
32          -2613.9188398635733      
19          -1120.4101981071055      
11          -414.26830379840834      
27          -2006.6188774893178      
38          -2874.3052667834831      
21          -360.46242751995084      
35          -3834.6369564657339      
38          -3918.7272846054102      
35          -3857.3539387989613      
24          -1476.5053467743717      
33          -3246.0096848316507      
20          -1479.5221573650394      
23          -1721.0729812576119      
19          -1191.7727195067212      
26          -2259.1635368452226      
31          -2764.9495925058145      
27          -1964.5402145118585      
33          -2773.6405252840509      
34          -3697.645399322038       
26          -1008.7113046460216      
25          -2014.9574566331678      
40          -6604.5014803768854      
30          -2973.8230870655557      
42          -4578.0162861088129      
43          -4913.8812274633583      
33          -3093.9066389054365      
46          -5246.1062976895364      
51          -5949.7496939780731      
52          -8373.2417550495811      
43          -6363.3232057233899      
44          -6720.3209601086364      
43          -6978.3287936158058      
52          -8477.8236446586616      
47          -6651.0408029887358      
52          -7712.6320293301533      
53          -8137.8256902746025      
62          -10354.955076297774      
59          -10293.418561569193      
48          -5478.2389212932294      
45          -5415.4424448132868      
42          -6504.4476195590578      
40          -5544.3739683879603      
