510 1 -4127 35 35 35
92          -50476.265141406853      
95          -53164.234177124985      
80          -37407.63579741781       
85          -43891.169070659962      
88          -41811.316434984466      
94          -49279.56532185102       
85          -39902.557167676299      
74          -33435.801503282535      
75          -33836.035039697519      
85          -42678.554464402987      
79          -38746.86600845003       
76          -33987.402578832269      
77          -35715.088428867442      
83          -39074.612839222791      
95          -53692.580382378561      
93          -49995.986745787566      
108         -66233.974052217716      
109         -67617.915452916757      
107         -66938.344073452332      
111         -66820.631268222802      
110         -67665.513453065898      
106         -63478.784396828443      
100         -56880.753939924791      
104         -60975.174663547696      
102         -58876.823413290942      
105         -61131.701743432088      
98          -54453.099439070502      
86          -43838.002821910341      
82          -42343.22624534701       
99          -57389.637035100895      
88          -47075.475733444036      
91          -49156.679090341684      
86          -40648.862690876129      
75          -30903.49312089086       
91          -44362.363344835394      
92          -47704.46272702812       
91          -46813.773897356572      
80          -38364.06187873063       
70          -29369.228792781174      
60          -23994.1421544398        
56          -21722.551567762992      
65          -25962.045112628904      
57          -20522.039692935123      
53          -18825.047220091954      
61          -22517.276610678087      
58          -20224.431094183878      
55          -17473.05363880501       
57          -19166.163618702889      
38          -9517.0238649169187      
30          -6148.720636633795       
28          -4568.9066472105533      
23          -2879.987456760221       
11          -1048.6664839612604      
9           -165.24507442731579      
25          -4171.9089932849047      
18          -2036.0527491618993      
20          -2969.8957863057663      
27          -3768.2196100871497      
39          -9861.7909516792188      
29          -7835.8888227222578      
34          -8961.409687563957       
36          -8377.3621924131203      
37          -9107.261955329137       
24          -3423.1802819930681      
24          -3595.253108577549       
23          -4148.3573836218648      
40          -10413.086500268759      
35          -5160.8965110734889      
29          -8783.6858961707203      
20          -2076.3248321125047      
15          -1856.7768639448675      
24          -3698.2339798449675      
25          -2139.2019702227844      
20          -2030.2907158292883      
24          -4385.0703102338348      
30          -6040.5417949735047      
32          -8720.9236321130757      
32          -7503.6192820333599      
35          -7715.7799938487251      
31          -6559.7092165492832      
36          -8841.3167266126529      
31          -5602.8979061296504      
28          -5742.404851629989       
40          -12564.00675364923       
41          -10706.37424861076       
43          -9159.7749345555221      
25          -4061.5195898776001      
24          -2825.5697397632293      
28          -3768.731043329647       
35          -8418.299710476329       
31          -8062.7329081612424      
26          -4884.8434939777953      
29          -6367.9553875808633      
40          -10933.020497354515      
42          -9935.3162862436147      
48          -12043.376823479848      
42          -12159.693273812269      
52          -20724.350451685463      
59          -22442.374608545673      
54          -19355.258084152956      
49          -15961.289720955512      
