510 1 -4127 35 35 35
107         -180525.20110376511      
106         -182427.4596787401       
103         -173096.53573508811      
115         -208399.27853671758      
108         -185010.7718842068       
116         -200401.88099493296      
108         -182614.09896966562      
113         -202318.23438917554      
112         -204912.80221758224      
117         -215746.44332915597      
117         -219382.31765392181      
117         -221071.08910501658      
109         -203503.2666109213       
111         -204320.05667617067      
117         -225697.94972430574      
118         -223049.35729498192      
117         -220572.32204598284      
116         -214882.89400643166      
112         -202389.27994579531      
115         -215628.99757657229      
112         -208303.94050516095      
108         -178842.47478951875      
109         -179845.38375462993      
106         -174903.29210972053      
101         -167677.5051612235       
103         -175090.40387553989      
109         -195549.28785867541      
107         -191027.56253489928      
99          -161471.69500375143      
99          -161965.78187826992      
97          -158379.03227749155      
99          -163640.29427690891      
97          -159062.42291952705      
99          -164651.23155769083      
107         -177040.35464589868      
110         -186285.93161197778      
110         -193557.04525754976      
114         -209042.26167035301      
113         -195918.44689330528      
110         -189533.67827669324      
110         -190100.50995285224      
111         -190553.56978927966      
113         -204196.4795401216       
113         -209454.24474801132      
112         -199014.82972041576      
110         -206841.68912056409      
110         -199841.24930701393      
108         -196489.16014624262      
110         -197549.3973915636       
104         -184378.83000029364      
101         -173276.11774973548      
105         -186579.55324102732      
98          -163598.83924089326      
106         -188139.70087175019      
110         -203973.31258292668      
113         -208925.14890270735      
107         -192987.60616653488      
110         -198057.65626081763      
110         -202753.21006482549      
109         -192497.36826801527      
111         -196727.24094339419      
109         -193807.95530868374      
109         -186673.35528234355      
111         -201039.84892127753      
105         -184738.11594452799      
103         -171150.69672541262      
100         -167070.76037119227      
105         -187070.72470560492      
107         -188419.24701114855      
103         -175496.69510425779      
105         -179270.89447209804      
106         -186447.1893726151       
114         -208005.13661563452      
119         -222610.93250545164      
117         -220299.06750732139      
116         -217425.91481557692      
110         -203005.880867203        
113         -214343.34383290313      
112         -217743.63727330673      
108         -204580.53589612816      
121         -251044.74790908396      
127         -264256.60145442368      
127         -263309.12574703153      
130         -281046.23629353358      
135         -298482.33254798368      
137         -307605.90961435792      
135         -300353.26359112217      
135         -306698.60856910219      
135         -301094.88948811137      
129         -277125.43642631971      
127         -269233.44174324174      
132         -288265.26809914928      
133         -290028.66221267142      
130         -282125.61704295082      
127         -266956.83193854353      
130         -276374.76049889426      
129         -277399.78593633563      
127         -272003.58826089604      
128         -269701.85007019393      
125         -263984.83375564317      
131         -280897.34305732738      
