510 1 -4127 35 35 35
48          -37816.890106984145      
48          -40201.309245314937      
47          -33371.008257818154      
49          -36848.481167634352      
50          -46639.635943987792      
38          -24072.359902525408      
30          -15461.873975872444      
53          -47689.988593573122      
41          -35213.114947255861      
36          -22612.781102110021      
32          -15550.375566353721      
28          -14293.958976701433      
29          -14535.180620616005      
31          -16179.964072418208      
33          -18129.087680194458      
29          -18567.665576471631      
31          -21184.056527745222      
27          -11777.867181037453      
25          -12680.287707230053      
31          -14153.233786492334      
37          -23336.634170371966      
44          -34313.928251383841      
71          -77162.759359442585      
66          -77828.985637796548      
64          -68889.225539164006      
57          -60812.341497476264      
60          -62008.210448129088      
65          -69268.976156601653      
64          -67694.14569752269       
51          -52073.472207839266      
44          -38981.207994631346      
42          -33710.594761235647      
47          -39040.34838599401       
55          -52889.836891545165      
57          -49266.504101850711      
53          -47387.083789351287      
49          -44407.716132498506      
45          -48524.891259419834      
47          -43370.48816314969       
41          -36936.723752746475      
45          -39986.529951150529      
54          -54671.337750006816      
41          -38375.643652204177      
44          -45110.859002974204      
50          -47667.378780147592      
56          -64124.137344916715      
65          -73500.282637667959      
59          -64098.466510379323      
58          -56592.68681893609       
57          -51405.963691117133      
52          -46374.109989112461      
50          -39998.543202744528      
49          -42804.2482276558        
61          -64600.544782067082      
69          -76984.072138925781      
61          -57476.441400971737      
52          -46127.377347956783      
57          -49162.750908079281      
63          -69004.782773694795      
59          -70589.34163130146       
65          -74220.18046687587       
78          -103510.00503297543      
80          -108522.88905353963      
80          -109101.286650041        
85          -120090.75568128173      
94          -145253.91374434959      
95          -150589.55942626784      
89          -134020.60131076555      
94          -150839.1386421546       
84          -123580.20045936742      
100         -158893.86267878007      
103         -158716.91430075801      
102         -153986.31142889394      
92          -132937.39324795498      
98          -143590.80203520559      
91          -127002.5749011341       
91          -132158.23586854985      
86          -119951.57300110845      
85          -128944.82955508521      
86          -124105.33097115179      
89          -135753.88234674413      
80          -106739.29922036023      
77          -104248.69124183866      
74          -99314.891587003804      
71          -88577.599075369406      
56          -59256.64665828181       
62          -72242.495220666446      
64          -70398.522603951482      
62          -65876.074559764034      
62          -63482.407696830203      
65          -81032.386059468117      
69          -78283.367449478421      
69          -75200.995856080408      
59          -58230.217028473933      
68          -76344.777412968382      
69          -78791.120165161978      
71          -85570.472754097515      
60          -67293.081162541028      
62          -66388.228704082736      
77          -90763.544652807745      
73          -93616.021383670144      
