510 1 -4127 35 35 35
102         -28428.092612764176      
105         -30134.993607638455      
107         -28899.141768493646      
101         -28280.502892709839      
93          -24729.981247860924      
104         -27355.61741890851       
96          -24225.252623352484      
96          -22585.400395492659      
95          -23976.35770328372       
92          -22484.147710906011      
89          -18978.245808978878      
83          -18405.459702147091      
75          -15494.956525239313      
79          -17750.945256348037      
75          -17929.133567668912      
69          -14934.955763193826      
61          -11197.070133635685      
63          -10038.634464564493      
67          -13096.733237534298      
60          -11052.174763048894      
66          -9724.5558989662477      
55          -8160.9143286224889      
56          -7654.7339198676082      
45          -7094.6569237746808      
58          -9114.9611483219323      
53          -7599.7676749117682      
60          -8232.8435379472612      
47          -6862.8879034236361      
37          -5173.0090658692434      
38          -4706.4213027646392      
37          -4565.5799389004906      
57          -6172.8822966412135      
61          -10082.833936044459      
62          -10504.655298411981      
66          -11183.255981832399      
63          -10983.030476017675      
72          -12288.047675967255      
53          -8468.0574709296234      
53          -7464.0746717602387      
52          -8080.541879724854       
56          -8711.54230445332        
57          -9085.5447037276117      
55          -7690.9072056157429      
63          -8881.5266696420822      
66          -10665.305385561804      
74          -13632.310203878716      
82          -19119.660764156706      
79          -17869.613998095603      
75          -17135.773752143177      
77          -18399.36682562036       
81          -18125.181367670026      
89          -21051.564976358906      
94          -23118.328307673506      
93          -22502.604578524883      
90          -18758.619578908161      
90          -19146.583707705366      
80          -19175.853975822363      
81          -18974.274151389931      
80          -13478.011326912359      
91          -21472.179191487179      
99          -24109.40411195331       
99          -23977.317932130729      
101         -24898.35138564189       
106         -27580.360526195738      
102         -25934.164265654304      
104         -27858.147945671459      
101         -24536.963123722235      
101         -24247.25491578045       
91          -21870.010006581644      
98          -26308.329677756483      
103         -29040.78451453074       
105         -27661.223886326581      
101         -25394.61625992936       
107         -29876.083498654356      
100         -28312.699438004031      
111         -33589.677858597977      
109         -30899.601581215418      
101         -29187.669708959809      
111         -34059.496173717489      
109         -34108.668976689645      
103         -31366.438804173111      
112         -30879.47573023873       
112         -31840.086730989809      
109         -26753.241823098258      
113         -30715.07181668          
111         -28147.380734657236      
114         -29002.297753105366      
113         -32018.149945277801      
115         -38324.96771830591       
114         -33616.382697761343      
118         -36527.057268796663      
123         -38200.928467631733      
125         -40262.885026317053      
119         -36646.547735821558      
122         -39197.736237857353      
119         -33333.866331253957      
117         -34789.278726167235      
113         -35145.665780829615      
119         -36625.101331622704      
120         -37994.203314001657      
123         -36935.417849759731      
