510 1 -4127 35 35 35
87          -118520.52553508736      
90          -130924.16416664371      
90          -126194.1110266996       
95          -136387.48512883767      
100         -147421.25069437575      
98          -145503.12825084483      
103         -167472.63241307432      
88          -126223.90311827551      
90          -130623.8769604838       
96          -144951.981530455        
86          -124588.79241095105      
86          -119930.69723035503      
89          -125995.94500307745      
86          -128636.90442030798      
97          -149306.82406842645      
97          -152235.98619867204      
101         -163154.7287454512       
101         -167371.76893525035      
96          -153354.69289256659      
92          -138709.39186895682      
91          -132017.41676473035      
92          -130186.34469469312      
101         -158907.03400016722      
89          -125754.03574258601      
99          -152371.77899817436      
95          -145047.98126472477      
107         -178277.82929950478      
102         -167684.18189167982      
109         -182439.7396363896       
113         -201657.45959497715      
107         -173825.07207323154      
111         -189551.43074563044      
104         -167266.04909884644      
100         -163395.81579180819      
96          -146944.70548442326      
100         -156072.3325862308       
97          -146786.89790041329      
95          -144021.10900266122      
100         -160947.3647246414       
110         -188053.15377725192      
96          -147428.51865163434      
82          -109348.1515014758       
74          -89127.23681266018       
84          -116861.7386366498       
94          -140684.2012781628       
96          -142158.98758801297      
101         -157145.40856803051      
100         -162298.94500753577      
105         -176620.21759934389      
108         -181142.71997927697      
109         -178522.78805119809      
110         -183520.82726971965      
105         -171707.60766196376      
108         -181832.24220900776      
109         -187661.61069151465      
104         -175022.72450681007      
99          -166303.58421619568      
105         -175524.79865745208      
112         -195007.92891486606      
110         -193683.18898280457      
117         -215789.09894084462      
120         -227026.50813667773      
126         -250404.3144586838       
124         -247064.0711248288       
119         -229313.97941216049      
114         -212260.93623866254      
119         -225188.6613491727       
123         -235595.89425738808      
119         -219466.88655735002      
116         -212140.51978798641      
113         -197146.56147246354      
104         -177433.37085294665      
110         -189571.47420614315      
114         -202354.39670467188      
115         -209004.57100470053      
117         -216743.12378357709      
118         -217434.66657165991      
116         -202885.65328001275      
118         -210346.36533321347      
111         -185970.73583451568      
106         -171770.586267115        
102         -161952.12854972744      
98          -150763.40572740915      
97          -152116.6260651531       
104         -172789.14338627015      
109         -183620.95501107175      
107         -178617.76571735184      
111         -197218.5946877297       
110         -198835.85254221232      
112         -203824.46244747931      
108         -190756.23073729081      
109         -192964.98537209586      
112         -204412.6212564953       
115         -218916.80572631108      
116         -220575.35339277537      
114         -208566.90213665707      
111         -194549.93043171169      
112         -193614.34307513223      
96          -153648.74653037806      
102         -160741.50306897541      
111         -197398.12510528401      
