510 1 -4127 35 35 35
115         -33064.633757242314      
101         -27808.410652327952      
99          -24483.088193044772      
100         -24488.33154580012       
99          -25551.899668945909      
90          -21775.249006139085      
93          -22893.657980590728      
91          -22342.774428042587      
107         -30760.348770733406      
106         -29734.953101035691      
110         -30984.451276962765      
103         -27898.273508322836      
102         -26733.798469189413      
100         -29428.129042519864      
109         -33280.690647567084      
104         -29330.492443794665      
100         -28390.895994640716      
102         -28370.352245462229      
112         -32746.771238023539      
106         -32367.910439314659      
106         -30338.823473983593      
107         -29163.820365048246      
97          -22413.657660633129      
102         -24133.712491828199      
103         -27038.754818421967      
105         -24536.086506611551      
100         -27223.627965527085      
91          -24293.032872241722      
89          -22276.28904573098       
97          -24825.417457904321      
94          -23058.932374078748      
101         -26038.088973311857      
110         -30245.636483203762      
106         -28083.257600175206      
104         -25544.766533244605      
90          -21144.396562900351      
86          -21717.330999690304      
87          -22524.074537664237      
95          -23067.859696902829      
98          -26646.280988589104      
109         -30855.075572845941      
109         -31215.008363243171      
107         -30839.12531466399       
112         -30739.0020468453        
107         -25493.314574140193      
109         -28693.989680915136      
109         -31620.243993379499      
109         -30009.97935270708       
113         -30662.809848042511      
117         -33215.109561600228      
120         -35149.673546006379      
115         -34755.18863449942       
114         -35833.654072808742      
119         -38993.074700755737      
119         -39247.530000130704      
122         -40328.523219114162      
126         -41393.803856954219      
127         -43998.743162455423      
123         -42763.099730416114      
114         -37615.075381429328      
120         -40358.432591841774      
115         -37943.215315777998      
118         -36464.211943740665      
110         -32469.906656384734      
110         -31044.116527931259      
110         -31594.702021897199      
115         -32399.188913396712      
104         -28051.018651511124      
95          -23241.846857904511      
87          -19927.464877555667      
93          -18040.228086284151      
93          -20924.040316546776      
97          -24829.603269197683      
98          -25196.552066497374      
97          -26213.49743722568       
90          -21675.373684142891      
89          -19110.697345405868      
82          -17910.385892187453      
93          -23172.716792559444      
91          -23011.576991064783      
88          -21216.500041839216      
76          -16491.218255488631      
65          -12138.806517762127      
69          -13377.348991801506      
67          -13815.493724371643      
76          -15240.387696075468      
63          -11053.149848263271      
66          -12103.156766932463      
59          -10112.827859689816      
56          -10640.277188175531      
64          -12521.577744641534      
62          -11744.104585411282      
68          -14164.39337458067       
80          -17721.567601748506      
76          -17292.293125265376      
83          -20057.323702687136      
83          -17752.242260436571      
77          -17928.363609007636      
72          -16731.304672349903      
65          -13879.049173935537      
69          -14371.95639177297       
