510 1 -4127 35 35 35
26          -4329.1900097448361      
30          -7369.2708884725462      
23          -3974.7314318775998      
29          -6261.2163481282441      
36          -10553.28702752551       
30          -5610.3862409975982      
30          -4190.4165465083834      
36          -9416.7353668617088      
44          -12875.436887425578      
47          -11881.923028047664      
60          -21029.574380461174      
57          -18628.304191545194      
65          -23214.553558041116      
60          -22846.127636231839      
72          -32581.830457612403      
81          -42238.061427233792      
81          -42362.708239943138      
71          -30930.467702160106      
77          -35128.558831292663      
90          -48677.440688775256      
90          -48621.651832309071      
87          -43345.732837595839      
86          -45827.429177004298      
89          -43922.644010018768      
92          -44888.543024255516      
98          -53188.419517471018      
103         -57587.874752678843      
103         -59639.842081272604      
100         -58491.673088235773      
104         -60273.530537215702      
104         -59471.155700356278      
101         -59067.472592732265      
93          -52502.459606065328      
101         -58714.322361648236      
96          -53813.327523841683      
103         -61300.376108964039      
104         -63854.377259279674      
107         -65476.265663244019      
112         -68233.307684170097      
112         -68069.374669948491      
114         -73173.378617155948      
114         -72895.141760216487      
116         -76357.965485637629      
116         -72877.256975144017      
111         -71894.900755662573      
119         -76309.191915734889      
115         -74903.725091906148      
119         -80073.686036445011      
121         -81857.412758105711      
112         -72137.787394444837      
112         -72465.130519405109      
114         -78677.118844433469      
107         -66416.826249435384      
104         -61636.544171344271      
104         -60438.335939264522      
97          -53393.866924480826      
105         -63234.997541344608      
104         -62291.591704280712      
109         -66870.067603438962      
109         -65340.838903809818      
99          -55938.429114489045      
102         -54939.712087273205      
93          -49368.746394357149      
85          -38708.643130780903      
97          -49587.31585083549       
107         -61078.666047851337      
106         -61771.686455878378      
103         -61023.297769108824      
101         -58037.69508278319       
102         -56703.56532660716       
104         -58266.611742762048      
88          -42879.094184206922      
94          -53973.120846144964      
89          -47097.887863646509      
91          -50264.471230450043      
91          -50545.842426192132      
93          -50427.001004469872      
89          -47699.920501398126      
87          -45577.247258583498      
93          -51144.10403696452       
95          -54331.271534444037      
101         -59918.103064057177      
101         -58276.395488816946      
100         -57078.635325693722      
99          -56719.018864630838      
96          -55879.292545282617      
94          -51692.374470643757      
99          -55550.983063338324      
97          -53842.711073824292      
91          -46839.0335717895        
90          -47523.425713249366      
97          -52565.77147639828       
93          -52836.31807487394       
92          -49116.079806815076      
105         -61023.35263349094       
111         -71309.248404908722      
107         -60299.455563732583      
95          -50858.744818615211      
102         -59726.125834217775      
97          -55805.509211432283      
94          -53419.446086535208      
