510 1 -4127 35 35 35
94          -21342.477890614759      
93          -20741.292290658963      
92          -21486.422053004357      
99          -24978.037154397578      
87          -19649.170141669063      
78          -16815.407604822598      
79          -17068.651907887321      
79          -13540.546448154382      
82          -17687.004106113225      
77          -16682.889847332583      
80          -18915.911504755706      
77          -15641.772050665335      
79          -15434.815202181606      
81          -16875.502060569001      
90          -21988.223193192702      
90          -21083.736660046976      
107         -29029.567923887833      
115         -34746.256438039447      
112         -33100.734254705094      
114         -35202.630910765743      
106         -30364.467333406366      
109         -31096.950385391039      
107         -32009.112478290659      
109         -31537.159317715428      
111         -28238.441778672281      
115         -34766.854024282708      
111         -33718.534189692087      
108         -33942.889242568286      
111         -34058.418543415843      
113         -34499.865890146233      
111         -33125.114217335664      
113         -34968.919301347305      
113         -35172.844842070983      
111         -33828.049040259983      
111         -32819.168817574253      
105         -30179.307166580867      
113         -35229.495709520801      
115         -34971.135993903656      
110         -31819.701220592273      
107         -31457.438307157059      
109         -32670.171113922319      
104         -32168.724818771272      
102         -29973.085498050172      
93          -24266.989193905381      
92          -22942.962315609471      
100         -27402.944340275         
106         -31239.945229731686      
99          -28317.14618336692       
102         -29592.465698286385      
105         -30708.900305141797      
104         -29802.067607877998      
104         -29917.693386946507      
95          -24379.177533964277      
106         -30425.36301057247       
94          -23710.675928382978      
102         -28274.097124905566      
109         -30449.730598110262      
107         -28758.561243056552      
108         -29820.849959683477      
119         -37011.129394027303      
116         -35448.510249002902      
117         -36190.331388372069      
117         -34248.717930181876      
116         -36758.925524054037      
112         -35668.99468587611       
118         -38161.316019514707      
118         -40114.621853809971      
115         -38357.495900167298      
121         -39972.224695253506      
121         -39812.518369663027      
119         -37666.878877075651      
116         -35049.148022346955      
115         -33301.087550097189      
106         -30797.35872312792       
107         -31038.099624581286      
114         -33978.664046169397      
111         -29928.870964477759      
115         -33266.829540567385      
124         -36925.339382122882      
119         -37290.153659526361      
118         -36243.843931105548      
125         -39889.808966107783      
129         -41186.003448452386      
115         -33459.505811090348      
112         -32207.443686120852      
110         -30941.286212416333      
105         -29615.062576199773      
107         -29823.117085163907      
102         -27654.517580436175      
100         -26180.3714508132        
94          -24808.601482457427      
104         -29322.893082962695      
95          -24057.688980860523      
101         -25867.133829379323      
106         -29723.422852947395      
102         -27661.717006778988      
100         -28713.007596999891      
99          -27781.550572533131      
99          -27507.601788132         
102         -27857.569980624154      
96          -24739.364896046212      
