510 1 -4127 35 35 35
112         -195727.70654975454      
119         -224345.52168869079      
111         -196106.37863097317      
108         -186337.79453538719      
100         -162611.65442652622      
95          -145828.2812778473       
97          -155956.43413605599      
102         -175229.91837710235      
106         -180928.35790882961      
101         -168279.73082796705      
94          -147680.31082001849      
94          -144291.08058784649      
99          -159703.18284717906      
104         -178931.36449675277      
111         -198066.87366636991      
101         -158659.73852626499      
103         -164359.78790323786      
99          -160956.17802013212      
101         -159690.44866413984      
99          -160564.60502155288      
97          -146320.29312308345      
98          -143448.79113127419      
84          -113748.67088394739      
77          -96796.626687631899      
78          -104343.24068429321      
82          -113608.00995473593      
84          -114162.55802932187      
88          -126499.18158718625      
86          -130781.543456624        
88          -127964.78412953294      
99          -152965.42327092821      
104         -163168.46271113624      
101         -159246.769118653        
92          -136154.82219582089      
92          -136916.91472823042      
100         -157004.2190904684       
96          -144745.6194500378       
93          -135377.20014453153      
107         -181292.02768837567      
113         -202252.34997696755      
120         -217027.11984322823      
116         -213576.97554119703      
117         -225250.58875153158      
122         -238974.8709984688       
124         -248937.11048450359      
126         -249506.43340919286      
127         -258404.60068413429      
132         -271093.97881357314      
134         -278824.09860560991      
130         -268567.56786608906      
130         -264939.87535936141      
130         -265544.13945382379      
128         -260349.76027579294      
126         -251195.20816216449      
124         -248921.75807282291      
119         -235077.30527689873      
117         -220250.63314102203      
120         -235497.59088031854      
127         -250729.14201523305      
119         -218497.59903921647      
123         -239107.87383917288      
126         -246528.04030978607      
117         -218001.79306375046      
112         -203414.37440082495      
115         -209645.88650722045      
119         -222281.69288680394      
115         -210377.91120593454      
105         -181972.88210192742      
113         -196560.38821740262      
110         -189957.10160444907      
112         -191381.45681013423      
115         -204196.07773889089      
107         -181081.02656263707      
111         -183942.46305542366      
97          -147116.82579344444      
102         -162427.58775821541      
102         -170959.27289976156      
95          -151627.88383235753      
96          -140624.27083313273      
102         -154771.07542149854      
101         -154987.91783863684      
96          -147157.20203135192      
94          -136260.32364233487      
101         -158238.36654478399      
95          -146211.15633985834      
94          -141149.45757496328      
96          -143687.78730394959      
104         -169223.31602933383      
102         -165424.9228887331       
105         -178861.71380049302      
107         -184417.06497394177      
108         -186662.90705287759      
102         -166444.06723669547      
110         -191512.86381230492      
105         -175460.86556290006      
95          -144590.38120933983      
97          -149869.75646801651      
102         -167851.04122434469      
84          -116607.13388339597      
82          -123497.16547892142      
88          -125345.00368390688      
