510 1 -4127 35 35 35
66          -73873.754666658031      
57          -56346.665437504045      
40          -32895.035955766973      
38          -22903.536970766967      
41          -30603.491152103248      
40          -34488.936951177675      
37          -22840.461483920284      
23          -10687.557607904579      
23          -7313.0498027987505      
20          -3851.2937134324748      
17          -6270.7918806012367      
33          -19164.569275837806      
35          -23239.176513730563      
22          -8520.8319619064805      
27          -12296.078992616973      
39          -29279.110640160769      
32          -21540.493298336885      
31          -19314.405096045055      
35          -19852.76574249893       
27          -13816.770013500136      
27          -17331.236719096181      
23          -12832.73405163296       
25          -16300.503759923382      
36          -25563.008067037677      
38          -20466.76231247203       
40          -25175.422018611869      
23          -8954.1381443710034      
15          -5179.9027341364135      
8           -316.36518322342255      
13          -1670.3297827608112      
19          -6070.362226768405       
22          -8275.493457804665       
28          -12341.453015782265      
28          -14972.015111550241      
20          -7849.6310909038411      
31          -15540.698853489534      
40          -25604.639749476657      
43          -36593.791760338623      
50          -43853.101780114521      
46          -32374.494122666816      
44          -37405.444410470118      
48          -40681.767759972565      
52          -49156.417096261088      
50          -46046.46139149493       
46          -36308.077198802734      
57          -49714.216235881409      
54          -44280.569880111005      
62          -62663.296819213887      
70          -87686.335975121852      
66          -77523.636501174507      
66          -78165.922085097816      
83          -115102.11425616241      
83          -119527.77239939598      
83          -115835.92629646404      
72          -91233.574446796614      
78          -111560.38510299681      
71          -94280.201180950738      
65          -84535.533733211894      
71          -93710.484722284571      
81          -109328.21091023643      
89          -129261.78593711485      
96          -142941.01477013921      
114         -198670.72570370292      
100         -158581.15031093502      
101         -164891.73742542171      
97          -153952.71479838001      
98          -153096.31629593822      
99          -161078.21678899112      
91          -135234.1123522282       
85          -114902.85825708639      
79          -100664.68368036376      
85          -109342.90536279982      
82          -106709.20909281446      
81          -108526.14059175714      
80          -103633.40920392417      
82          -106732.856849583        
89          -123947.37255450946      
85          -113288.87315339473      
81          -104883.99050711076      
75          -88789.349512532208      
65          -66911.730027599056      
70          -79854.124445735608      
61          -59982.913818417786      
60          -61981.262193122144      
58          -61431.922535946745      
69          -79046.656327009812      
76          -91255.354642919425      
72          -83466.169655392339      
72          -81742.485741863697      
69          -78088.037623803291      
68          -80425.259971428357      
67          -77357.813259774819      
63          -71062.035374840925      
60          -73286.856084737781      
62          -71349.649946480553      
60          -68488.331523199347      
60          -66618.958709040628      
64          -72553.775693114512      
67          -80008.388192155631      
79          -102503.89932054529      
83          -112785.81448170029      
