510 1 -4127 35 35 35
123         -40750.302212903131      
122         -38542.905572638374      
124         -42416.258044860282      
126         -43303.699052654054      
129         -44343.254758662588      
130         -45057.140094294467      
127         -44226.535075681437      
126         -44385.948004319078      
121         -41153.970808530983      
116         -38576.011394070098      
124         -43340.183921743926      
119         -38892.2022703455        
114         -35510.30464447655       
111         -32380.13108751359       
108         -29155.011128789331      
109         -30535.76622480755       
104         -27312.404154507538      
109         -31347.259050530887      
115         -34637.969077897549      
108         -29022.354179059035      
105         -30296.568520864435      
109         -32922.133390673553      
95          -24816.937223411183      
110         -28708.94499030125       
108         -31036.916208864481      
100         -23578.107430468433      
93          -23069.380639852316      
91          -21575.799977442104      
96          -24713.864881775989      
92          -22089.945318879665      
92          -23061.361172418397      
92          -22507.504393701052      
91          -19997.598304606716      
80          -16400.50615055241       
82          -18310.140790010319      
91          -20546.786760463699      
85          -20717.010878373098      
89          -22400.159772857107      
92          -23136.355094561612      
93          -23958.873574456073      
90          -21956.991894315011      
77          -17164.034524241597      
90          -22432.336695881422      
100         -27790.919193791637      
102         -27073.662144307167      
95          -24752.029032316423      
101         -27145.884919794014      
110         -31085.074551961603      
119         -37304.022516370256      
114         -33748.891496543234      
114         -34961.08816802084       
103         -29208.947898410002      
90          -23332.730475663739      
90          -19357.194841542085      
98          -23918.632925244623      
104         -29040.47023567159       
106         -29548.195578445007      
106         -26971.987456667091      
108         -30132.529786618452      
108         -29570.996491500904      
107         -28675.05661925425       
105         -26853.589832485901      
110         -27267.337503346644      
104         -28606.26983430154       
104         -28414.178175691453      
105         -30334.867806339687      
108         -31943.020262685921      
114         -34726.392146062833      
112         -36153.135640995904      
107         -31302.095628111085      
110         -27608.546044953309      
109         -31557.487077392379      
105         -32083.278969315208      
112         -35581.115882409002      
113         -36263.401769537653      
111         -34255.901353229172      
97          -26835.869245389829      
107         -31339.474504454018      
104         -28214.937094714976      
108         -29894.636693504472      
104         -28046.757758154203      
101         -25296.646145174796      
97          -25613.208763854371      
99          -25170.494157607518      
93          -23039.605045448905      
104         -28120.903422205163      
100         -27203.887515016642      
100         -27659.853204094579      
91          -23388.838583192479      
91          -23283.370148692931      
95          -20671.516614836899      
89          -23042.649372018339      
91          -23803.543781941269      
97          -25209.193467358145      
80          -17152.473854456279      
83          -15100.489163692375      
83          -16695.767238563538      
84          -18614.466671806735      
88          -21266.372924579024      
96          -24855.230888440215      
103         -29746.739107339425      
