510 1 -4127 35 35 35
27          -3259.29826221554        
22          -778.09609177572133      
30          -2239.6380371530759      
30          -1721.6404172080779      
34          -2823.5088031011978      
36          -3732.1024387681273      
26          -2480.3981688094614      
38          -3178.7452516900339      
35          -2661.0925325676899      
36          -3952.4690004764179      
39          -4200.4178075301515      
33          -2703.7798764514741      
21          -1656.6050819549907      
23          -201.15683407307188      
24          -1697.7191188535589      
20          -987.8600826177086       
30          -2365.9915972701142      
22          -1728.1151905332886      
25          -3326.9670030350862      
35          -4673.9298614110712      
27          -2724.7041157805097      
24          -1902.9601059966085      
20          -1160.7203142933674      
19          -974.45469980574558      
19          -1315.0425015230212      
19          -699.08530659673215      
20          -715.8649384357667       
31          -2020.1242147509449      
30          -2599.0327902436643      
25          -1759.5665034470587      
24          -2426.0274937710888      
27          -2243.7301015622588      
33          -2819.7452958471154      
33          -2880.1870237102535      
32          -3686.0771700718597      
41          -5086.4081529985333      
24          -1127.8020082831576      
28          -2026.7903697662905      
36          -3738.4280702357742      
13          -829.17988816104378      
19          -1182.3927974610817      
22          -1294.3844981930858      
17          -867.7724466131416       
26          -1870.48741866663        
32          -2534.0277143345961      
36          -3567.4526818219797      
22          -1372.3798372355172      
29          -2216.8587251759591      
29          -2341.8636669034745      
27          -2059.8659150259446      
32          -3751.1560097405327      
42          -4831.0347905914869      
36          -4048.6566265383585      
32          -3407.927073953349       
28          -3603.1774505738363      
25          -1949.3445679848651      
30          -2903.2909469350416      
34          -3033.1272154799294      
42          -4294.9261264590587      
38          -3570.8454166890506      
33          -3752.7041401408173      
28          -2560.3391687349936      
36          -1927.1430633110144      
36          -4041.9831301424028      
35          -3040.5797815545275      
25          -2452.6146523960119      
19          -944.48787045252504      
25          -1581.2499572428428      
31          -3173.2061844790096      
37          -4444.5433549061263      
48          -6506.1606364067557      
46          -6935.4140069506457      
42          -6777.1898171781531      
43          -6083.351808786223       
56          -6509.714834729999       
57          -9793.8400833947235      
47          -7585.6986655397804      
55          -9212.9029317868899      
51          -8138.9593619823672      
41          -6512.3885718957781      
31          -3796.1312197030702      
42          -5404.8599204405009      
44          -4804.2259853865689      
42          -4979.4968471472921      
54          -7659.1059856244829      
54          -7837.2806359899332      
58          -8197.6149457303964      
63          -8629.6523609743708      
58          -10290.56478714179       
45          -7151.2040843665054      
39          -3603.7281081249184      
50          -7816.4798881719853      
43          -5471.8992261442054      
36          -4064.3164331895891      
42          -4134.093430200066       
51          -7291.9122317915626      
54          -8430.2793475089748      
56          -8828.5627544900726      
62          -11593.791957782985      
54          -8136.8886304236303      
48          -6694.7889324951393      
