510 1 -4127 35 35 35
40          -9502.4179455927188      
55          -14091.381845667951      
46          -13343.739515534628      
62          -23529.092299790638      
60          -19919.172430571209      
57          -18569.471489887739      
53          -17457.131327309835      
45          -16555.859687288295      
34          -8125.5813205414825      
33          -9021.8049553373548      
40          -10446.897147991403      
28          -5948.0490664942845      
25          -4746.2578962007774      
24          -4196.3148575144778      
30          -5984.7664573678412      
40          -10356.64086836384       
32          -7246.5897618686759      
25          -4706.7216008507194      
34          -7773.4759472662181      
27          -4246.5101812970424      
32          -5852.5203709901707      
36          -7825.7160226877368      
37          -11846.424759932117      
39          -12788.679815231868      
46          -14997.968113464103      
39          -10598.877247412951      
37          -10336.756758152467      
31          -5866.9980077963028      
24          -2220.9325968742405      
17          -2337.9596389231419      
35          -7486.0714854886437      
28          -4964.0377218039021      
38          -8730.2734848988912      
41          -9819.3842620579599      
45          -12321.859528041317      
45          -12282.762505616254      
48          -14897.955444638101      
57          -20874.481591245396      
58          -19938.937161653157      
62          -22363.933200250664      
54          -20024.449041720291      
61          -23638.442818593317      
72          -30208.673606581968      
51          -17726.268317308361      
67          -25479.652080669795      
67          -26949.131698495738      
62          -23857.444840129596      
60          -23721.97353324572       
67          -29217.601861742522      
58          -19341.54069394512       
68          -25314.753457760726      
66          -22584.329183850004      
62          -22307.101705209501      
64          -24786.9561807356        
54          -19746.949189053881      
49          -16134.174718373217      
50          -15622.484103804156      
47          -14214.997393591262      
24          -4035.0293664144892      
33          -8120.5255860607149      
33          -6923.7582431116871      
29          -4376.8274487294311      
39          -9500.2977411034117      
33          -5939.0320034509077      
27          -6601.4624948686496      
28          -5317.7572590192003      
21          -4245.9171016990294      
28          -5747.4275384431476      
24          -3556.432599864298       
38          -8165.9949391282407      
44          -12692.878497400749      
38          -11887.006680256629      
35          -9387.1997934419942      
31          -5784.787820129809       
37          -8350.4166091098377      
33          -8010.0111549159355      
48          -15021.209417822898      
55          -21601.409938543598      
66          -25914.43219664929       
58          -21506.604019134094      
71          -31444.642119413751      
65          -25483.68137992407       
65          -27354.686783445872      
63          -27405.928322344364      
59          -25553.790131852358      
72          -31419.997887426038      
67          -27071.218077021869      
80          -37481.568429711042      
78          -35061.364962780142      
67          -26332.831677484523      
77          -31338.841618430735      
85          -41277.563556106921      
89          -44606.823716565574      
90          -44972.586189365582      
82          -38413.706329730434      
81          -39455.938951553435      
77          -36128.119741805356      
77          -33914.973242177046      
65          -25864.18091550242       
55          -18371.211033896179      
56          -18717.503579806111      
