510 1 -4127 35 35 35
94          -53419.446086535267      
93          -49888.558640191688      
92          -46149.344039187068      
85          -40612.159927071509      
84          -41114.652476355426      
79          -37183.675555444795      
73          -33815.43566568815       
79          -36740.417252009167      
79          -38302.890717547343      
78          -37259.184000184359      
75          -35041.114481021046      
69          -29558.659595104557      
79          -39690.544225582133      
80          -42025.763228494769      
83          -38837.621447815422      
74          -34861.864961073567      
82          -41586.749742934793      
74          -34283.387863591619      
80          -38663.039504235741      
71          -27896.901473910253      
68          -28529.779876674835      
64          -28568.844486322945      
73          -31860.023554058484      
75          -33086.63672328549       
82          -40390.82587160109       
76          -37263.77775345488       
66          -28085.100246493548      
60          -23929.315012192626      
66          -25976.056170428874      
61          -23802.401312318198      
59          -22932.133991425038      
54          -20598.982542558304      
57          -19763.892327851841      
59          -23050.764759856451      
61          -24593.120072696165      
72          -35957.072641829582      
70          -32101.170505213984      
71          -32031.112979250229      
75          -34933.454423523057      
79          -38097.040774529603      
84          -40496.192107196475      
82          -41222.256488839223      
91          -48926.01739139187       
90          -51273.295274602366      
101         -61060.992651683155      
94          -51524.177793864357      
92          -53422.931602569122      
90          -50368.092838382552      
81          -42764.570348982437      
76          -37134.309347535469      
70          -29469.202555650238      
79          -36308.652935215505      
73          -34652.742276795834      
74          -31720.685977451656      
73          -32046.70105026133       
77          -36448.395015583097      
64          -25508.766692462399      
63          -25259.943730662337      
66          -25456.52278549246       
79          -35925.858604691726      
94          -51158.816961656543      
89          -48815.644135828072      
91          -51030.438577914625      
94          -51895.383623641181      
103         -60772.866351287819      
110         -71705.645325060992      
111         -72866.279762393751      
123         -85563.81548057984       
126         -92578.441433840198      
129         -94404.472006622993      
119         -84011.705079177613      
108         -69295.344316535338      
100         -62829.098658966985      
95          -54857.69558766183       
97          -58547.486925723264      
100         -62085.606278055602      
102         -63993.340647023288      
108         -67535.173910647005      
115         -75009.673504299048      
116         -78341.201304621747      
121         -84954.240018866753      
118         -80804.9620881796        
118         -79359.128311211593      
124         -86984.125043279695      
122         -83614.883626396782      
120         -80647.281186938184      
128         -91349.556051118328      
129         -94220.349041810754      
131         -97379.195631699462      
134         -101753.85338393936      
131         -98430.927516375348      
132         -99760.525322824498      
126         -91408.361979963767      
119         -82712.516562319666      
117         -79463.844271840659      
121         -82128.209335658568      
118         -79465.630979823531      
121         -84421.305062228654      
114         -75914.456713034073      
117         -83042.36807585122       
112         -77538.012446606721      
