510 1 -4127 35 35 35
106         -61282.467754109821      
109         -64832.537026602942      
105         -62341.459747114641      
116         -73928.576523194773      
113         -73394.394800859736      
109         -68606.757237270154      
108         -68313.8600821734        
111         -72484.251113659935      
111         -70720.53735731075       
105         -66970.568671893969      
118         -77639.990224905778      
124         -84094.169276560278      
122         -78323.98981525682       
114         -71425.722971597832      
120         -81029.453350673473      
116         -73394.226479414152      
110         -66311.628189401934      
108         -65967.803257954598      
109         -65489.169725699212      
102         -64755.887935174535      
109         -73238.285579797521      
103         -65935.845447677159      
105         -65609.752459639552      
97          -58276.159689331485      
107         -64933.790546031523      
109         -66665.524011072121      
103         -60072.181942369418      
96          -51686.691432486485      
97          -51518.948706298645      
99          -51336.446473472475      
94          -48901.366179107674      
94          -52127.890339962963      
94          -53962.856516004496      
85          -44749.719528925227      
77          -37248.765252637299      
72          -35678.418305647363      
78          -41189.986985860225      
75          -36796.803281831446      
83          -46064.002350055642      
90          -52595.436505202313      
104         -62886.355298877737      
97          -54293.64981298623       
94          -49711.632667667218      
100         -54274.836220584031      
103         -61141.367273835007      
111         -68900.16276482027       
110         -66106.094865986219      
112         -70526.886474959421      
110         -69966.606636752884      
104         -64673.440402382199      
110         -67269.189494790597      
106         -64980.421682810644      
105         -63327.452111814564      
106         -62493.426513500264      
111         -68774.062879371573      
116         -75401.444958732507      
117         -76665.94904473488       
120         -77166.08038530084       
119         -76437.704444871648      
116         -71771.027126919289      
118         -74913.225343851853      
119         -78137.05498926701       
118         -77928.081193345541      
119         -80027.877671209222      
119         -79417.286812790568      
118         -79372.994909826753      
115         -76669.886888927736      
110         -68992.701036093058      
111         -69707.22186718414       
115         -75841.964952176422      
119         -79657.822724850543      
120         -82152.273269826474      
122         -82669.236908949984      
113         -72972.280309915077      
112         -72182.366039478831      
110         -69966.970111196148      
115         -74698.683693173807      
105         -65595.81145751322       
121         -82508.543993902786      
115         -74724.461948541226      
114         -73109.192464169624      
113         -72562.185667931582      
117         -77480.531627514254      
111         -69374.787908273676      
107         -65585.295434093758      
101         -59132.222051563214      
102         -60372.251732964833      
105         -62523.351939172106      
107         -63412.874864331228      
116         -72811.108041397674      
103         -61733.825824684878      
104         -61334.411262879818      
116         -75094.938260325274      
122         -86024.661884735018      
120         -84090.092760122716      
126         -90563.322753137545      
127         -89777.386693521388      
124         -86274.284647409033      
129         -92809.58395769335       
127         -91464.541619007665      
123         -90284.339351607458      
