510 1 -4127 35 35 35
93          -136713.69610259985      
89          -124450.38875238539      
82          -104692.91889721414      
75          -88941.989028865995      
71          -83739.721646985519      
70          -85742.559745320003      
75          -87528.625488399237      
64          -70238.765071338581      
79          -101551.65198319017      
88          -114846.04542341165      
83          -114408.03295256991      
89          -129092.33673787914      
94          -139440.60742591604      
100         -160850.67615415694      
113         -202126.76008114492      
114         -209700.08551394226      
115         -212102.72249544741      
119         -221661.58445255589      
122         -234441.51977775211      
112         -203488.08482487223      
108         -190514.79305642084      
110         -195306.99337075753      
109         -188811.40966292299      
115         -201135.41884761082      
109         -186004.97644789141      
108         -186696.29598248025      
105         -175247.34807105828      
112         -191918.24046956463      
117         -207779.39080941782      
117         -214189.23333718689      
107         -181816.0053692623       
108         -186407.20468275732      
104         -166601.10122411998      
99          -159729.99375444706      
94          -151611.61922369219      
93          -147796.79673594638      
101         -165140.8735659066       
101         -164133.99583612254      
91          -137458.91053997574      
91          -140489.77225236257      
92          -136913.8643978241       
94          -142303.95151616223      
97          -150983.3283890734       
96          -145583.17411550434      
98          -150137.86143199532      
99          -153372.78213394049      
97          -152895.5259981596       
93          -142770.46911001322      
108         -187409.69041642357      
105         -177296.79633923262      
106         -182497.1012494326       
113         -206305.55516463134      
120         -224860.622655691        
116         -216406.29874015503      
122         -234772.36122155725      
121         -234571.58690300657      
125         -251516.84126323357      
123         -240796.75581102958      
125         -247882.40459337714      
123         -240850.44515970111      
124         -250017.22856372836      
124         -250323.53826912196      
128         -268342.23757193971      
129         -269466.03548826615      
131         -277605.67701667006      
130         -273345.04896230134      
124         -253941.61371291144      
114         -221115.99214522759      
113         -215491.24459129648      
120         -230261.78342700191      
120         -229148.7716328323       
115         -210594.67044979712      
108         -188688.36265452564      
104         -179764.08869899914      
115         -205765.30692419372      
112         -193768.28330457205      
109         -196231.33277321991      
103         -180567.09232080099      
109         -193445.19400202183      
110         -191587.47435385667      
106         -182071.31796092549      
109         -191886.89206478267      
122         -229629.92611316397      
128         -255466.79481207565      
125         -244383.83408442681      
119         -222889.93636323317      
121         -233463.59084078972      
118         -222877.33886965364      
122         -239183.23564334778      
124         -245126.75854658577      
119         -226303.26922356899      
113         -204656.01647508569      
115         -212332.45233299572      
116         -217524.18506952704      
114         -207278.43890535159      
122         -233252.1590105021       
121         -239772.93460978413      
114         -213742.05279945108      
112         -200249.98183202429      
116         -211491.41732753257      
102         -174956.20027015795      
