510 1 -4127 35 35 35
102         -24685.587353840005      
90          -22499.789841176556      
93          -23467.253290084835      
89          -17807.669179499746      
91          -22417.687157777902      
84          -20078.590522680373      
77          -17149.088664033774      
82          -16610.899840920207      
83          -18186.495309181606      
84          -18297.8217457508        
78          -16654.521816679033      
82          -19324.821819651908      
88          -20649.40531669178       
89          -22554.747727095495      
95          -24844.572138669359      
98          -26479.56256035011       
101         -25969.377883858771      
102         -27388.450365765653      
93          -23059.426048479469      
81          -18501.69716957942       
81          -18993.29239282765       
80          -17349.127400194109      
92          -24603.565956121431      
91          -23382.213739463976      
91          -22685.775979083977      
97          -24581.236841567679      
108         -30314.587400519547      
105         -29220.234972714919      
115         -33828.332265470373      
116         -35817.586224167302      
111         -33415.711108743788      
112         -33631.720633127836      
112         -31652.89600550809       
98          -23805.314602558148      
85          -20604.004643609711      
91          -23023.089909225455      
92          -25040.882578096327      
94          -25181.762341314938      
92          -21108.14402599345       
100         -26565.0832214726        
99          -25685.693121336561      
90          -21974.481849268086      
91          -21736.398457645475      
91          -22392.311157600481      
80          -14766.642744000079      
84          -17257.513067579985      
89          -17384.245100287193      
102         -23779.772868920514      
95          -21784.389853528257      
99          -24658.136966048136      
98          -26350.670250264648      
85          -17737.791031053195      
82          -16998.76749004352       
94          -23757.341962948001      
85          -18159.136577907073      
85          -19266.469745862327      
93          -22438.109039576739      
88          -18531.918534980301      
78          -16013.992656690147      
64          -11321.695474652321      
70          -12922.133864885423      
76          -15432.138925714105      
89          -20468.284009126659      
91          -23561.761945252478      
100         -26206.449951730774      
102         -28141.800455443034      
88          -19958.153985349571      
87          -20440.999970522636      
79          -16090.112100727323      
84          -20127.88208552785       
84          -20766.365053548099      
78          -16927.90320916611       
80          -16593.106276716346      
78          -16140.962283752073      
77          -17579.230051206316      
77          -18191.299738528807      
73          -16455.543276510631      
69          -15408.344143075679      
72          -15307.313764825427      
75          -14512.517508573237      
70          -11502.519038562874      
78          -13567.119105382168      
85          -18232.182032436227      
94          -22314.121168896509      
85          -17604.394785144654      
95          -22382.024012321359      
103         -24460.899816748522      
98          -22447.417303857485      
107         -27731.067658403528      
95          -24477.11773334254       
99          -26524.428730048799      
92          -21411.011396710524      
76          -16110.640033660758      
76          -14989.276356386494      
90          -21708.589289138457      
92          -22052.386087558985      
85          -20296.977857087328      
85          -19453.680917885064      
92          -22226.254554016308      
91          -21922.426180811093      
94          -21342.477890614773      
