510 1 -4127 35 35 35
102         -160426.36730537924      
90          -133461.59614166382      
93          -138217.31428010447      
89          -120105.20919708927      
91          -132575.22772233645      
84          -120787.5406499557       
77          -103042.6696874409       
82          -109677.35615330056      
83          -110261.07992593232      
84          -112169.84945363684      
78          -106305.5231311681       
82          -117894.53063402433      
88          -121864.71513067069      
89          -133512.81310863732      
95          -153648.01559422436      
98          -155302.70564918136      
101         -159634.08752267598      
102         -160355.21305960225      
93          -136312.3784549433       
81          -104799.11633014964      
81          -109516.91777304039      
80          -110690.2915609932       
92          -146912.01786246945      
91          -138333.29601135437      
91          -145636.67704248411      
97          -153314.65766420844      
108         -190958.05108644086      
105         -187058.66217816589      
115         -208801.94203127277      
116         -210627.02674143491      
111         -194597.15606939211      
112         -194338.35574783912      
112         -190043.17633041803      
98          -152049.86002634364      
85          -121141.61027727771      
91          -137710.34837869927      
92          -146914.25405494298      
94          -148177.12031089907      
92          -136513.83033093761      
100         -159317.83624856122      
99          -160426.53135456066      
90          -134321.46758083912      
91          -137554.14431232089      
91          -137443.64930886522      
80          -106585.00129742778      
84          -113035.94091643619      
89          -126648.82313083464      
102         -164849.46662505367      
95          -144115.59278114242      
99          -151826.32498123453      
98          -149592.32575304236      
85          -109597.42339438378      
82          -103964.90060987227      
94          -141995.23267733637      
85          -117084.48632382732      
85          -115440.12849611609      
93          -139665.77158848671      
88          -126928.1134572101       
78          -96213.342868673062      
64          -74316.649831078772      
70          -78178.561047500116      
76          -87269.113847740649      
89          -122168.88273564237      
91          -133283.66494442945      
100         -156191.04064146735      
102         -163693.73463234963      
88          -118616.99931789718      
87          -122971.18657061557      
79          -100662.57519989046      
84          -115921.99838774055      
84          -124048.3931715318       
78          -105797.4589505835       
80          -107665.78175614699      
78          -96134.243488445412      
77          -97743.397582098973      
77          -106773.95103237049      
73          -106091.14812672429      
69          -94108.181227894383      
72          -90039.241522360448      
75          -91623.435686281213      
70          -75742.740990373539      
78          -95831.660402582376      
85          -119339.1124684879       
94          -140403.66200158276      
85          -113073.04600773854      
95          -135891.58713224964      
103         -158026.84126878204      
98          -145200.96343621539      
107         -180226.65699012237      
95          -153361.05451673217      
99          -162851.51563271217      
92          -138709.78102496345      
76          -100709.12901728571      
76          -99663.235095284574      
90          -130019.6544989964       
92          -136508.89610941141      
85          -122026.49062437849      
85          -116468.57515236118      
92          -136724.52373469406      
91          -134713.29333418919      
94          -137518.79170450781      
