510 1 -4127 35 35 35
112         -196254.92628571641      
112         -204113.23429365791      
110         -197297.80535143445      
116         -216103.70866050301      
106         -181122.37883400085      
111         -194940.52748186156      
121         -226670.14215981387      
125         -248537.58348310742      
129         -259308.72954157874      
125         -249032.13359011145      
122         -235187.94696270343      
122         -234249.5503453881       
117         -217236.20915752111      
114         -208507.61340684217      
117         -218191.37472414694      
114         -214977.03308582297      
121         -234271.86118899676      
120         -235262.18589342525      
120         -235480.29114633781      
124         -248088.4701515238       
118         -228454.88656660504      
124         -250057.68166825964      
122         -237798.18830286834      
115         -214411.3891398244       
118         -231265.83135566901      
129         -270611.80905296985      
129         -266017.18368747557      
128         -260957.25559871731      
127         -257884.20383543329      
124         -244329.8122320543       
126         -248566.89140551837      
121         -229220.58089321695      
115         -212558.67865049327      
118         -221886.34023589562      
109         -191593.36240195183      
105         -171990.14922719641      
103         -168405.17336992366      
99          -156976.10175049404      
101         -164574.4545500215       
98          -153891.50988992557      
88          -128977.52350294174      
94          -143224.70488233041      
107         -179604.01393721168      
100         -166594.65027827656      
96          -151922.44589440039      
99          -157115.75952747205      
98          -157423.66205210495      
98          -160883.92496619638      
104         -168906.01263251947      
104         -170038.65829995484      
105         -177603.20521416052      
101         -160003.69603782956      
102         -165323.96540089155      
105         -178789.91825619878      
109         -189819.05871781064      
112         -199971.48445278456      
102         -171284.98703986139      
106         -184762.73423323536      
102         -171445.63415481106      
102         -169207.53342899913      
103         -170385.5792057435       
108         -187494.32297376607      
110         -195938.39334972776      
112         -203281.26367414644      
103         -175499.47271358198      
92          -136513.65664647255      
92          -139708.78192706467      
101         -166754.08981281001      
109         -186377.80705281117      
114         -208846.57221844918      
121         -228090.23364476586      
118         -223050.42585564486      
123         -236696.42700497841      
121         -231807.8445527794       
121         -231797.57378930997      
117         -217141.75865109405      
118         -221564.55570050725      
113         -206372.64027508948      
113         -207383.69145632931      
114         -207695.51965025321      
113         -206979.5065002467       
120         -226301.28355411629      
119         -222925.17722896024      
118         -221536.54880228342      
116         -218238.28604080368      
116         -218212.34754523708      
124         -250241.19097010113      
118         -225022.11697261326      
114         -213649.74774967172      
112         -205609.69322153306      
113         -206172.93940207257      
113         -209032.67954762635      
117         -225496.37429298452      
123         -250288.46489784471      
127         -253389.78993034948      
127         -247761.40615722266      
119         -222007.38790591439      
120         -223669.19531051264      
119         -222162.54143107144      
113         -199384.03799464687      
107         -178549.39351990863      
