510 1 -4127 35 35 35
90          -45416.679334791523      
104         -56722.572011838362      
100         -55603.18815812339       
107         -68222.607273993824      
104         -63501.763408134371      
105         -62495.792832953492      
105         -60995.818614661504      
106         -62316.37532633479       
108         -65589.890518737317      
112         -71102.024021984209      
120         -80991.269029179224      
102         -60374.986928578815      
104         -62935.912405461175      
110         -70214.046937394232      
106         -66061.191231228353      
108         -70930.704490042699      
110         -73313.582580572271      
106         -68743.069258874719      
111         -76558.540466466002      
107         -69445.828946565336      
108         -69407.286234783372      
110         -69647.664010477471      
114         -74405.288456097216      
115         -77459.040450198474      
110         -73527.487699038989      
110         -68950.064150402512      
111         -70887.052445503534      
102         -61813.714614449615      
96          -56349.209845821446      
101         -58557.967287511266      
106         -64185.016186374087      
108         -66022.199269551988      
113         -73765.53618382047       
114         -75266.592922345066      
120         -80538.170331964182      
116         -76339.141939660185      
115         -72710.858343803106      
104         -61320.76780984088       
109         -64104.544839153161      
109         -68608.127649709902      
119         -79893.732760049461      
115         -76186.091808695943      
119         -82002.814400040748      
121         -86839.547395743823      
121         -85853.098440620583      
123         -87706.919019984707      
116         -79852.465371642043      
113         -74819.271817158995      
116         -75488.916942117154      
112         -69805.878841313533      
112         -69110.030949708249      
108         -68130.224851299165      
114         -73930.152156250915      
112         -72244.402842703814      
116         -76147.621058745746      
109         -69776.497773689596      
108         -69788.375927795685      
100         -59274.099654250604      
99          -58759.572891558579      
98          -56501.725133689128      
100         -58911.87055073279       
99          -60546.072485709185      
100         -62128.32562563102       
99          -60843.17641045434       
98          -59271.17720776207       
99          -60651.662614054381      
100         -59841.169282445881      
99          -59284.148194265857      
90          -47265.747531878398      
95          -52349.6907040652        
96          -57441.46185817552       
92          -52703.953819812581      
103         -63538.908168977359      
102         -62064.755201865526      
105         -64550.150230245781      
110         -71096.796128742571      
108         -67535.779431575633      
101         -57970.64243983612       
99          -57059.36070601907       
100         -57075.335241596164      
103         -56693.735885319045      
96          -51736.504142447506      
98          -52840.439981265627      
96          -52962.466131501831      
90          -48719.544851443163      
94          -52704.368194717485      
102         -57230.828492170287      
104         -60176.528572591975      
103         -59383.604673812944      
98          -56135.618876460387      
108         -65215.504559425608      
102         -58037.958505384493      
97          -55790.820110521716      
97          -54489.841528885881      
91          -49186.418797295373      
94          -50870.186894944658      
94          -52177.499012233486      
93          -56066.42884071845       
93          -52216.902124470245      
88          -48138.311084209919      
97          -55556.972443911676      
