510 1 -4127 35 35 35
40          -4187.8359286292216      
55          -8593.9032741645842      
46          -5152.1557626274089      
62          -10930.095825318855      
60          -9202.9932588608644      
57          -8257.9830690923336      
53          -7297.5079865088683      
45          -5903.8428724202131      
34          -2788.427472523445       
33          -3544.6573692959464      
40          -4382.6699950879984      
28          -2288.834197757632       
25          -1781.4972462743472      
24          -1795.7426124041772      
30          -2431.9681086325099      
40          -4970.1718444054868      
32          -3867.2609017354239      
25          -1689.0797290898213      
34          -3870.3127885414078      
27          -2040.481642294764       
32          -2646.3733488975295      
36          -3372.9650000934503      
37          -4292.6670000668337      
39          -5691.8862176035209      
46          -6533.4876235789407      
39          -4796.1250039059441      
37          -5503.2322439754589      
31          -3142.8451873522072      
24          -1260.5619799689841      
17          -1375.3416378920899      
35          -3165.5615882539987      
28          -1487.4811333334364      
38          -4002.9584306653542      
41          -4328.3273436090194      
45          -5612.1656294190561      
45          -5743.678962836997       
48          -5975.276243112864       
57          -10130.676412050123      
58          -9498.2490756465195      
62          -12183.471920265296      
54          -8386.8390809446937      
61          -10905.59299971914       
72          -13866.152781289435      
51          -7439.3957577391475      
67          -10889.128715294464      
67          -9963.342496217685       
62          -9663.9304358758054      
60          -9230.2131759875556      
67          -12707.201589828052      
58          -9352.0294591683396      
68          -10355.194035332837      
66          -10264.868111007934      
62          -8540.5552022736993      
64          -10795.894615440373      
54          -8357.5567291739517      
49          -7329.2236283578104      
50          -7005.262912619799       
47          -6681.7330603153332      
24          -1899.6114269641973      
33          -3217.354994184002       
33          -3553.6553783432273      
29          -2013.2078623522345      
39          -4164.3230762831881      
33          -2816.0679725604527      
27          -2489.8922590198472      
28          -2886.6955534035656      
21          -1679.9431063939876      
28          -2270.9526817668752      
24          -1944.2122323717088      
38          -3102.2732215912984      
44          -3814.2010432181764      
38          -3533.6263223697156      
35          -3397.1619568898891      
31          -2448.8344126139982      
37          -3898.4992469584618      
33          -3926.5425979317456      
48          -7215.0031939735882      
55          -8040.2676558703497      
66          -11290.222155976951      
58          -11275.632295402194      
71          -13837.344264490763      
65          -10823.553639407297      
65          -12285.510005795551      
63          -8947.7783359586247      
59          -10376.947946542436      
72          -14456.441917434378      
67          -14055.027797004646      
80          -18247.415587050535      
78          -17438.116049773806      
67          -11615.801577589935      
77          -15298.081288594312      
85          -20290.347754567323      
89          -19540.521622042903      
90          -19502.667641522879      
82          -18123.142918935973      
81          -18982.92446747252       
77          -16735.627867865729      
77          -12812.593597783314      
65          -11147.777298425986      
55          -8889.8029344807219      
56          -8940.1719107403042      
