510 1 -4127 35 35 35
56          -49538.412710443532      
71          -81052.168809084586      
70          -83977.971867264423      
71          -83275.918642009143      
65          -76454.735075534118      
60          -63062.472102084335      
60          -67674.08284910064       
55          -57951.276600004159      
39          -37461.167415587755      
26          -17591.70355285221       
16          -6349.4721389896513      
17          -4613.7425209678677      
16          -6663.9696212189338      
20          -7360.5642929769765      
21          -8891.4777960104657      
29          -13977.598815742242      
41          -24221.235636561691      
33          -18459.554463326087      
37          -28395.637688628194      
23          -10508.356417199786      
23          -10389.136228443778      
34          -21131.845835069515      
37          -22500.519228173285      
35          -18417.810950430103      
30          -11459.489325740164      
23          -10675.932080268409      
31          -16038.907845696218      
23          -7458.6144246912609      
29          -14158.416663094178      
38          -24796.557133863578      
43          -39225.952744382223      
45          -35629.368851249594      
39          -29477.840586264101      
34          -20840.905148706497      
40          -27960.155908774679      
28          -16765.704373292057      
29          -16960.353762308856      
19          -7177.7406016342675      
17          -3492.1173671640686      
17          -5298.4496814120348      
16          -4325.5177885486164      
26          -11523.302091964904      
29          -12680.657965886036      
38          -24158.765206021169      
38          -21849.018220888862      
28          -13971.246499950441      
35          -25882.364436481996      
40          -32323.221056987695      
28          -16658.035650315393      
36          -21280.232643376759      
34          -17908.982447020593      
35          -27092.295455391562      
37          -26992.798252441622      
40          -28933.920414269654      
35          -21916.036091867358      
29          -18603.098342438974      
19          -10700.449835370948      
26          -13264.361130667648      
30          -18083.954058006839      
24          -12883.251442877745      
30          -11163.716514800128      
31          -14416.674412985134      
19          -5769.8452992401744      
22          -7696.6851658142996      
29          -15749.980707166034      
35          -22083.307683647901      
45          -33115.488256189761      
48          -35116.410013399764      
41          -30890.860841183887      
35          -26336.901931215983      
40          -36261.95182384803       
39          -31658.529716081815      
37          -26336.994239322208      
41          -29415.800209125257      
46          -36847.589931592622      
57          -51644.227516242187      
59          -56171.84756586975       
50          -45969.105571940068      
44          -38190.275940765903      
31          -20308.491957105212      
44          -33818.661839174179      
42          -26482.314510804823      
31          -16220.973877361286      
27          -9723.3297722006464      
11          -1177.174662301109       
26          -11595.84244408491       
33          -15958.734731238557      
27          -15169.506933286517      
21          -12918.545497473382      
15          -5930.4955147484616      
15          -4831.4469521616738      
26          -11003.618636000951      
15          -5180.6186428391093      
20          -6974.9148215014757      
36          -19518.458364065998      
31          -15298.4238511733        
33          -16691.530282073123      
38          -27369.814964368365      
28          -14159.771846027819      
21          -8232.9220158018288      
30          -21511.734095089916      
