510 1 -4127 35 35 35
51          -17274.652231475186      
47          -13766.836933165545      
42          -13983.735340855805      
51          -20550.095329228629      
42          -12779.96039520152       
49          -15301.097643670539      
55          -18785.348399085575      
46          -13322.831690961877      
44          -11993.185847631232      
35          -6667.8417059287276      
42          -10530.114656151523      
40          -9372.8051711325552      
43          -12276.255856116954      
41          -10805.661816344369      
42          -8191.3401500789414      
29          -5713.8368974434998      
26          -4034.0764340487699      
23          -2322.4207774041015      
25          -3798.7739288674165      
20          -2660.7657771660997      
21          -3238.3707633136855      
19          -1076.3112005130981      
15          -693.55456031773588      
14          -1024.5209649519229      
21          -3413.6155476126651      
16          -1063.3867913334748      
16          -2055.6354220891571      
26          -4387.6056787783837      
25          -4567.6143888400302      
39          -8926.1625224947184      
32          -6298.2128268729493      
38          -7171.6593785018267      
38          -8154.7537431325609      
33          -7513.6861853730334      
30          -6962.0842283084012      
24          -3449.860924810846       
36          -8226.8410754652032      
36          -8945.7113091237716      
28          -5813.0486187613787      
32          -6187.6532818737769      
28          -6591.4425230506367      
24          -3604.3149180321366      
24          -5960.0930996289062      
35          -9536.6069208611261      
42          -15418.141068313036      
46          -13741.620153104135      
55          -16580.716823851264      
54          -16023.071841513723      
58          -19092.47696757242       
55          -16177.539856158104      
63          -25229.123685844013      
64          -23759.929588981911      
64          -24859.119876839046      
68          -27393.60796246706       
60          -20066.492658329564      
54          -16111.138619793885      
39          -8464.2412531574919      
38          -10377.326324242686      
44          -13878.132402163987      
46          -13788.368500178956      
33          -8493.5709783190432      
41          -10317.29075307988       
46          -13732.812231267984      
38          -10792.117167784676      
39          -10875.722356920962      
32          -9502.345370684141       
26          -6600.1644910037621      
33          -7555.6957303053468      
28          -6402.2003261968066      
18          -1673.0410131380595      
20          -3204.2797771170158      
23          -2942.2427634280393      
21          -3367.2054068893221      
21          -2503.8317683035048      
15          -1733.224415849711       
20          -2186.020803356022       
31          -5898.9830401950885      
21          -4443.6047906648691      
31          -7586.733240159585       
30          -7797.6106250272578      
17          -2572.2456174062245      
14          -1611.3543697893911      
13          -1546.2066273180344      
26          -3671.1670101752879      
36          -7604.7025796918933      
43          -11628.486764728004      
37          -6862.1317821454077      
31          -3705.5258197291605      
24          -4463.8102202583268      
28          -3856.3020938471373      
28          -4386.8415342465669      
35          -5781.8504926678279      
29          -4816.9257324304745      
17          -2690.6348201978999      
24          -3700.7105238319741      
33          -7441.9825258621559      
35          -7635.4579457495356      
42          -11320.302794556212      
44          -12489.132934732861      
51          -14254.372212491993      
54          -16653.841987997701      
