510 1 -4127 35 35 35
28          -3299.9344033797111      
21          -1562.0869542505425      
23          -1475.7186164463274      
23          -1896.9525604500993      
37          -4020.0617569215506      
32          -3245.7303635267858      
39          -3676.0246693369991      
39          -4621.7710089815482      
41          -5535.2111445455776      
31          -3268.6141088529093      
40          -5097.8565861854549      
35          -4649.6020263145347      
35          -3811.4518984569913      
41          -4276.060854006173       
48          -5081.7504544188432      
36          -2853.6758838369942      
23          -1749.5087057658475      
15          -319.29256300953409      
24          -1602.7874600320438      
25          -1811.3206431487445      
26          -1257.6772489306247      
27          -2159.8574047555653      
20          -1445.9539962601632      
13          -352.09485843941206      
30          -3025.8088841294593      
29          -3047.7491207607231      
21          -1167.6781530687017      
10          -172.77575905429862      
25          -1523.5718480652395      
33          -2735.5064144296107      
35          -3802.9292951851298      
42          -5126.4313864766209      
35          -2956.9025016433152      
37          -5085.7828097259116      
28          -3165.5779024036824      
31          -2729.4939727192777      
19          -1691.3750253093835      
34          -3265.2144176472507      
33          -3321.7325051698876      
25          -561.80314041759254      
31          -2329.5715618121089      
28          -2153.85931614524        
22          -1811.9297118181485      
43          -5696.3238122285275      
44          -6261.214387675891       
54          -7375.661554605178       
54          -8247.0947641944367      
54          -6722.8415272280517      
42          -4522.0207336580825      
38          -3777.8849959272225      
40          -4670.7613482637662      
38          -3496.8503757552703      
35          -3444.7360091653209      
32          -3338.7335021025065      
26          -2375.6547600627314      
20          -1924.0284486373409      
31          -3195.762292838891       
30          -2027.2037715023239      
19          -1598.8929394164632      
25          -1596.3418564148762      
28          -1649.993934228017       
20          -1519.0020214637459      
19          -1245.5824123978316      
24          -948.35114334286288      
31          -2673.3989819156714      
47          -6149.9022907037315      
41          -4857.3579147865521      
41          -5160.8543451843098      
47          -5701.9519303813649      
31          -3373.5850825747239      
40          -6587.7479724488903      
37          -4983.8270811057946      
37          -3928.214610927123       
42          -4916.5208017802188      
34          -3295.0052683459103      
41          -3714.0397471281058      
35          -4695.8562299626155      
34          -3300.9974623557232      
37          -3445.9629507115001      
30          -2808.1636889174661      
46          -6641.8835642673257      
56          -8352.6187214780603      
59          -9011.6253180558997      
62          -10189.24654805199       
53          -7086.6813827122205      
49          -7790.1336068911569      
53          -7986.6555824130019      
39          -3947.6395281765172      
38          -3163.8307794924585      
45          -5488.1837854178048      
46          -5129.3234421769776      
42          -6058.4982192553452      
34          -4150.6480088411181      
30          -2300.5077450197809      
32          -1225.1386779586483      
25          -3062.7065676114489      
22          -2186.3415112745611      
22          -1787.232996150341       
31          -2367.2530160122583      
27          -1787.9129639830053      
24          -1480.0754165830122      
