510 1 -4127 35 35 35
112         -70004.783560130483      
112         -74631.656738036327      
110         -73671.383645667185      
116         -79875.991720692589      
106         -65476.669893604172      
111         -69774.771991136658      
121         -81857.076415392527      
125         -90660.783996787402      
129         -95629.754213709544      
125         -90818.531221023688      
122         -85946.301726413498      
122         -85677.009331918147      
117         -76098.36653141155       
114         -73247.773960179489      
117         -77617.648529216138      
114         -76106.592846054788      
121         -81517.833231657482      
120         -83225.478908668141      
120         -84411.702515197787      
124         -88780.123641499144      
118         -81468.91915001515       
124         -87516.908640738344      
122         -83404.958924778039      
115         -74215.021999096774      
118         -81469.600401175499      
129         -98571.521587915049      
129         -97931.562546343455      
128         -96150.15941013585       
127         -94475.744599136087      
124         -88304.712079600984      
126         -90728.73659951851       
121         -83113.635209564469      
115         -77233.243878441717      
118         -79391.926382817866      
109         -67733.581695157656      
105         -61139.100541901964      
103         -59597.815177776429      
99          -55988.710918877943      
101         -57470.113782484739      
98          -54586.575670484177      
88          -47577.499673787584      
94          -50331.026457176311      
107         -62824.31445710946       
100         -60157.141625282224      
96          -53466.0454138532        
99          -55520.014428566363      
98          -54503.504241944262      
98          -55019.331521884393      
104         -59034.413181614473      
104         -59422.306515543823      
105         -62467.364007584009      
101         -56439.076553375729      
102         -59138.775293061488      
105         -63580.919471581336      
109         -67338.248260802444      
112         -71375.545592150695      
102         -59263.835042637555      
106         -63509.488274637428      
102         -61803.179435832477      
102         -64419.558156769308      
103         -60817.042454530485      
108         -66737.257922489487      
110         -68344.92167588626       
112         -70525.382882141625      
103         -61685.174460209324      
92          -49482.217378224377      
92          -50881.113136053871      
101         -58797.137448777736      
109         -65291.844140604764      
114         -72284.555813862258      
121         -80206.972228843078      
118         -76255.616893247716      
123         -79767.990461755558      
121         -79040.88273178949       
121         -81108.454871201538      
117         -78244.3402482815        
118         -79540.541913753041      
113         -72846.930367923735      
113         -73292.197586276307      
114         -72886.671048355245      
113         -73959.108798050424      
120         -81974.638368848668      
119         -78460.703484624843      
118         -77943.011166897617      
116         -76022.14704734995       
116         -75496.06728768452       
124         -88633.386443831099      
118         -78608.315228987849      
114         -74371.569003128199      
112         -72603.699523709918      
113         -72744.060467276999      
113         -74537.438545264115      
117         -81598.864640744112      
123         -89233.751195076969      
127         -91330.841352955555      
127         -88435.411433762085      
119         -79112.994187865188      
120         -78982.649155776991      
119         -77488.052274662623      
113         -69253.482453029428      
107         -62100.856464536249      
