510 1 -4127 35 35 35
117         -220311.2996361329       
117         -222916.64653935574      
123         -239416.14112939907      
125         -246735.71046460516      
123         -239413.00712357668      
116         -218055.6982331154       
108         -201793.38059135521      
121         -239593.06367261399      
122         -245259.07878039021      
125         -248652.23246168616      
108         -198272.02232578228      
102         -176059.15849766936      
100         -171211.01772993844      
100         -170147.64768928441      
101         -166276.80010824226      
103         -172481.17567210982      
99          -166388.54099595599      
101         -167904.39147391525      
105         -178218.39977537023      
101         -163267.91319305552      
94          -144708.05860896877      
94          -146813.14213228968      
105         -181891.6144096893       
105         -180224.48326096259      
103         -169932.91592831002      
96          -157810.50952578764      
95          -153682.51561455254      
94          -151475.28317183515      
90          -142755.76616464407      
91          -143816.18031701047      
98          -164332.6618661955       
103         -176630.91126547684      
106         -182135.19289792256      
103         -170790.78712801216      
116         -207625.72768211056      
111         -198386.36007370948      
109         -183990.41546909115      
108         -178004.71850162029      
103         -166504.83476432931      
90          -127574.88190884766      
92          -133062.78389115591      
92          -130070.86148185159      
85          -115258.87353459783      
77          -101867.11057926121      
87          -131830.02920527925      
88          -142621.55985562201      
85          -131650.94816194088      
73          -98477.177663769704      
85          -115997.57423600106      
85          -115219.01011391979      
94          -142125.0789744342       
88          -133988.87252200837      
89          -130057.90679242901      
73          -95188.548601457587      
75          -99527.701938302343      
71          -92233.093842343718      
62          -71718.669194634698      
69          -81754.96720885417       
65          -73446.211226012034      
67          -85779.215584034551      
71          -86419.590093160165      
60          -65462.454833360673      
64          -75291.991671151336      
65          -76391.029668186558      
66          -80581.469393948384      
68          -80640.54673496123       
62          -74823.049070198525      
49          -51963.856152334964      
60          -63068.814626660416      
59          -55654.777351524761      
54          -51785.466572984966      
57          -65730.039892651723      
52          -52263.882510872594      
61          -64078.066745131597      
69          -79352.894483664786      
66          -72848.629047605864      
66          -77535.856794556254      
72          -83622.283288955339      
63          -65947.66879191206       
55          -50289.602497950174      
57          -57138.956790538221      
58          -65451.774297297132      
55          -58515.201335093101      
62          -58865.862465055405      
56          -51924.310269741472      
49          -41297.369483698334      
45          -38979.64049100718       
39          -23744.300295507543      
29          -20902.546957295908      
32          -18773.86897918845       
39          -24515.595570549849      
39          -26093.070704946324      
26          -14110.336360521245      
31          -18422.714281958124      
32          -20811.240438883218      
35          -30326.198446555107      
24          -13965.907732264206      
20          -8839.0368442988329      
25          -11870.190295647204      
19          -5118.9339219592766      
26          -11736.470183496165      
