510 1 -4127 35 35 35
119         -78827.613548827343      
117         -74345.795548841124      
118         -77043.317432432144      
117         -75522.994780976136      
120         -77230.566795451465      
107         -64420.955182294289      
113         -71392.506886276446      
116         -73401.079303039747      
112         -68093.144379646212      
118         -77807.303367782893      
114         -72220.693591984367      
107         -60421.605348142955      
107         -65454.288460765674      
111         -67844.439070956214      
106         -59551.829721062873      
98          -53517.57285637052       
106         -61684.017168726139      
108         -63890.090377961526      
104         -60067.974892775273      
103         -58295.869778055996      
101         -56469.13294920823       
101         -57439.821519929392      
99          -59053.880232464493      
106         -66543.965939977643      
103         -62047.492655780472      
109         -67211.637996171921      
102         -59602.025617990061      
106         -64515.591016014208      
105         -63952.844941861753      
99          -56436.618256196933      
92          -48476.254715401854      
92          -45725.592585483857      
86          -42869.56715036722       
82          -39041.221091999869      
91          -50344.101604656636      
84          -40362.730698321313      
81          -39389.914538055709      
83          -40401.726209294458      
88          -45040.46517398455       
79          -36182.743481020421      
75          -32579.798513205118      
75          -31952.318451773666      
75          -29794.491509557094      
60          -23055.931625151348      
68          -31645.899915374655      
75          -33867.364612054007      
68          -29483.440403932967      
79          -40334.838461535954      
86          -44916.144066768597      
84          -40356.702570476235      
86          -38521.421159535952      
83          -38268.571358040426      
74          -32384.673557332091      
74          -29591.78648933892       
62          -22276.612183641468      
63          -24957.048681836077      
56          -20569.588477664231      
52          -18589.29908820345       
59          -23289.702455213093      
61          -26819.098054227132      
52          -20431.13644751679       
55          -18193.006636591916      
49          -18471.946062296782      
44          -12738.307199987812      
49          -15736.358365937374      
57          -21623.983265981042      
65          -25139.59629372229       
61          -21543.855407881678      
60          -20797.450419007499      
59          -20362.842515628403      
65          -26366.531942703114      
60          -24102.082597598641      
62          -24937.657138529314      
64          -22034.114779289674      
68          -28293.224914707411      
65          -24899.776099273153      
65          -27270.602113987745      
62          -26135.391402370558      
64          -28137.562474352715      
59          -24120.250516063385      
52          -18002.50077494733       
54          -17165.716569556011      
52          -16535.38611623305       
47          -13442.845981517934      
53          -16865.569481885042      
61          -21219.921066367377      
63          -23204.974694464672      
73          -31886.863699936319      
53          -19698.168640660177      
56          -18484.287393832299      
53          -15982.665594261116      
54          -17826.123696481252      
42          -13097.516034258213      
40          -9252.1286298866962      
37          -10188.074464961357      
38          -11067.431025930455      
27          -4406.6033794497189      
29          -3329.84064444155        
22          -3648.0720728471315      
27          -4489.4229549176107      
39          -9591.050807833104       
