510 1 -4127 35 35 35
55          -57520.504419181307      
61          -69252.100283955762      
53          -49634.076433963295      
43          -34740.315038866669      
38          -25676.657172562034      
34          -21759.890802822589      
33          -16503.383295509564      
48          -40365.7115896783        
54          -57865.279784845916      
54          -47951.668081697513      
45          -39039.064385721991      
43          -34598.226005154145      
39          -29627.183372956235      
49          -38140.180085600179      
46          -42210.733269709468      
43          -33793.675865329664      
47          -36645.936560179485      
62          -65050.334331285267      
75          -99202.998526569048      
70          -79121.056682982744      
72          -84640.17731912309       
73          -83928.641879998526      
66          -75084.77501539026       
77          -95509.981514945757      
73          -87962.818447564146      
71          -87108.248596806603      
75          -96528.105621244496      
84          -120197.50348200776      
72          -93062.231178827118      
75          -98598.091593135556      
70          -92348.719616330374      
76          -100198.53843988666      
83          -102849.97259580919      
87          -116878.11854117407      
85          -110037.07923725403      
89          -117098.48393491935      
96          -139831.94719520741      
93          -132695.27750893531      
92          -129321.27413621712      
89          -121150.34345084353      
87          -124464.12217241357      
88          -129395.86756118508      
91          -136264.44628934114      
95          -147580.52405585031      
104         -172407.605346592        
106         -182312.90813626643      
107         -188723.3597939398       
115         -208202.29368423548      
117         -217135.76147962318      
121         -235546.57174162858      
115         -210365.32651395589      
111         -196073.09614525409      
108         -190315.5073351287       
110         -191143.06840484371      
111         -193016.43807641475      
103         -169831.84651383141      
101         -160159.96724289405      
95          -143840.89261797734      
99          -153784.6577881875       
105         -170156.36574214694      
103         -167624.90076802869      
103         -177547.38864211366      
104         -181176.49420998889      
104         -183475.41641286112      
97          -159358.34827264855      
95          -142780.00912592176      
100         -157131.94380953655      
99          -153135.65619224324      
100         -150975.63191300741      
101         -152440.8877695516       
94          -138555.39713286902      
88          -128199.2826604993       
83          -114179.45893642264      
84          -117794.67834777139      
97          -152309.13745703702      
89          -131756.83066939184      
98          -161173.73845109699      
106         -180711.26595838796      
105         -174561.29104604313      
105         -174382.72001162489      
99          -158277.41930872231      
100         -155819.60224330422      
92          -131344.39561393499      
96          -144221.30577512755      
96          -147810.04989977746      
93          -132930.86376564685      
92          -130258.8656890948       
91          -134319.39713729461      
87          -127987.31602400672      
94          -147810.02757893596      
101         -161368.44780298218      
109         -182301.36488670422      
110         -176581.20379461659      
118         -210040.72504496586      
109         -174573.56213099853      
107         -175037.61214941822      
105         -177021.76193548983      
103         -173769.61125587666      
104         -168459.09694160809      
109         -192940.68392222916      
120         -230936.82543521438      
