510 1 -4127 35 35 35
88          -19702.084040800135      
89          -20873.479382272719      
94          -23122.950967419001      
96          -21655.003533738163      
102         -25862.890722981178      
103         -25088.156444051427      
93          -22685.640327377248      
90          -20717.404937511135      
88          -21246.91720612919       
91          -20508.424545999376      
97          -20665.175446137404      
103         -25810.28915278675       
101         -26784.18732336225       
104         -29753.261678929161      
107         -30646.214025859077      
105         -30243.077864275179      
106         -29773.431902582368      
109         -32910.418877595454      
108         -31558.603283795197      
113         -33741.465920242241      
117         -35421.595018104592      
110         -30711.921280966442      
102         -27679.843158049542      
105         -27468.097555582521      
109         -30377.696238929246      
111         -31777.619251076034      
108         -29955.919801602719      
115         -34327.265098368342      
119         -34426.810825807996      
119         -34958.882277758959      
121         -34202.856416351322      
120         -34372.715686150827      
118         -35315.277269915641      
111         -30871.555024460187      
117         -35224.176495852553      
115         -35580.451008919234      
117         -33699.509388541293      
121         -36116.486225919958      
111         -30227.30216097962       
110         -29284.100105760637      
109         -29028.582065561244      
97          -21212.42351864115       
94          -20673.917890561654      
99          -24838.088872199532      
93          -24146.321498318412      
92          -23541.649484500111      
83          -19198.369090673117      
91          -22448.68193188927       
94          -23760.13367925314       
91          -20343.321201354604      
79          -17926.17330061796       
78          -18247.049937324136      
79          -16601.128159256379      
77          -18047.47730050821       
81          -17218.821218803405      
83          -19748.002386819342      
92          -23828.674172378931      
98          -25692.918636715058      
108         -31252.607250113881      
108         -32383.753041175227      
107         -30923.612396667024      
107         -31403.642644071915      
101         -28831.985371165953      
107         -28833.865879712128      
99          -24483.779838347946      
104         -25472.050096295152      
113         -31934.302254016631      
105         -28142.436817401511      
109         -30648.236828061163      
107         -28576.147807834863      
102         -27213.62246501094       
102         -25452.951671682818      
98          -24745.515765084656      
111         -29806.021972630155      
98          -26022.364972515945      
99          -25702.520762582761      
104         -29117.595446569609      
101         -27390.227901979259      
109         -30502.087506787691      
102         -26693.686375082332      
113         -31570.909335385419      
116         -35003.56720481097       
111         -32667.526172670816      
111         -31219.218035879716      
103         -29051.143979080418      
111         -28847.838426070764      
101         -23787.986085049477      
102         -27174.128740370685      
93          -23438.333980938387      
96          -24946.229524042534      
93          -22274.566189732021      
85          -21728.099170770991      
92          -23197.826768258987      
97          -26141.624305671885      
99          -26041.621404517009      
99          -27433.011463391151      
103         -28694.652543259024      
108         -31076.711074441231      
105         -28950.508325839161      
106         -28694.875377321016      
101         -26679.548808510575      
