510 1 -4127 35 35 35
102         -168555.23834595142      
97          -154257.06509180099      
92          -136637.21092252253      
94          -143028.72656920407      
96          -147420.03921964185      
100         -162834.3327197489       
108         -184932.82142106799      
111         -195943.85153283313      
112         -196418.07972615113      
110         -191080.95037892569      
115         -208812.15101038001      
114         -206774.50359222642      
117         -212590.41965839404      
120         -218768.87947685245      
121         -221797.95855368671      
119         -218920.96315927309      
103         -167956.1949513673       
101         -163799.13219359191      
108         -184226.99858072182      
108         -187387.66675926454      
100         -164413.15435845545      
103         -174165.27847794339      
110         -198175.20962699834      
105         -182236.78292296908      
95          -153131.53123054246      
94          -141473.88186034863      
94          -136241.49096855751      
98          -153049.40324028849      
104         -176636.51892355023      
109         -188409.91331056342      
103         -174440.89624710978      
100         -169869.12818220875      
93          -149612.4980696493       
92          -139912.46405306461      
87          -125604.50872080558      
77          -101279.04960095516      
76          -104457.10803081539      
79          -103158.0023004273       
94          -143626.21576570463      
93          -143274.80745533295      
90          -125910.5990978754       
90          -133628.05178932339      
86          -118754.02200411478      
91          -134798.64678948227      
80          -106351.9942294745       
87          -119284.86880299245      
90          -136142.85652158601      
90          -130722.19850748319      
85          -122426.1553545614       
77          -95595.322278870241      
76          -99468.272322982913      
92          -137311.58802899119      
95          -143298.73941091727      
99          -156130.68452143436      
96          -141331.66097534931      
90          -121842.91031190225      
94          -141782.58645264481      
92          -131193.61532557418      
91          -125926.62851192646      
94          -134525.56435586998      
100         -155262.65043261836      
102         -169566.03232730215      
104         -169168.79446833913      
106         -180221.39989471433      
100         -163299.25598309879      
91          -142979.94830982701      
96          -151293.60846459185      
89          -136567.7068552007       
92          -141661.48189127259      
95          -148093.84426438616      
96          -144073.09017769663      
97          -161537.9582890938       
97          -157435.25416479434      
109         -189762.27608198434      
104         -173968.61808404268      
101         -166126.45068006526      
101         -162343.72846705501      
102         -165668.54884428001      
101         -166935.19282031822      
107         -182883.72743004741      
101         -166987.33913874591      
101         -167536.80453147044      
101         -167598.89325986663      
106         -171147.08828222833      
103         -162776.50276586265      
108         -183226.67713638549      
110         -191383.44793211482      
114         -203831.77776240261      
112         -196839.77894206948      
106         -174391.25020096853      
111         -194131.22226291403      
107         -179064.44307584013      
108         -185228.65305439185      
105         -176364.78455532703      
110         -185507.72609077391      
106         -177238.40408581885      
105         -172833.88157804924      
100         -158495.36999117883      
99          -149967.85975906486      
99          -156366.30091930053      
102         -161201.10765074563      
