510 1 -4127 35 35 35
30          -6988.4007206339847      
35          -9841.2882159332548      
34          -8597.493530073607       
33          -5975.0235516452312      
24          -4089.0208761170124      
18          -2638.5882790891601      
21          -2234.5569509989682      
24          -3297.2014624048388      
20          -1869.5223669043346      
22          -2911.3400136846799      
31          -5342.1704184209184      
43          -8544.686777683195       
47          -13375.774390847346      
38          -13048.410530743031      
32          -7757.8292303125236      
37          -7899.7038717788264      
31          -5231.5003283365695      
42          -11628.96039904138       
39          -10606.23508073616       
34          -8302.8934744247781      
32          -8034.2591018066832      
42          -11570.817819182901      
40          -10199.681085705473      
36          -7328.0595838507943      
43          -12113.74217499503       
43          -11600.385015873175      
47          -14746.648015000044      
57          -22182.892605469122      
58          -22095.643013098252      
59          -24486.232623072974      
57          -21695.281069441506      
64          -26028.422598313722      
64          -25956.707676698621      
74          -34213.089392349473      
71          -33757.200439906548      
69          -29532.660804069114      
66          -27790.631770727454      
72          -31873.306162676996      
80          -41021.961186424822      
76          -33710.10286093485       
82          -40961.127699371595      
83          -41583.807187465973      
84          -43335.608431401924      
86          -43048.484682047725      
91          -43009.341977379678      
84          -40411.568667734158      
86          -42104.853720717962      
83          -38344.125692504967      
86          -40328.210397331044      
86          -38456.793391231404      
85          -40518.447076442368      
84          -37486.501931865634      
89          -45687.04550188523       
100         -55054.775356529171      
105         -57318.420547404356      
103         -55776.271453174217      
101         -54023.746017701524      
110         -68252.283873609282      
111         -71709.022206524402      
109         -68605.016606732519      
100         -59066.275884299765      
94          -54418.317427734415      
85          -45192.750666398824      
86          -41736.677688161479      
78          -37379.627134064853      
72          -31873.672554843743      
64          -27117.396192653614      
64          -26772.701318644868      
62          -24346.286975878451      
69          -30837.347126372511      
78          -36012.742578198522      
80          -38052.512185980653      
78          -38557.643910239996      
77          -34832.393726537943      
84          -41114.132727636294      
89          -44866.469806117202      
99          -54392.331471765239      
95          -48981.814355389055      
93          -48269.510994520992      
85          -38842.248177461479      
84          -40037.747973289508      
83          -40457.328615632963      
75          -31362.533017308815      
76          -33066.56239295024       
71          -30481.345924557285      
67          -30212.801696812305      
70          -30489.615175983676      
83          -42485.057570964993      
76          -39466.528119634881      
81          -42449.112955151533      
75          -36975.202683060597      
86          -44811.180450234053      
84          -41388.98871045118       
87          -43974.330149291687      
87          -44163.258628794443      
88          -47407.033158541795      
95          -54719.270075216351      
98          -56320.40269422446       
97          -52040.296312900187      
98          -56685.771026613496      
96          -50964.511618781573      
