510 1 -4127 35 35 35
30          -7026.0965776620533      
35          -9716.6987076473924      
34          -8445.9513948159019      
33          -5847.0463749585733      
24          -3993.7465854860498      
18          -2626.1516812519012      
21          -2180.0204677384245      
24          -3258.8208978128409      
20          -1857.807685246655       
22          -2911.3604188554277      
31          -5331.4477844306084      
43          -8377.7871697243245      
47          -13168.283794632054      
38          -12808.278309702642      
32          -7713.8496140468515      
37          -7830.2116196829447      
31          -5191.5672867230114      
42          -11461.70564462772       
39          -10518.832865573479      
34          -8221.25016715321        
32          -7880.4314379847219      
42          -11413.517228634219      
40          -10061.069403437768      
36          -7202.2942492551319      
43          -11889.278255343646      
43          -11420.740786333015      
47          -14485.190670589765      
57          -21805.560600023011      
58          -21798.66627888471       
59          -24123.8295574279        
57          -21721.433040938275      
64          -25822.622516921769      
64          -25561.160587777653      
74          -33614.836263391859      
71          -33202.669885993535      
69          -29128.774110406262      
66          -27248.567247288589      
72          -31389.132735138439      
80          -40413.114769140499      
76          -33318.19779857657       
82          -40208.938237874041      
83          -40925.136861218416      
84          -42980.495064659539      
86          -42665.809249680256      
91          -42998.537741924316      
84          -40214.841209630409      
86          -41958.812139260612      
83          -37887.444201247214      
86          -39750.994180132089      
86          -38244.514012562635      
85          -39952.784082976847      
84          -37161.78924342095       
89          -45103.189862578161      
100         -54373.761894912677      
105         -56748.287444747795      
103         -55138.217126107353      
101         -53424.220800407122      
110         -67241.003725971634      
111         -70683.463188687369      
109         -67660.819572631532      
100         -58452.818211416568      
94          -53710.84796742996       
85          -44504.372737797443      
86          -41135.208808403753      
78          -36887.585626043365      
72          -31410.227048757071      
64          -26675.228140963467      
64          -26316.119067188552      
62          -24143.652578729536      
69          -30504.04266744999       
78          -35655.683867272201      
80          -37518.152578177134      
78          -37970.115629406042      
77          -34362.246868183887      
84          -40629.662002082609      
89          -44398.272113824241      
99          -53575.759742501883      
95          -48212.040680293052      
93          -47282.701120519494      
85          -38378.092619405761      
84          -39644.111429546945      
83          -39846.711344343523      
75          -30830.20749235895       
76          -32712.074324597332      
71          -30032.240859457241      
67          -29635.463322908068      
70          -30116.516140089781      
83          -41797.973933055633      
76          -38896.983796428955      
81          -41961.750219576003      
75          -36389.177414430516      
86          -44120.251088556615      
84          -40732.422134053784      
87          -43335.466108703011      
87          -43476.433836598699      
88          -46560.610813472187      
95          -53875.634577475772      
98          -55403.395605612364      
97          -51351.758631365141      
98          -55966.601713457479      
96          -50494.602793444617      
