510 1 -4127 35 35 35
123         -89197.640661917758      
126         -92420.23418208868       
129         -96057.621084579689      
129         -93818.980490151211      
132         -103153.23702397084      
134         -103310.08135232783      
135         -104870.06030741977      
123         -85961.178961727375      
128         -93928.710048500856      
125         -89370.949895957339      
121         -84852.482934912623      
112         -73255.459385984956      
102         -64140.940014011147      
101         -61363.987832078099      
104         -60037.146489497092      
102         -57013.210151957552      
100         -58734.838736895217      
109         -67663.083928956956      
108         -67757.620999875886      
111         -70462.454926854349      
115         -75139.05913826717       
113         -74165.262268175764      
113         -71542.43299086325       
110         -69761.766050750724      
108         -67901.386541078726      
107         -68389.687243115142      
101         -58033.32461356272       
96          -52795.299332965558      
103         -57418.772846551765      
101         -58444.63230870293       
105         -61525.884990098217      
110         -68516.974737832817      
109         -67542.901085916834      
107         -64858.504564373325      
105         -66654.054659124216      
104         -65197.359923202501      
111         -67982.159421595206      
112         -71964.402570699051      
108         -65884.941826325157      
104         -60512.004167331121      
90          -48749.633676176381      
93          -50922.502028048271      
91          -49045.033843839599      
100         -54466.945912091942      
97          -53096.834291414983      
97          -51960.130693233383      
91          -44982.609440673143      
80          -37666.745796199364      
87          -43353.993706637404      
84          -42694.359532123599      
80          -40433.304074784639      
88          -42453.752244618292      
82          -38815.341271814985      
93          -52885.827418326517      
94          -50755.551617592981      
91          -51232.762833843066      
92          -51261.317753654119      
86          -43627.441701996016      
88          -48866.608018156439      
94          -51568.659037920297      
100         -57292.483449461295      
112         -67863.026849636051      
112         -67793.878764416091      
113         -71477.393699562541      
113         -70624.009414384243      
113         -68725.622010772771      
110         -64088.344518732447      
112         -68572.67548550028       
119         -77164.926492435174      
122         -84016.892609174116      
121         -81709.923583716925      
114         -76646.210420040312      
108         -68605.751234516763      
112         -70003.631290153629      
107         -63673.950301649085      
100         -58192.324391615846      
101         -57413.882999778107      
106         -64588.516138769563      
108         -64071.302272780675      
106         -61451.099810121683      
105         -59871.507134284795      
110         -67450.874277534327      
111         -69893.141349024707      
120         -78752.563567952704      
124         -85696.661676396427      
125         -87258.863368696257      
134         -96694.324572182988      
121         -83370.485128557921      
117         -77110.383740072182      
111         -67123.447708400476      
112         -69935.381036622028      
104         -60830.211689033662      
99          -58583.629878740598      
101         -59158.157985469014      
96          -53987.84685777493       
103         -59311.31352904559       
106         -63144.65479400778       
104         -59301.029937026804      
102         -56692.609529528578      
111         -68606.434757611947      
115         -74471.649302497928      
