380 0.4059(4) 0.0792(2) 25.89(3) 9.96(2) 0.601(2)
370 0.4319(3) 0.06223(9) 21.74(3) 11.47(1) 0.660(2)
360 0.4534(3) 0.04960(6) 18.11(3) 12.71(1) 0.709(2)
350 0.4720(2) 0.03984(4) 14.96(2) 13.737(8) 0.750(2)
340 0.4889(1) 0.03202(3) 12.22(2) 14.633(6) 0.785(2)
330 0.50450(8) 0.02564(3) 9.87(2) 15.432(6) 0.816(2)
320 0.5191(1) 0.02038(2) 7.87(2) 16.154(5) 0.843(2)
310 0.5330(2) 0.01605(1) 6.18(2) 16.813(3) 0.868(3)
300 0.5461(2) 0.01249(1) 4.77(2) 17.420(5) 0.890(4)
290 0.5588(1) 0.00958(2) 3.62(2) 17.984(6) 0.910(5)
280 0.5710(3) 0.00723(2) 2.68(1) 18.51(1) 0.927(6)
270 0.5828(6) 0.00534(2) 1.94(1) 19.00(2) 0.942(7)
260 0.5944(3) 0.00385(2) 1.368(9) 19.47(1) 0.954(8)
250 0.6057(4) 0.00271(2) 0.934(6) 19.91(1) 0.965(9)