380 0.4047(3) 0.07414(9) 25.47(4) 10.352(3) 0.632(1)
370 0.4342(1) 0.0602(1) 21.44(3) 11.695(5) 0.673(2)
360 0.45600(7) 0.04852(7) 17.87(3) 12.846(7) 0.715(2)
350 0.4744(2) 0.03912(5) 14.76(3) 13.84(1) 0.754(2)
340 0.4911(3) 0.03149(4) 12.06(3) 14.72(1) 0.787(2)
330 0.5064(2) 0.02524(4) 9.74(2) 15.496(8) 0.817(3)
320 0.5209(1) 0.02009(3) 7.76(2) 16.206(6) 0.844(3)
310 0.5348(1) 0.01584(3) 6.09(2) 16.860(3) 0.867(3)
300 0.5480(3) 0.01235(3) 4.70(2) 17.46(1) 0.886(4)
290 0.5605(3) 0.00950(3) 3.55(1) 18.00(1) 0.901(5)
280 0.5725(3) 0.00720(3) 2.62(1) 18.49(2) 0.910(6)
270 0.5842(1) 0.00535(3) 1.885(9) 18.95(1) 0.912(8)
260 0.5955(2) 0.00389(3) 1.310(8) 19.37(2) 0.90(1)
250 0.6066(3) 0.00276(3) 0.873(9) 19.74(3) 0.89(1)