330 1 -3625 35 35 35
1           -1.3980144597053374      
0           0                        
0           0                        
0           0                        
0           0                        
0           0                        
0           0                        
0           0                        
0           0                        
0           0                        
3           -12.582130137348038      
0           0                        
0           0                        
0           0                        
0           0                        
0           0                        
0           0                        
0           0                        
2           -5.5920578388213498      
1           -1.3980144597053374      
3           -152.6019960479419       
3           -851.99003560948836      
0           0                        
3           -292.4827640313635       
1           -1.3980144597053374      
1           -1.3980144597053374      
0           0                        
0           0                        
0           0                        
0           0                        
2           -424.47443423095439      
1           -1.3980144597053374      
0           0                        
1           -1.3980144597053374      
0           0                        
0           0                        
1           -1.3980144597053374      
2           -5.5920578388213498      
0           0                        
0           0                        
0           0                        
0           0                        
0           0                        
1           -1.3980144597053374      
2           -5.5920578388213498      
0           0                        
2           -5.5920578388213498      
0           0                        
2           -5.5920578388213498      
2           -5.5920578388213498      
0           0                        
0           0                        
1           -1.3980144597053374      
0           0                        
1           -1.3980144597053374      
5           -2452.213192227593       
2           -5.5920578388213498      
0           0                        
2           -32.122555573198873      
1           -1.3980144597053374      
0           0                        
0           0                        
1           -1.3980144597053374      
0           0                        
0           0                        
1           -1.3980144597053374      
0           0                        
1           -1.3980144597053374      
1           -1.3980144597053374      
1           -1.3980144597053374      
1           -1.3980144597053374      
0           0                        
1           -1.3980144597053374      
0           0                        
1           -1.3980144597053374      
0           0                        
1           -1.3980144597053374      
0           0                        
0           0                        
2           -5.5920578388213498      
1           -1.3980144597053374      
2           -5.5920578388213498      
0           0                        
1           -1.3980144597053374      
1           -1.3980144597053374      
2           -5.5920578388213498      
0           0                        
1           -1.3980144597053374      
0           0                        
1           -1.3980144597053374      
2           -230.20211467260776      
1           -1.3980144597053374      
1           -1.3980144597053374      
1           -1.3980144597053374      
0           0                        
1           -1.3980144597053374      
0           0                        
0           0                        
1           -1.3980144597053374      
2           -5.5920578388213498      
2           -5.5920578388213498      
