330 1 -3625 35 35 35
1           -0.56280112786218028     
1           -0.56280112786218028     
2           -2.2512045114487211      
1           -0.56280112786218028     
0           0                        
0           0                        
1           -0.56280112786218028     
0           0                        
0           0                        
0           0                        
1           -0.56280112786218028     
1           -0.56280112786218028     
1           -0.56280112786218028     
0           0                        
2           -2.2512045114487211      
0           0                        
0           0                        
2           -2.2512045114487211      
0           0                        
2           -2.2512045114487211      
0           0                        
2           -2.2512045114487211      
2           -2.2512045114487211      
0           0                        
0           0                        
1           -0.56280112786218028     
2           -2.2512045114487211      
1           -0.56280112786218028     
1           -0.56280112786218028     
1           -0.56280112786218028     
0           0                        
1           -0.56280112786218028     
0           0                        
2           -2.2512045114487211      
0           0                        
2           -2.2512045114487211      
0           0                        
1           -0.56280112786218028     
1           -0.56280112786218028     
1           -0.56280112786218028     
1           -0.56280112786218028     
1           -0.56280112786218028     
0           0                        
1           -0.56280112786218028     
1           -0.56280112786218028     
2           -6.0421689127957219      
0           0                        
2           -4.9695774923518199      
0           0                        
1           -0.56280112786218028     
1           -0.56280112786218028     
0           0                        
2           -2.2512045114487211      
2           -2.2512045114487211      
0           0                        
0           0                        
2           -535.23192391722716      
0           0                        
2           -2.2512045114487211      
1           -0.56280112786218028     
0           0                        
0           0                        
1           -0.56280112786218028     
1           -0.56280112786218028     
0           0                        
1           -0.56280112786218028     
1           -0.56280112786218028     
1           -0.56280112786218028     
1           -0.56280112786218028     
1           -0.56280112786218028     
1           -0.56280112786218028     
0           0                        
0           0                        
0           0                        
2           -2.2512045114487211      
0           0                        
1           -0.56280112786218028     
1           -0.56280112786218028     
2           -2.2512045114487211      
0           0                        
0           0                        
1           -0.56280112786218028     
0           0                        
1           -0.56280112786218028     
1           -0.56280112786218028     
1           -0.56280112786218028     
1           -0.56280112786218028     
0           0                        
0           0                        
0           0                        
0           0                        
0           0                        
2           -2.2512045114487211      
1           -0.56280112786218028     
1           -0.56280112786218028     
1           -0.56280112786218028     
0           0                        
0           0                        
1           -0.56280112786218028     
1           -0.56280112786218028     
2           -2.2512045114487211      
