330 1 -3625 35 35 35
1           -0.54612738881350809     
1           -0.54612738881350809     
0           0                        
0           0                        
0           0                        
1           -0.54612738881350809     
2           -2.1845095552540323      
1           -0.54612738881350809     
3           -4.9151464993215725      
1           -0.54612738881350809     
0           0                        
1           -0.54612738881350809     
0           0                        
0           0                        
3           -4.9151464993215725      
4           -42.045121873323794      
1           -0.54612738881350809     
1           -0.54612738881350809     
3           -4.9151464993215725      
0           0                        
1           -0.54612738881350809     
0           0                        
1           -0.54612738881350809     
1           -0.54612738881350809     
0           0                        
1           -0.54612738881350809     
1           -0.54612738881350809     
0           0                        
0           0                        
0           0                        
1           -0.54612738881350809     
0           0                        
0           0                        
0           0                        
1           -0.54612738881350809     
3           -4.9151464993215725      
0           0                        
2           -2.1845095552540323      
0           0                        
0           0                        
1           -0.54612738881350809     
0           0                        
0           0                        
0           0                        
0           0                        
0           0                        
0           0                        
0           0                        
0           0                        
1           -0.54612738881350809     
0           0                        
2           -12.508063093274252      
0           0                        
1           -0.54612738881350809     
0           0                        
0           0                        
0           0                        
0           0                        
0           0                        
1           -0.54612738881350809     
1           -0.54612738881350809     
0           0                        
0           0                        
0           0                        
0           0                        
1           -0.54612738881350809     
1           -0.54612738881350809     
1           -0.54612738881350809     
1           -0.54612738881350809     
1           -0.54612738881350809     
1           -0.54612738881350809     
1           -0.54612738881350809     
2           -283.27394296488069      
0           0                        
0           0                        
0           0                        
1           -0.54612738881350809     
3           -4.9151464993215725      
2           -2.1845095552540323      
1           -0.54612738881350809     
1           -0.54612738881350809     
0           0                        
1           -0.54612738881350809     
1           -0.54612738881350809     
1           -0.54612738881350809     
1           -0.54612738881350809     
1           -0.54612738881350809     
2           -2.1845095552540323      
1           -0.54612738881350809     
1           -0.54612738881350809     
1           -0.54612738881350809     
2           -2.1845095552540323      
2           -208.30774594136744      
0           0                        
0           0                        
0           0                        
1           -0.54612738881350809     
1           -0.54612738881350809     
0           0                        
1           -0.54612738881350809     
1           -0.54612738881350809     
