330 1 -3625 35 35 35
1           -0.19603775922131797     
0           0                        
1           -0.19603775922131797     
1           -0.19603775922131797     
0           0                        
0           0                        
0           0                        
2           -54.899893266844174      
1           -0.19603775922131797     
0           0                        
0           0                        
0           0                        
1           -0.19603775922131797     
0           0                        
0           0                        
1           -0.19603775922131797     
0           0                        
1           -0.19603775922131797     
1           -0.19603775922131797     
0           0                        
2           -7.8939938217289685      
1           -0.19603775922131797     
2           -10.403845122802498      
3           -62.305684215547537      
0           0                        
1           -0.19603775922131797     
3           -43.967594720664266      
0           0                        
1           -0.19603775922131797     
0           0                        
3           -1.764339832991862       
1           -0.19603775922131797     
2           -0.78415103688527188     
3           -22.845603427052243      
1           -0.19603775922131797     
2           -0.78415103688527188     
0           0                        
4           -9.7473907094061776      
0           0                        
1           -0.19603775922131797     
0           0                        
0           0                        
1           -0.19603775922131797     
1           -0.19603775922131797     
0           0                        
0           0                        
2           -1.9543043270441807      
2           -0.78415103688527188     
0           0                        
2           -0.78415103688527188     
0           0                        
1           -0.19603775922131797     
0           0                        
1           -0.19603775922131797     
1           -0.19603775922131797     
1           -0.19603775922131797     
0           0                        
0           0                        
2           -119.23539270720785      
0           0                        
1           -0.19603775922131797     
0           0                        
0           0                        
1           -0.19603775922131797     
2           -0.78415103688527188     
0           0                        
1           -0.19603775922131797     
1           -0.19603775922131797     
1           -0.19603775922131797     
1           -0.19603775922131797     
1           -0.19603775922131797     
1           -0.19603775922131797     
1           -0.19603775922131797     
1           -0.19603775922131797     
0           0                        
2           -0.78415103688527188     
0           0                        
0           0                        
0           0                        
0           0                        
2           -0.78415103688527188     
0           0                        
0           0                        
2           -0.78415103688527188     
0           0                        
1           -0.19603775922131797     
2           -1.7995032563957225      
1           -0.19603775922131797     
0           0                        
1           -0.19603775922131797     
3           -20.849612393305311      
2           -0.78415103688527188     
1           -0.19603775922131797     
2           -74.93408380023331       
1           -0.19603775922131797     
0           0                        
0           0                        
0           0                        
0           0                        
1           -0.19603775922131797     
0           0                        
