330 1 -3625 35 35 35
0           0                        
0           0                        
0           0                        
1           -1.4415847455985695      
0           0                        
0           0                        
0           0                        
0           0                        
0           0                        
3           -12.974262710387126      
1           -1.4415847455985695      
1           -1.4415847455985695      
0           0                        
2           -5.7663389823942781      
0           0                        
1           -1.4415847455985695      
0           0                        
1           -1.4415847455985695      
0           0                        
1           -1.4415847455985695      
1           -1.4415847455985695      
2           -476.23302837074971      
0           0                        
0           0                        
0           0                        
1           -1.4415847455985695      
0           0                        
0           0                        
0           0                        
0           0                        
0           0                        
1           -1.4415847455985695      
0           0                        
1           -1.4415847455985695      
0           0                        
0           0                        
0           0                        
1           -1.4415847455985695      
3           -27.307118053747399      
1           -1.4415847455985695      
0           0                        
1           -1.4415847455985695      
1           -1.4415847455985695      
1           -1.4415847455985695      
0           0                        
2           -5.7663389823942781      
0           0                        
1           -1.4415847455985695      
0           0                        
1           -1.4415847455985695      
0           0                        
4           -23.065355929577112      
0           0                        
2           -5.7663389823942781      
0           0                        
0           0                        
1           -1.4415847455985695      
1           -1.4415847455985695      
1           -1.4415847455985695      
0           0                        
0           0                        
0           0                        
1           -1.4415847455985695      
2           -5.7663389823942781      
0           0                        
1           -1.4415847455985695      
1           -1.4415847455985695      
1           -1.4415847455985695      
3           -12.974262710387126      
0           0                        
0           0                        
0           0                        
1           -1.4415847455985695      
3           -551.6888606802554       
1           -1.4415847455985695      
0           0                        
1           -1.4415847455985695      
1           -1.4415847455985695      
0           0                        
0           0                        
0           0                        
1           -1.4415847455985695      
1           -1.4415847455985695      
0           0                        
2           -5.7663389823942781      
0           0                        
0           0                        
1           -1.4415847455985695      
0           0                        
1           -1.4415847455985695      
1           -1.4415847455985695      
1           -1.4415847455985695      
0           0                        
0           0                        
1           -1.4415847455985695      
0           0                        
0           0                        
0           0                        
1           -1.4415847455985695      
0           0                        
1           -1.4415847455985695      
