330 1 -3625 35 35 35
2           -5.5920578388213498      
3           -13.679374865809097      
0           0                        
1           -1.3980144597053374      
0           0                        
1           -1.3980144597053374      
2           -93.5080004345009        
0           0                        
0           0                        
0           0                        
0           0                        
1           -1.3980144597053374      
0           0                        
2           -5.5920578388213498      
0           0                        
0           0                        
1           -1.3980144597053374      
0           0                        
1           -1.3980144597053374      
0           0                        
0           0                        
2           -180.99483335929875      
1           -1.3980144597053374      
0           0                        
0           0                        
1           -1.3980144597053374      
1           -1.3980144597053374      
0           0                        
0           0                        
1           -1.3980144597053374      
0           0                        
0           0                        
1           -1.3980144597053374      
2           -5.5920578388213498      
1           -1.3980144597053374      
0           0                        
0           0                        
2           -5.5920578388213498      
0           0                        
1           -1.3980144597053374      
2           -5.5920578388213498      
1           -1.3980144597053374      
1           -1.3980144597053374      
2           -5.5920578388213498      
1           -1.3980144597053374      
3           -1320.3023142070233      
0           0                        
1           -1.3980144597053374      
0           0                        
2           -38.157061001459049      
0           0                        
1           -1.3980144597053374      
0           0                        
1           -1.3980144597053374      
1           -1.3980144597053374      
1           -1.3980144597053374      
1           -1.3980144597053374      
0           0                        
0           0                        
1           -1.3980144597053374      
0           0                        
1           -1.3980144597053374      
1           -1.3980144597053374      
0           0                        
0           0                        
2           -11.198065151538442      
1           -1.3980144597053374      
0           0                        
0           0                        
0           0                        
0           0                        
0           0                        
1           -1.3980144597053374      
0           0                        
0           0                        
0           0                        
0           0                        
3           -397.47874002439852      
4           -36.38168299438609       
0           0                        
2           -5.5920578388213498      
2           -5.5920578388213498      
0           0                        
0           0                        
0           0                        
1           -1.3980144597053374      
1           -1.3980144597053374      
2           -840.32895005475382      
0           0                        
1           -1.3980144597053374      
0           0                        
0           0                        
0           0                        
1           -1.3980144597053374      
0           0                        
0           0                        
0           0                        
1           -1.3980144597053374      
1           -1.3980144597053374      
0           0                        
1           -1.3980144597053374      
