330 1 -3625 35 35 35
2           -33.445835823274116      
1           -1.3980144597053374      
0           0                        
2           -5.5920578388213498      
0           0                        
2           -5.5920578388213498      
1           -1.3980144597053374      
1           -1.3980144597053374      
1           -1.3980144597053374      
1           -1.3980144597053374      
1           -1.3980144597053374      
1           -1.3980144597053374      
1           -1.3980144597053374      
2           -5.5920578388213498      
1           -1.3980144597053374      
0           0                        
1           -1.3980144597053374      
0           0                        
0           0                        
1           -1.3980144597053374      
0           0                        
1           -1.3980144597053374      
0           0                        
0           0                        
0           0                        
0           0                        
0           0                        
0           0                        
0           0                        
1           -1.3980144597053374      
0           0                        
0           0                        
0           0                        
1           -1.3980144597053374      
0           0                        
3           -20.936786140735805      
0           0                        
2           -5.5920578388213498      
1           -1.3980144597053374      
0           0                        
0           0                        
1           -1.3980144597053374      
1           -1.3980144597053374      
0           0                        
0           0                        
2           -5.5920578388213498      
4           -43.078838686767511      
0           0                        
0           0                        
0           0                        
0           0                        
0           0                        
2           -5.5920578388213498      
1           -1.3980144597053374      
0           0                        
1           -1.3980144597053374      
3           -291.350019389274        
0           0                        
3           -12.582130137348038      
0           0                        
0           0                        
2           -5.5920578388213498      
1           -1.3980144597053374      
1           -1.3980144597053374      
1           -1.3980144597053374      
3           -310.99949426669662      
2           -5.5920578388213498      
0           0                        
0           0                        
0           0                        
0           0                        
1           -1.3980144597053374      
0           0                        
0           0                        
1           -1.3980144597053374      
0           0                        
4           -997.98269825186333      
0           0                        
0           0                        
0           0                        
1           -1.3980144597053374      
1           -1.3980144597053374      
0           0                        
1           -1.3980144597053374      
0           0                        
4           -175.32203687710739      
0           0                        
0           0                        
1           -1.3980144597053374      
2           -5.5920578388213498      
0           0                        
1           -1.3980144597053374      
0           0                        
3           -111.24695549783965      
0           0                        
1           -1.3980144597053374      
0           0                        
1           -1.3980144597053374      
2           -5.5920578388213498      
2           -5.5920578388213498      
0           0                        
