330 1 -3625 35 35 35
0           0                        
0           0                        
0           0                        
0           0                        
1           -0.56280112786218028     
1           -0.56280112786218028     
2           -2.2512045114487211      
2           -3.8438699196080552      
0           0                        
0           0                        
0           0                        
1           -0.56280112786218028     
0           0                        
0           0                        
5           -593.89008794653535      
0           0                        
1           -0.56280112786218028     
2           -44.982879105848141      
0           0                        
2           -2.2512045114487211      
1           -0.56280112786218028     
0           0                        
0           0                        
1           -0.56280112786218028     
0           0                        
1           -0.56280112786218028     
0           0                        
0           0                        
0           0                        
1           -0.56280112786218028     
0           0                        
0           0                        
1           -0.56280112786218028     
1           -0.56280112786218028     
0           0                        
0           0                        
0           0                        
0           0                        
0           0                        
0           0                        
0           0                        
0           0                        
0           0                        
0           0                        
3           -413.56783588469665      
1           -0.56280112786218028     
1           -0.56280112786218028     
1           -0.56280112786218028     
0           0                        
0           0                        
3           -5.0652101507596221      
0           0                        
0           0                        
0           0                        
0           0                        
1           -0.56280112786218028     
1           -0.56280112786218028     
1           -0.56280112786218028     
0           0                        
2           -2.2512045114487211      
1           -0.56280112786218028     
1           -0.56280112786218028     
0           0                        
0           0                        
1           -0.56280112786218028     
1           -0.56280112786218028     
1           -0.56280112786218028     
0           0                        
1           -0.56280112786218028     
0           0                        
0           0                        
1           -0.56280112786218028     
0           0                        
1           -0.56280112786218028     
0           0                        
0           0                        
2           -2.2512045114487211      
0           0                        
1           -0.56280112786218028     
1           -0.56280112786218028     
0           0                        
1           -0.56280112786218028     
0           0                        
1           -0.56280112786218028     
2           -2.2512045114487211      
1           -0.56280112786218028     
0           0                        
0           0                        
1           -0.56280112786218028     
2           -202.16903853931566      
0           0                        
0           0                        
1           -0.56280112786218028     
0           0                        
2           -13.34984891368063       
1           -0.56280112786218028     
1           -0.56280112786218028     
1           -0.56280112786218028     
1           -0.56280112786218028     
0           0                        
2           -2.2512045114487211      
