330 1 -3625 35 35 35
0           0                        
0           0                        
1           -1.4221550714141524      
0           0                        
1           -1.4221550714141524      
1           -1.4221550714141524      
2           -13.282333779529818      
1           -1.4221550714141524      
0           0                        
1           -1.4221550714141524      
1           -1.4221550714141524      
0           0                        
0           0                        
0           0                        
1           -1.4221550714141524      
0           0                        
1           -1.4221550714141524      
0           0                        
1           -1.4221550714141524      
2           -14.791699939682379      
3           -133.51223691284648      
1           -1.4221550714141524      
0           0                        
1           -1.4221550714141524      
2           -924.42525258442561      
1           -1.4221550714141524      
0           0                        
0           0                        
1           -1.4221550714141524      
0           0                        
1           -1.4221550714141524      
2           -29.718849859779169      
4           -22.754481142626439      
1           -1.4221550714141524      
0           0                        
1           -1.4221550714141524      
1           -1.4221550714141524      
3           -12.799395642727369      
0           0                        
1           -1.4221550714141524      
1           -1.4221550714141524      
0           0                        
0           0                        
1           -1.4221550714141524      
0           0                        
2           -5.6886202856566097      
0           0                        
1           -1.4221550714141524      
0           0                        
0           0                        
2           -78.952418158541079      
2           -5.6886202856566097      
4           -1450.6679143161255      
0           0                        
1           -1.4221550714141524      
1           -1.4221550714141524      
1           -1.4221550714141524      
1           -1.4221550714141524      
0           0                        
0           0                        
1           -1.4221550714141524      
1           -1.4221550714141524      
2           -5.6886202856566097      
1           -1.4221550714141524      
1           -1.4221550714141524      
0           0                        
2           -47.730904560243069      
1           -1.4221550714141524      
0           0                        
0           0                        
1           -1.4221550714141524      
2           -6.6500845897223124      
0           0                        
0           0                        
1           -1.4221550714141524      
0           0                        
1           -1.4221550714141524      
0           0                        
0           0                        
0           0                        
1           -1.4221550714141524      
0           0                        
0           0                        
3           -55.623202360585971      
1           -1.4221550714141524      
1           -1.4221550714141524      
2           -5.6886202856566097      
0           0                        
1           -1.4221550714141524      
2           -5.6886202856566097      
0           0                        
2           -5.6886202856566097      
2           -5.6886202856566097      
0           0                        
0           0                        
1           -1.4221550714141524      
1           -1.4221550714141524      
0           0                        
0           0                        
1           -1.4221550714141524      
3           -123.80776990772134      
