330 1 -3625 35 35 35
1           -0.20236088611800973     
0           0                        
1           -0.20236088611800973     
1           -0.20236088611800973     
0           0                        
0           0                        
0           0                        
2           -56.529763615671378      
1           -0.20236088611800973     
0           0                        
0           0                        
0           0                        
1           -0.20236088611800973     
0           0                        
0           0                        
1           -0.20236088611800973     
0           0                        
1           -0.20236088611800973     
1           -0.20236088611800973     
0           0                        
2           -8.1480099374847672      
1           -0.20236088611800973     
2           -10.739050879611669      
3           -64.280982303463361      
0           0                        
1           -0.20236088611800973     
3           -45.350258927787003      
0           0                        
1           -0.20236088611800973     
0           0                        
3           -1.8212479750620876      
1           -0.20236088611800973     
2           -0.80944354447203892     
3           -23.579879062624748      
1           -0.20236088611800973     
2           -0.80944354447203892     
0           0                        
4           -10.061636995917731      
0           0                        
1           -0.20236088611800973     
0           0                        
0           0                        
1           -0.20236088611800973     
1           -0.20236088611800973     
0           0                        
0           0                        
2           -2.0173356635045208      
2           -0.80944354447203892     
0           0                        
2           -0.80944354447203892     
0           0                        
1           -0.20236088611800973     
0           0                        
1           -0.20236088611800973     
1           -0.20236088611800973     
1           -0.20236088611800973     
0           0                        
0           0                        
2           -112.5378653187631       
0           0                        
1           -0.20236088611800973     
0           0                        
0           0                        
1           -0.20236088611800973     
2           -0.80944354447203892     
0           0                        
1           -0.20236088611800973     
1           -0.20236088611800973     
1           -0.20236088611800973     
1           -0.20236088611800973     
1           -0.20236088611800973     
1           -0.20236088611800973     
1           -0.20236088611800973     
1           -0.20236088611800973     
0           0                        
2           -0.80944354447203892     
0           0                        
0           0                        
0           0                        
0           0                        
2           -0.80944354447203892     
0           0                        
0           0                        
2           -0.80944354447203892     
0           0                        
1           -0.20236088611800973     
2           -1.8575429743388139      
1           -0.20236088611800973     
0           0                        
1           -0.20236088611800973     
3           -21.519739807375522      
2           -0.80944354447203892     
1           -0.20236088611800973     
2           -77.269377188940496      
1           -0.20236088611800973     
0           0                        
0           0                        
0           0                        
0           0                        
1           -0.20236088611800973     
0           0                        
