330 1 -3625 35 35 35
0           0                        
0           0                        
1           -1.3980144597053374      
0           0                        
1           -1.3980144597053374      
1           -1.3980144597053374      
2           -13.041863657486751      
1           -1.3980144597053374      
0           0                        
1           -1.3980144597053374      
1           -1.3980144597053374      
0           0                        
0           0                        
0           0                        
1           -1.3980144597053374      
0           0                        
1           -1.3980144597053374      
0           0                        
1           -1.3980144597053374      
2           -14.531165645123519      
3           -155.05599742905824      
1           -1.3980144597053374      
0           0                        
1           -1.3980144597053374      
2           -919.87041579614106      
1           -1.3980144597053374      
0           0                        
0           0                        
1           -1.3980144597053374      
0           0                        
1           -1.3980144597053374      
2           -29.189184895369376      
4           -22.368231355285399      
1           -1.3980144597053374      
0           0                        
1           -1.3980144597053374      
1           -1.3980144597053374      
3           -12.582130137348038      
0           0                        
1           -1.3980144597053374      
1           -1.3980144597053374      
0           0                        
0           0                        
1           -1.3980144597053374      
0           0                        
2           -5.5920578388213498      
0           0                        
1           -1.3980144597053374      
0           0                        
0           0                        
2           -77.580136646850292      
2           -5.5920578388213498      
4           -1479.7184295297384      
0           0                        
1           -1.3980144597053374      
1           -1.3980144597053374      
1           -1.3980144597053374      
1           -1.3980144597053374      
0           0                        
0           0                        
1           -1.3980144597053374      
1           -1.3980144597053374      
2           -5.5920578388213498      
1           -1.3980144597053374      
1           -1.3980144597053374      
0           0                        
2           -46.880786545116983      
1           -1.3980144597053374      
0           0                        
0           0                        
1           -1.3980144597053374      
2           -6.536580948932488       
0           0                        
0           0                        
1           -1.3980144597053374      
0           0                        
1           -1.3980144597053374      
0           0                        
0           0                        
0           0                        
1           -1.3980144597053374      
0           0                        
0           0                        
3           -54.671751457960156      
1           -1.3980144597053374      
1           -1.3980144597053374      
2           -5.5920578388213498      
0           0                        
1           -1.3980144597053374      
2           -5.5920578388213498      
0           0                        
2           -5.5920578388213498      
2           -5.5920578388213498      
0           0                        
0           0                        
1           -1.3980144597053374      
1           -1.3980144597053374      
0           0                        
0           0                        
1           -1.3980144597053374      
3           -121.69574882709318      
