330 1 -3625 35 35 35
1           -0.54612738881350809     
0           0                        
3           -199.45251617191872      
2           -27.332106483806569      
1           -0.54612738881350809     
2           -2.1845095552540323      
0           0                        
1           -0.54612738881350809     
1           -0.54612738881350809     
1           -0.54612738881350809     
0           0                        
3           -4.9151464993215725      
3           -14.684701134887531      
1           -0.54612738881350809     
0           0                        
0           0                        
0           0                        
0           0                        
2           -2.1845095552540323      
1           -0.54612738881350809     
0           0                        
0           0                        
0           0                        
0           0                        
1           -0.54612738881350809     
0           0                        
0           0                        
0           0                        
0           0                        
1           -0.54612738881350809     
1           -0.54612738881350809     
0           0                        
0           0                        
1           -0.54612738881350809     
0           0                        
0           0                        
1           -0.54612738881350809     
0           0                        
1           -0.54612738881350809     
1           -0.54612738881350809     
0           0                        
5           -849.3927417616419       
0           0                        
0           0                        
1           -0.54612738881350809     
0           0                        
4           -317.37689024272345      
0           0                        
0           0                        
2           -2.1845095552540323      
1           -0.54612738881350809     
3           -4.9151464993215725      
0           0                        
2           -2.1845095552540323      
0           0                        
0           0                        
0           0                        
2           -541.97837252017405      
0           0                        
2           -2.1845095552540323      
1           -0.54612738881350809     
0           0                        
0           0                        
0           0                        
1           -0.54612738881350809     
1           -0.54612738881350809     
1           -0.54612738881350809     
1           -0.54612738881350809     
1           -0.54612738881350809     
1           -0.54612738881350809     
0           0                        
1           -0.54612738881350809     
1           -0.54612738881350809     
0           0                        
0           0                        
0           0                        
0           0                        
0           0                        
1           -0.54612738881350809     
0           0                        
1           -0.54612738881350809     
4           -8.7380382210161294      
0           0                        
0           0                        
1           -0.54612738881350809     
0           0                        
1           -0.54612738881350809     
1           -0.54612738881350809     
2           -2.1845095552540323      
0           0                        
0           0                        
1           -0.54612738881350809     
1           -0.54612738881350809     
0           0                        
1           -0.54612738881350809     
0           0                        
2           -27.745124820283813      
2           -2.1845095552540323      
3           -14.327701963011158      
1           -0.54612738881350809     
2           -2.1845095552540323      
