330 1 -3625 35 35 35
1           -1.4415847455985695      
1           -1.4415847455985695      
1           -1.4415847455985695      
1           -1.4415847455985695      
2           -5.7663389823942781      
3           -395.60148407370622      
1           -1.4415847455985695      
2           -483.344157817743        
2           -8.2221556628219101      
0           0                        
0           0                        
0           0                        
0           0                        
1           -1.4415847455985695      
1           -1.4415847455985695      
1           -1.4415847455985695      
0           0                        
0           0                        
1           -1.4415847455985695      
4           -142.47153097478949      
0           0                        
1           -1.4415847455985695      
0           0                        
0           0                        
1           -1.4415847455985695      
2           -814.82361926289263      
0           0                        
1           -1.4415847455985695      
0           0                        
0           0                        
0           0                        
0           0                        
1           -1.4415847455985695      
1           -1.4415847455985695      
2           -5.7663389823942781      
0           0                        
1           -1.4415847455985695      
4           -1139.0575094599724      
1           -1.4415847455985695      
0           0                        
0           0                        
0           0                        
0           0                        
2           -5.7663389823942781      
0           0                        
1           -1.4415847455985695      
0           0                        
0           0                        
1           -1.4415847455985695      
1           -1.4415847455985695      
1           -1.4415847455985695      
2           -9.210742988132381       
0           0                        
1           -1.4415847455985695      
0           0                        
0           0                        
1           -1.4415847455985695      
1           -1.4415847455985695      
0           0                        
2           -621.88683772010518      
3           -241.05763922811084      
2           -5.7663389823942781      
0           0                        
1           -1.4415847455985695      
1           -1.4415847455985695      
1           -1.4415847455985695      
0           0                        
0           0                        
1           -1.4415847455985695      
1           -1.4415847455985695      
3           -128.42550831777899      
0           0                        
1           -1.4415847455985695      
0           0                        
1           -1.4415847455985695      
1           -1.4415847455985695      
0           0                        
0           0                        
3           -12.974262710387126      
1           -1.4415847455985695      
1           -1.4415847455985695      
1           -1.4415847455985695      
0           0                        
2           -5.7663389823942781      
0           0                        
1           -1.4415847455985695      
1           -1.4415847455985695      
4           -527.42270945985194      
2           -46.126468715255164      
1           -1.4415847455985695      
0           0                        
1           -1.4415847455985695      
0           0                        
0           0                        
0           0                        
0           0                        
3           -22.682378428149242      
2           -21.322714525213982      
1           -1.4415847455985695      
1           -1.4415847455985695      
2           -34.485345445780602      
