330 1 -3625 35 35 35
1           -1.3980144597053374      
3           -12.582130137348038      
1           -1.3980144597053374      
1           -1.3980144597053374      
0           0                        
2           -649.7263842235609       
1           -1.3980144597053374      
0           0                        
0           0                        
0           0                        
3           -1329.575600578607       
3           -63.840520273990364      
0           0                        
1           -1.3980144597053374      
0           0                        
0           0                        
0           0                        
1           -1.3980144597053374      
1           -1.3980144597053374      
0           0                        
1           -1.3980144597053374      
1           -1.3980144597053374      
0           0                        
0           0                        
0           0                        
1           -1.3980144597053374      
1           -1.3980144597053374      
0           0                        
1           -1.3980144597053374      
0           0                        
0           0                        
0           0                        
5           -1884.7170828099322      
1           -1.3980144597053374      
0           0                        
0           0                        
1           -1.3980144597053374      
1           -1.3980144597053374      
3           -12.582130137348038      
1           -1.3980144597053374      
1           -1.3980144597053374      
2           -5.5920578388213498      
0           0                        
1           -1.3980144597053374      
2           -5.5920578388213498      
0           0                        
0           0                        
1           -1.3980144597053374      
1           -1.3980144597053374      
0           0                        
3           -12.582130137348038      
1           -1.3980144597053374      
2           -5.5920578388213498      
2           -5.5920578388213498      
0           0                        
1           -1.3980144597053374      
0           0                        
1           -1.3980144597053374      
2           -18.795351560741402      
2           -5.5920578388213498      
1           -1.3980144597053374      
2           -5.5920578388213498      
4           -37.145054185463358      
0           0                        
2           -51.297215611768273      
0           0                        
0           0                        
0           0                        
1           -1.3980144597053374      
2           -8.6342833562354535      
0           0                        
1           -1.3980144597053374      
0           0                        
0           0                        
3           -367.89240044996887      
0           0                        
0           0                        
0           0                        
1           -1.3980144597053374      
0           0                        
0           0                        
0           0                        
0           0                        
1           -1.3980144597053374      
0           0                        
0           0                        
1           -1.3980144597053374      
2           -5.5920578388213498      
2           -5.5920578388213498      
1           -1.3980144597053374      
0           0                        
1           -1.3980144597053374      
1           -1.3980144597053374      
1           -1.3980144597053374      
1           -1.3980144597053374      
1           -1.3980144597053374      
0           0                        
0           0                        
3           -12.582130137348038      
2           -5.5920578388213498      
0           0                        
