330 1 -3625 35 35 35
2           -5.5920578388213498      
2           -5.5920578388213498      
0           0                        
0           0                        
1           -1.3980144597053374      
2           -5.5920578388213498      
0           0                        
0           0                        
1           -1.3980144597053374      
1           -1.3980144597053374      
1           -1.3980144597053374      
1           -1.3980144597053374      
1           -1.3980144597053374      
0           0                        
2           -173.06334523844814      
1           -1.3980144597053374      
2           -5.5920578388213498      
1           -1.3980144597053374      
0           0                        
0           0                        
1           -1.3980144597053374      
0           0                        
0           0                        
0           0                        
1           -1.3980144597053374      
1           -1.3980144597053374      
0           0                        
0           0                        
0           0                        
1           -1.3980144597053374      
0           0                        
0           0                        
0           0                        
0           0                        
1           -1.3980144597053374      
1           -1.3980144597053374      
1           -1.3980144597053374      
1           -1.3980144597053374      
2           -106.6847009785038       
1           -1.3980144597053374      
0           0                        
2           -5.5920578388213498      
0           0                        
1           -1.3980144597053374      
0           0                        
2           -5.5920578388213498      
1           -1.3980144597053374      
2           -8.2830274921970055      
1           -1.3980144597053374      
2           -5.5920578388213498      
2           -5.5920578388213498      
1           -1.3980144597053374      
0           0                        
1           -1.3980144597053374      
0           0                        
0           0                        
1           -1.3980144597053374      
1           -1.3980144597053374      
0           0                        
1           -1.3980144597053374      
1           -1.3980144597053374      
1           -1.3980144597053374      
3           -12.582130137348038      
1           -1.3980144597053374      
0           0                        
0           0                        
0           0                        
2           -338.37990818694925      
0           0                        
0           0                        
3           -895.66948999394356      
1           -1.3980144597053374      
0           0                        
2           -5.5920578388213498      
0           0                        
0           0                        
0           0                        
0           0                        
3           -13.538774316717152      
2           -321.25709376610558      
0           0                        
1           -1.3980144597053374      
1           -1.3980144597053374      
0           0                        
0           0                        
1           -1.3980144597053374      
2           -5.5920578388213498      
3           -137.21775977259119      
4           -455.25348625454052      
2           -5.5920578388213498      
1           -1.3980144597053374      
0           0                        
3           -769.64028094133619      
2           -16.504636731363803      
0           0                        
3           -12.582130137348038      
1           -1.3980144597053374      
0           0                        
1           -1.3980144597053374      
0           0                        
1           -1.3980144597053374      
