330 1 -3625 35 35 35
0           0                        
2           -9.4404684339457852      
0           0                        
2           -5.6886202856566097      
0           0                        
0           0                        
0           0                        
1           -1.4221550714141524      
0           0                        
0           0                        
3           -544.68019374243261      
0           0                        
1           -1.4221550714141524      
1           -1.4221550714141524      
0           0                        
1           -1.4221550714141524      
1           -1.4221550714141524      
0           0                        
0           0                        
0           0                        
0           0                        
1           -1.4221550714141524      
0           0                        
0           0                        
2           -175.66715786643218      
2           -5.6886202856566097      
1           -1.4221550714141524      
0           0                        
0           0                        
1           -1.4221550714141524      
1           -1.4221550714141524      
2           -5.6886202856566097      
1           -1.4221550714141524      
0           0                        
1           -1.4221550714141524      
0           0                        
2           -5.6886202856566097      
1           -1.4221550714141524      
0           0                        
1           -1.4221550714141524      
0           0                        
1           -1.4221550714141524      
1           -1.4221550714141524      
0           0                        
1           -1.4221550714141524      
1           -1.4221550714141524      
3           -14.161494255459017      
0           0                        
0           0                        
0           0                        
0           0                        
1           -1.4221550714141524      
1           -1.4221550714141524      
3           -1559.0026588194842      
0           0                        
1           -1.4221550714141524      
1           -1.4221550714141524      
3           -12.799395642727369      
1           -1.4221550714141524      
1           -1.4221550714141524      
0           0                        
0           0                        
0           0                        
1           -1.4221550714141524      
2           -5.6886202856566097      
0           0                        
2           -7.9424810292815557      
0           0                        
3           -83.84172921721094       
0           0                        
0           0                        
0           0                        
1           -1.4221550714141524      
0           0                        
0           0                        
0           0                        
1           -1.4221550714141524      
0           0                        
1           -1.4221550714141524      
0           0                        
2           -176.42999776685957      
0           0                        
0           0                        
2           -5.6886202856566097      
1           -1.4221550714141524      
0           0                        
0           0                        
0           0                        
1           -1.4221550714141524      
0           0                        
0           0                        
0           0                        
2           -5.6886202856566097      
1           -1.4221550714141524      
0           0                        
2           -5.6886202856566097      
0           0                        
0           0                        
0           0                        
1           -1.4221550714141524      
3           -12.799395642727369      
