330 1 -3625 35 35 35
1           -1.4221550714141524      
0           0                        
0           0                        
0           0                        
0           0                        
0           0                        
2           -5.6886202856566097      
0           0                        
0           0                        
0           0                        
0           0                        
0           0                        
1           -1.4221550714141524      
0           0                        
0           0                        
0           0                        
0           0                        
0           0                        
0           0                        
0           0                        
0           0                        
2           -1042.0044827841707      
1           -1.4221550714141524      
0           0                        
1           -1.4221550714141524      
1           -1.4221550714141524      
0           0                        
0           0                        
1           -1.4221550714141524      
1           -1.4221550714141524      
0           0                        
0           0                        
3           -12.799395642727369      
0           0                        
1           -1.4221550714141524      
0           0                        
0           0                        
0           0                        
1           -1.4221550714141524      
0           0                        
2           -5.6886202856566097      
1           -1.4221550714141524      
1           -1.4221550714141524      
1           -1.4221550714141524      
1           -1.4221550714141524      
3           -32.810463280536098      
0           0                        
1           -1.4221550714141524      
1           -1.4221550714141524      
2           -5.6886202856566097      
0           0                        
0           0                        
0           0                        
0           0                        
2           -9.683202317411185       
0           0                        
1           -1.4221550714141524      
0           0                        
0           0                        
0           0                        
1           -1.4221550714141524      
0           0                        
1           -1.4221550714141524      
2           -28.992684612034488      
0           0                        
1           -1.4221550714141524      
1           -1.4221550714141524      
0           0                        
2           -5.6886202856566097      
0           0                        
0           0                        
1           -1.4221550714141524      
0           0                        
1           -1.4221550714141524      
2           -5.6886202856566097      
0           0                        
2           -5.6886202856566097      
0           0                        
0           0                        
0           0                        
0           0                        
1           -1.4221550714141524      
0           0                        
0           0                        
2           -5.6886202856566097      
0           0                        
2           -5.6886202856566097      
2           -5.6886202856566097      
0           0                        
0           0                        
1           -1.4221550714141524      
1           -1.4221550714141524      
1           -1.4221550714141524      
0           0                        
2           -5.6886202856566097      
0           0                        
0           0                        
0           0                        
0           0                        
0           0                        
0           0                        
