330 1 -3625 35 35 35
0           0                        
1           -0.19603775922131797     
0           0                        
0           0                        
1           -0.19603775922131797     
0           0                        
1           -0.19603775922131797     
2           -0.78415103688527188     
0           0                        
2           -122.49514462442532      
2           -101.14250564801524      
0           0                        
0           0                        
0           0                        
0           0                        
0           0                        
0           0                        
0           0                        
1           -0.19603775922131797     
4           -88.046343384005297      
2           -3.6633782968488693      
1           -0.19603775922131797     
0           0                        
1           -0.19603775922131797     
1           -0.19603775922131797     
0           0                        
2           -0.78415103688527188     
0           0                        
2           -93.331044320809866      
1           -0.19603775922131797     
0           0                        
0           0                        
0           0                        
0           0                        
2           -0.78415103688527188     
1           -0.19603775922131797     
0           0                        
1           -0.19603775922131797     
2           -0.78415103688527188     
1           -0.19603775922131797     
1           -0.19603775922131797     
0           0                        
1           -0.19603775922131797     
0           0                        
0           0                        
0           0                        
0           0                        
2           -0.78415103688527188     
0           0                        
1           -0.19603775922131797     
2           -119.08156453081594      
0           0                        
0           0                        
1           -0.19603775922131797     
0           0                        
0           0                        
2           -0.78415103688527188     
0           0                        
0           0                        
0           0                        
2           -0.78415103688527188     
1           -0.19603775922131797     
0           0                        
0           0                        
0           0                        
1           -0.19603775922131797     
0           0                        
0           0                        
1           -0.19603775922131797     
0           0                        
2           -0.78415103688527188     
1           -0.19603775922131797     
0           0                        
1           -0.19603775922131797     
2           -0.78415103688527188     
2           -0.78415103688527188     
0           0                        
0           0                        
1           -0.19603775922131797     
2           -0.78415103688527188     
3           -320.63364857768335      
4           -63.780235460597027      
0           0                        
0           0                        
0           0                        
0           0                        
0           0                        
1           -0.19603775922131797     
0           0                        
1           -0.19603775922131797     
1           -0.19603775922131797     
0           0                        
2           -0.78415103688527188     
1           -0.19603775922131797     
1           -0.19603775922131797     
1           -0.19603775922131797     
0           0                        
0           0                        
1           -0.19603775922131797     
0           0                        
0           0                        
