330 1 -3625 35 35 35
2           -34.015598015796343      
1           -1.4221550714141524      
0           0                        
2           -5.6886202856566097      
0           0                        
2           -5.6886202856566097      
1           -1.4221550714141524      
1           -1.4221550714141524      
1           -1.4221550714141524      
1           -1.4221550714141524      
1           -1.4221550714141524      
1           -1.4221550714141524      
1           -1.4221550714141524      
2           -5.6886202856566097      
1           -1.4221550714141524      
0           0                        
1           -1.4221550714141524      
0           0                        
0           0                        
1           -1.4221550714141524      
0           0                        
1           -1.4221550714141524      
0           0                        
0           0                        
0           0                        
0           0                        
0           0                        
0           0                        
0           0                        
1           -1.4221550714141524      
0           0                        
0           0                        
0           0                        
1           -1.4221550714141524      
0           0                        
3           -21.316175517538262      
0           0                        
2           -5.6886202856566097      
1           -1.4221550714141524      
0           0                        
0           0                        
1           -1.4221550714141524      
1           -1.4221550714141524      
0           0                        
0           0                        
2           -5.6886202856566097      
4           -43.833207428344352      
0           0                        
0           0                        
0           0                        
0           0                        
0           0                        
2           -5.6886202856566097      
1           -1.4221550714141524      
0           0                        
1           -1.4221550714141524      
3           -296.29886010656179      
0           0                        
3           -12.799395642727369      
0           0                        
0           0                        
2           -5.6886202856566097      
1           -1.4221550714141524      
1           -1.4221550714141524      
1           -1.4221550714141524      
3           -316.18944281628058      
2           -5.6886202856566097      
0           0                        
0           0                        
0           0                        
0           0                        
1           -1.4221550714141524      
0           0                        
0           0                        
1           -1.4221550714141524      
0           0                        
4           -1008.3265361720503      
0           0                        
0           0                        
0           0                        
1           -1.4221550714141524      
1           -1.4221550714141524      
0           0                        
1           -1.4221550714141524      
0           0                        
4           -178.24952222703376      
0           0                        
0           0                        
1           -1.4221550714141524      
2           -5.6886202856566097      
0           0                        
1           -1.4221550714141524      
0           0                        
3           -113.12004453114855      
0           0                        
1           -1.4221550714141524      
0           0                        
1           -1.4221550714141524      
2           -5.6886202856566097      
2           -5.6886202856566097      
0           0                        
