330 1 -3625 35 35 35
2           -5.7663389823942781      
3           -14.106895349438737      
0           0                        
1           -1.4415847455985695      
0           0                        
1           -1.4415847455985695      
2           -96.421692889467295      
0           0                        
0           0                        
0           0                        
0           0                        
1           -1.4415847455985695      
0           0                        
2           -5.7663389823942781      
0           0                        
0           0                        
1           -1.4415847455985695      
0           0                        
1           -1.4415847455985695      
0           0                        
0           0                        
2           -186.49222235642034      
1           -1.4415847455985695      
0           0                        
0           0                        
1           -1.4415847455985695      
1           -1.4415847455985695      
0           0                        
0           0                        
1           -1.4415847455985695      
0           0                        
0           0                        
1           -1.4415847455985695      
2           -5.7663389823942781      
1           -1.4415847455985695      
0           0                        
0           0                        
2           -5.7663389823942781      
0           0                        
1           -1.4415847455985695      
2           -5.7663389823942781      
1           -1.4415847455985695      
1           -1.4415847455985695      
2           -5.7663389823942781      
1           -1.4415847455985695      
3           -1312.8371255879154      
0           0                        
1           -1.4415847455985695      
0           0                        
2           -39.349223704581497      
0           0                        
1           -1.4415847455985695      
0           0                        
1           -1.4415847455985695      
1           -1.4415847455985695      
1           -1.4415847455985695      
1           -1.4415847455985695      
0           0                        
0           0                        
1           -1.4415847455985695      
0           0                        
1           -1.4415847455985695      
1           -1.4415847455985695      
0           0                        
0           0                        
2           -11.549119149553565      
1           -1.4415847455985695      
0           0                        
0           0                        
0           0                        
0           0                        
0           0                        
1           -1.4415847455985695      
0           0                        
0           0                        
0           0                        
0           0                        
3           -408.6544022761837       
4           -37.521859816780662      
0           0                        
2           -5.7663389823942781      
2           -5.7663389823942781      
0           0                        
0           0                        
0           0                        
1           -1.4415847455985695      
1           -1.4415847455985695      
2           -842.96072181391253      
0           0                        
1           -1.4415847455985695      
0           0                        
0           0                        
0           0                        
1           -1.4415847455985695      
0           0                        
0           0                        
0           0                        
1           -1.4415847455985695      
1           -1.4415847455985695      
0           0                        
1           -1.4415847455985695      
