330 1 -3625 35 35 35
0           0                        
0           0                        
0           0                        
1           -1.4221550714141524      
0           0                        
0           0                        
0           0                        
0           0                        
0           0                        
1           -1.4221550714141524      
0           0                        
0           0                        
0           0                        
0           0                        
2           -534.77606473852222      
1           -1.4221550714141524      
2           -450.46907278637502      
0           0                        
0           0                        
0           0                        
4           -92.793590779875132      
1           -1.4221550714141524      
0           0                        
3           -444.53080718627717      
0           0                        
0           0                        
0           0                        
1           -1.4221550714141524      
2           -5.6886202856566097      
3           -12.799395642727369      
1           -1.4221550714141524      
0           0                        
0           0                        
0           0                        
0           0                        
3           -12.799395642727369      
1           -1.4221550714141524      
2           -12.450957137913255      
0           0                        
1           -1.4221550714141524      
0           0                        
1           -1.4221550714141524      
0           0                        
0           0                        
1           -1.4221550714141524      
0           0                        
0           0                        
0           0                        
1           -1.4221550714141524      
1           -1.4221550714141524      
2           -107.90157517162643      
2           -5.6886202856566097      
1           -1.4221550714141524      
0           0                        
1           -1.4221550714141524      
1           -1.4221550714141524      
0           0                        
1           -1.4221550714141524      
1           -1.4221550714141524      
1           -1.4221550714141524      
0           0                        
0           0                        
0           0                        
1           -1.4221550714141524      
0           0                        
0           0                        
1           -1.4221550714141524      
4           -639.16063534729949      
3           -12.799395642727369      
1           -1.4221550714141524      
0           0                        
0           0                        
0           0                        
0           0                        
1           -1.4221550714141524      
1           -1.4221550714141524      
0           0                        
0           0                        
0           0                        
0           0                        
0           0                        
0           0                        
1           -1.4221550714141524      
2           -5.6886202856566097      
1           -1.4221550714141524      
0           0                        
3           -12.799395642727369      
3           -12.799395642727369      
1           -1.4221550714141524      
0           0                        
0           0                        
2           -41.355967742322825      
0           0                        
0           0                        
0           0                        
1           -1.4221550714141524      
2           -5.6886202856566097      
0           0                        
3           -12.799395642727369      
3           -12.799395642727369      
0           0                        
