330 1 -3625 35 35 35
2           -0.78415103688527188     
1           -0.19603775922131797     
0           0                        
0           0                        
0           0                        
2           -23.787103435215641      
1           -0.19603775922131797     
1           -0.19603775922131797     
0           0                        
2           -0.78415103688527188     
0           0                        
0           0                        
1           -0.19603775922131797     
0           0                        
1           -0.19603775922131797     
2           -0.78415103688527188     
1           -0.19603775922131797     
2           -0.78415103688527188     
0           0                        
0           0                        
0           0                        
0           0                        
0           0                        
1           -0.19603775922131797     
0           0                        
0           0                        
0           0                        
0           0                        
2           -15.836649060854731      
2           -2.1298723801565647      
2           -0.78415103688527188     
1           -0.19603775922131797     
1           -0.19603775922131797     
3           -90.403157362269596      
0           0                        
1           -0.19603775922131797     
0           0                        
0           0                        
0           0                        
1           -0.19603775922131797     
0           0                        
0           0                        
0           0                        
2           -0.78415103688527188     
1           -0.19603775922131797     
2           -0.78415103688527188     
0           0                        
1           -0.19603775922131797     
1           -0.19603775922131797     
0           0                        
1           -0.19603775922131797     
0           0                        
0           0                        
0           0                        
0           0                        
0           0                        
0           0                        
1           -0.19603775922131797     
1           -0.19603775922131797     
0           0                        
0           0                        
0           0                        
0           0                        
1           -0.19603775922131797     
0           0                        
1           -0.19603775922131797     
0           0                        
0           0                        
0           0                        
0           0                        
1           -0.19603775922131797     
0           0                        
0           0                        
0           0                        
0           0                        
1           -0.19603775922131797     
2           -69.958531042245269      
1           -0.19603775922131797     
0           0                        
0           0                        
2           -0.78415103688527188     
0           0                        
0           0                        
0           0                        
1           -0.19603775922131797     
0           0                        
0           0                        
0           0                        
3           -1.764339832991862       
1           -0.19603775922131797     
0           0                        
1           -0.19603775922131797     
1           -0.19603775922131797     
1           -0.19603775922131797     
0           0                        
0           0                        
0           0                        
1           -0.19603775922131797     
2           -2.4741721986607401      
2           -77.38595862469947       
1           -0.19603775922131797     
