330 1 -3625 35 35 35
2           -0.78415103688527188     
3           -2.8615845614529207      
0           0                        
1           -0.19603775922131797     
0           0                        
1           -0.19603775922131797     
2           -24.066286975214823      
0           0                        
0           0                        
0           0                        
0           0                        
1           -0.19603775922131797     
0           0                        
2           -0.78415103688527188     
0           0                        
0           0                        
1           -0.19603775922131797     
0           0                        
1           -0.19603775922131797     
0           0                        
0           0                        
2           -7.5289229740564538      
1           -0.19603775922131797     
0           0                        
0           0                        
1           -0.19603775922131797     
1           -0.19603775922131797     
0           0                        
0           0                        
1           -0.19603775922131797     
0           0                        
0           0                        
1           -0.19603775922131797     
2           -0.78415103688527188     
1           -0.19603775922131797     
0           0                        
0           0                        
2           -0.78415103688527188     
0           0                        
1           -0.19603775922131797     
2           -0.78415103688527188     
1           -0.19603775922131797     
1           -0.19603775922131797     
2           -0.78415103688527188     
1           -0.19603775922131797     
3           -198.19102429744925      
0           0                        
1           -0.19603775922131797     
0           0                        
2           -5.631831198196994       
0           0                        
1           -0.19603775922131797     
0           0                        
1           -0.19603775922131797     
1           -0.19603775922131797     
1           -0.19603775922131797     
1           -0.19603775922131797     
0           0                        
0           0                        
1           -0.19603775922131797     
0           0                        
1           -0.19603775922131797     
1           -0.19603775922131797     
0           0                        
0           0                        
2           -1.8846526174889324      
1           -0.19603775922131797     
0           0                        
0           0                        
0           0                        
0           0                        
0           0                        
1           -0.19603775922131797     
0           0                        
0           0                        
0           0                        
0           0                        
3           -99.807513252286824      
4           -8.7673054876647853      
0           0                        
2           -0.78415103688527188     
2           -0.78415103688527188     
0           0                        
0           0                        
0           0                        
1           -0.19603775922131797     
1           -0.19603775922131797     
2           -136.65686438516906      
0           0                        
1           -0.19603775922131797     
0           0                        
0           0                        
0           0                        
1           -0.19603775922131797     
0           0                        
0           0                        
0           0                        
1           -0.19603775922131797     
1           -0.19603775922131797     
0           0                        
1           -0.19603775922131797     
