330 1 -3625 35 35 35
0           0                        
3           -156.31686054089735      
2           -0.80944354447203892     
3           -16.454804645724877      
2           -0.80944354447203892     
0           0                        
0           0                        
1           -0.20236088611800973     
3           -172.91078768042746      
0           0                        
0           0                        
0           0                        
0           0                        
0           0                        
2           -0.80944354447203892     
0           0                        
0           0                        
1           -0.20236088611800973     
2           -0.80944354447203892     
0           0                        
0           0                        
0           0                        
0           0                        
3           -1.8212479750620876      
0           0                        
1           -0.20236088611800973     
0           0                        
0           0                        
1           -0.20236088611800973     
2           -0.80944354447203892     
0           0                        
0           0                        
1           -0.20236088611800973     
2           -0.80944354447203892     
2           -0.80944354447203892     
0           0                        
0           0                        
0           0                        
2           -0.80944354447203892     
3           -1.8212479750620876      
1           -0.20236088611800973     
2           -0.80944354447203892     
1           -0.20236088611800973     
1           -0.20236088611800973     
2           -0.80944354447203892     
0           0                        
1           -0.20236088611800973     
0           0                        
2           -0.80944354447203892     
3           -1.8212479750620876      
2           -0.80944354447203892     
0           0                        
2           -212.3221171089192       
0           0                        
0           0                        
0           0                        
1           -0.20236088611800973     
1           -0.20236088611800973     
0           0                        
0           0                        
2           -0.80944354447203892     
2           -0.80944354447203892     
1           -0.20236088611800973     
2           -0.80944354447203892     
4           -161.26502520796777      
1           -0.20236088611800973     
0           0                        
1           -0.20236088611800973     
1           -0.20236088611800973     
1           -0.20236088611800973     
1           -0.20236088611800973     
3           -17.353779640666218      
1           -0.20236088611800973     
0           0                        
2           -0.80944354447203892     
1           -0.20236088611800973     
2           -0.80944354447203892     
0           0                        
2           -7.1745009110588329      
0           0                        
1           -0.20236088611800973     
0           0                        
1           -0.20236088611800973     
1           -0.20236088611800973     
0           0                        
0           0                        
2           -2.0053440662071891      
0           0                        
0           0                        
1           -0.20236088611800973     
0           0                        
0           0                        
1           -0.20236088611800973     
1           -0.20236088611800973     
2           -0.80944354447203892     
1           -0.20236088611800973     
0           0                        
2           -0.80944354447203892     
1           -0.20236088611800973     
0           0                        
0           0                        
