330 1 -3625 35 35 35
0           0                        
0           0                        
1           -0.19603775922131797     
2           -0.78415103688527188     
0           0                        
1           -0.19603775922131797     
0           0                        
0           0                        
1           -0.19603775922131797     
1           -0.19603775922131797     
4           -103.37735604221662      
1           -0.19603775922131797     
0           0                        
0           0                        
1           -0.19603775922131797     
0           0                        
2           -0.78415103688527188     
0           0                        
0           0                        
0           0                        
1           -0.19603775922131797     
0           0                        
0           0                        
1           -0.19603775922131797     
2           -0.78415103688527188     
0           0                        
1           -0.19603775922131797     
0           0                        
1           -0.19603775922131797     
1           -0.19603775922131797     
3           -1.764339832991862       
2           -0.78415103688527188     
1           -0.19603775922131797     
1           -0.19603775922131797     
1           -0.19603775922131797     
4           -25.653027163319077      
1           -0.19603775922131797     
3           -1.764339832991862       
1           -0.19603775922131797     
0           0                        
1           -0.19603775922131797     
3           -1.764339832991862       
0           0                        
0           0                        
0           0                        
2           -0.78415103688527188     
1           -0.19603775922131797     
0           0                        
0           0                        
0           0                        
0           0                        
1           -0.19603775922131797     
0           0                        
0           0                        
0           0                        
0           0                        
1           -0.19603775922131797     
0           0                        
3           -1.764339832991862       
0           0                        
0           0                        
2           -0.78415103688527188     
2           -0.78415103688527188     
0           0                        
1           -0.19603775922131797     
0           0                        
0           0                        
1           -0.19603775922131797     
0           0                        
1           -0.19603775922131797     
0           0                        
1           -0.19603775922131797     
1           -0.19603775922131797     
1           -0.19603775922131797     
2           -16.791870118411349      
0           0                        
0           0                        
0           0                        
1           -0.19603775922131797     
1           -0.19603775922131797     
1           -0.19603775922131797     
2           -0.78415103688527188     
1           -0.19603775922131797     
1           -0.19603775922131797     
1           -0.19603775922131797     
1           -0.19603775922131797     
3           -1.764339832991862       
1           -0.19603775922131797     
0           0                        
2           -2.2467554731623491      
0           0                        
1           -0.19603775922131797     
0           0                        
0           0                        
1           -0.19603775922131797     
3           -1.764339832991862       
1           -0.19603775922131797     
0           0                        
1           -0.19603775922131797     
1           -0.19603775922131797     
1           -0.19603775922131797     
