330 1 -3625 35 35 35
0           0                        
1           -1.3980144597053374      
2           -5.5920578388213498      
1           -1.3980144597053374      
0           0                        
0           0                        
0           0                        
2           -5.5920578388213498      
1           -1.3980144597053374      
0           0                        
1           -1.3980144597053374      
2           -5.5920578388213498      
2           -743.54543160076582      
1           -1.3980144597053374      
0           0                        
1           -1.3980144597053374      
1           -1.3980144597053374      
1           -1.3980144597053374      
0           0                        
0           0                        
2           -7.1795466933600194      
0           0                        
1           -1.3980144597053374      
1           -1.3980144597053374      
0           0                        
2           -5.5920578388213498      
1           -1.3980144597053374      
0           0                        
1           -1.3980144597053374      
1           -1.3980144597053374      
0           0                        
1           -1.3980144597053374      
2           -5.5920578388213498      
1           -1.3980144597053374      
0           0                        
0           0                        
1           -1.3980144597053374      
0           0                        
0           0                        
1           -1.3980144597053374      
1           -1.3980144597053374      
0           0                        
0           0                        
0           0                        
0           0                        
3           -35.523641429082858      
1           -1.3980144597053374      
0           0                        
0           0                        
0           0                        
2           -5.5920578388213498      
1           -1.3980144597053374      
2           -5.5920578388213498      
0           0                        
1           -1.3980144597053374      
0           0                        
3           -13.445807000624916      
1           -1.3980144597053374      
1           -1.3980144597053374      
0           0                        
1           -1.3980144597053374      
0           0                        
0           0                        
2           -778.59811723618895      
1           -1.3980144597053374      
1           -1.3980144597053374      
0           0                        
0           0                        
1           -1.3980144597053374      
1           -1.3980144597053374      
0           0                        
0           0                        
0           0                        
1           -1.3980144597053374      
2           -5.5920578388213498      
1           -1.3980144597053374      
0           0                        
3           -12.582130137348038      
1           -1.3980144597053374      
2           -5.5920578388213498      
1           -1.3980144597053374      
0           0                        
1           -1.3980144597053374      
2           -5.5920578388213498      
0           0                        
0           0                        
0           0                        
0           0                        
0           0                        
0           0                        
0           0                        
0           0                        
4           -68.335843589627814      
0           0                        
0           0                        
0           0                        
1           -1.3980144597053374      
1           -1.3980144597053374      
3           -621.73943236082778      
0           0                        
1           -1.3980144597053374      
