330 1 -3625 35 35 35
2           -0.80944354447203892     
0           0                        
1           -0.20236088611800973     
0           0                        
1           -0.20236088611800973     
1           -0.20236088611800973     
1           -0.20236088611800973     
2           -0.80944354447203892     
1           -0.20236088611800973     
0           0                        
0           0                        
0           0                        
1           -0.20236088611800973     
3           -1.8212479750620876      
1           -0.20236088611800973     
0           0                        
1           -0.20236088611800973     
1           -0.20236088611800973     
1           -0.20236088611800973     
0           0                        
0           0                        
0           0                        
1           -0.20236088611800973     
2           -58.639803348578951      
1           -0.20236088611800973     
0           0                        
2           -0.80944354447203892     
0           0                        
2           -0.80944354447203892     
1           -0.20236088611800973     
0           0                        
2           -0.80944354447203892     
1           -0.20236088611800973     
1           -0.20236088611800973     
1           -0.20236088611800973     
0           0                        
0           0                        
1           -0.20236088611800973     
3           295.07249872449546       
1           -0.20236088611800973     
1           -0.20236088611800973     
1           -0.20236088611800973     
0           0                        
3           -3.9928797518074597      
0           0                        
1           -0.20236088611800973     
0           0                        
0           0                        
1           -0.20236088611800973     
3           -35.840166340411024      
0           0                        
1           -0.20236088611800973     
1           -0.20236088611800973     
0           0                        
0           0                        
0           0                        
0           0                        
1           -0.20236088611800973     
0           0                        
1           -0.20236088611800973     
2           -6.4214895121376818      
0           0                        
1           -0.20236088611800973     
0           0                        
1           -0.20236088611800973     
1           -0.20236088611800973     
0           0                        
2           -0.80944354447203892     
1           -0.20236088611800973     
1           -0.20236088611800973     
1           -0.20236088611800973     
3           -45.406632107728115      
2           -5.5870583631460038      
3           -142.76189958670932      
2           -0.80944354447203892     
1           -0.20236088611800973     
2           -0.80944354447203892     
2           -0.80944354447203892     
2           -0.80944354447203892     
5           -144.6028313627402       
1           -0.20236088611800973     
1           -0.20236088611800973     
0           0                        
1           -0.20236088611800973     
0           0                        
1           -0.20236088611800973     
0           0                        
1           -0.20236088611800973     
0           0                        
0           0                        
0           0                        
0           0                        
0           0                        
1           -0.20236088611800973     
2           -0.80944354447203892     
0           0                        
0           0                        
0           0                        
0           0                        
0           0                        
0           0                        
