330 1 -3625 35 35 35
1           -0.56280112786218028     
1           -0.56280112786218028     
1           -0.56280112786218028     
1           -0.56280112786218028     
2           -2.2512045114487211      
3           -170.20017801109429      
1           -0.56280112786218028     
2           -191.99595259872913      
2           -2.2512045114487211      
0           0                        
0           0                        
0           0                        
0           0                        
1           -0.56280112786218028     
1           -0.56280112786218028     
1           -0.56280112786218028     
0           0                        
0           0                        
1           -0.56280112786218028     
4           -66.051653449011098      
0           0                        
1           -0.56280112786218028     
0           0                        
0           0                        
1           -0.56280112786218028     
2           -412.43132282544536      
0           0                        
1           -0.56280112786218028     
0           0                        
0           0                        
0           0                        
0           0                        
1           -0.56280112786218028     
1           -0.56280112786218028     
2           -2.2512045114487211      
0           0                        
1           -0.56280112786218028     
4           -322.62146878556206      
1           -0.56280112786218028     
0           0                        
0           0                        
0           0                        
0           0                        
2           -2.2512045114487211      
0           0                        
1           -0.56280112786218028     
0           0                        
0           0                        
1           -0.56280112786218028     
1           -0.56280112786218028     
1           -0.56280112786218028     
2           -2.2512045114487211      
0           0                        
1           -0.56280112786218028     
0           0                        
0           0                        
1           -0.56280112786218028     
1           -0.56280112786218028     
0           0                        
2           -368.9293616281002       
3           -78.620645267045617      
2           -2.2512045114487211      
0           0                        
1           -0.56280112786218028     
1           -0.56280112786218028     
1           -0.56280112786218028     
0           0                        
0           0                        
1           -0.56280112786218028     
1           -0.56280112786218028     
3           -44.804456432215801      
0           0                        
1           -0.56280112786218028     
0           0                        
1           -0.56280112786218028     
1           -0.56280112786218028     
0           0                        
0           0                        
3           -5.0652101507596221      
1           -0.56280112786218028     
1           -0.56280112786218028     
1           -0.56280112786218028     
0           0                        
2           -2.2512045114487211      
0           0                        
1           -0.56280112786218028     
1           -0.56280112786218028     
4           -172.825614992683        
2           -20.273660428550379      
1           -0.56280112786218028     
0           0                        
1           -0.56280112786218028     
0           0                        
0           0                        
0           0                        
0           0                        
3           -9.3949052696600646      
2           -7.9599664414714617      
1           -0.56280112786218028     
1           -0.56280112786218028     
2           -15.190922704353754      
