330 1 -3625 35 35 35
2           -5.6886202856566097      
0           0                        
1           -1.4221550714141524      
0           0                        
0           0                        
1           -1.4221550714141524      
0           0                        
0           0                        
0           0                        
1           -1.4221550714141524      
0           0                        
2           -5.6886202856566097      
3           -17.33458541028817       
2           -5.6886202856566097      
0           0                        
0           0                        
0           0                        
3           -70.787105297079989      
2           -5.6886202856566097      
2           -667.04199950960901      
1           -1.4221550714141524      
1           -1.4221550714141524      
2           -5.6886202856566097      
1           -1.4221550714141524      
0           0                        
0           0                        
1           -1.4221550714141524      
1           -1.4221550714141524      
2           -5.6886202856566097      
0           0                        
2           -5.6886202856566097      
1           -1.4221550714141524      
0           0                        
0           0                        
1           -1.4221550714141524      
2           -5.6886202856566097      
1           -1.4221550714141524      
2           -5.6886202856566097      
1           -1.4221550714141524      
0           0                        
2           -5.6886202856566097      
1           -1.4221550714141524      
3           -12.799395642727369      
0           0                        
2           -5.6886202856566097      
0           0                        
1           -1.4221550714141524      
0           0                        
0           0                        
1           -1.4221550714141524      
3           -12.799395642727369      
2           -5.6886202856566097      
0           0                        
2           -5.6886202856566097      
0           0                        
0           0                        
0           0                        
1           -1.4221550714141524      
1           -1.4221550714141524      
0           0                        
1           -1.4221550714141524      
1           -1.4221550714141524      
0           0                        
0           0                        
0           0                        
0           0                        
1           -1.4221550714141524      
1           -1.4221550714141524      
0           0                        
1           -1.4221550714141524      
0           0                        
0           0                        
0           0                        
1           -1.4221550714141524      
1           -1.4221550714141524      
0           0                        
0           0                        
2           -5.6886202856566097      
3           -876.32327050945003      
0           0                        
1           -1.4221550714141524      
2           -5.6886202856566097      
2           -246.4707440701618       
0           0                        
0           0                        
1           -1.4221550714141524      
0           0                        
1           -1.4221550714141524      
0           0                        
2           -5.6886202856566097      
0           0                        
0           0                        
0           0                        
1           -1.4221550714141524      
0           0                        
3           -23.168135106118136      
3           -12.799395642727369      
2           -5.6886202856566097      
0           0                        
1           -1.4221550714141524      
1           -1.4221550714141524      
