330 1 -3625 35 35 35
0           0                        
0           0                        
0           0                        
2           -2.1845095552540323      
1           -0.54612738881350809     
0           0                        
0           0                        
0           0                        
1           -0.54612738881350809     
0           0                        
0           0                        
2           -2.1845095552540323      
2           -340.41735752631485      
1           -0.54612738881350809     
3           -134.85370742303928      
0           0                        
0           0                        
1           -0.54612738881350809     
3           -175.92676450546406      
1           -0.54612738881350809     
0           0                        
0           0                        
0           0                        
1           -0.54612738881350809     
1           -0.54612738881350809     
2           -2.1845095552540323      
4           -201.32050562020606      
1           -0.54612738881350809     
2           -2.1845095552540323      
0           0                        
2           -2.1845095552540323      
1           -0.54612738881350809     
0           0                        
1           -0.54612738881350809     
0           0                        
0           0                        
0           0                        
1           -0.54612738881350809     
0           0                        
0           0                        
0           0                        
0           0                        
0           0                        
2           -10.60486360987813       
4           -33.435047870823041      
0           0                        
2           -306.0626716967102       
1           -0.54612738881350809     
0           0                        
1           -0.54612738881350809     
0           0                        
0           0                        
1           -0.54612738881350809     
0           0                        
1           -0.54612738881350809     
0           0                        
0           0                        
1           -0.54612738881350809     
0           0                        
1           -0.54612738881350809     
1           -0.54612738881350809     
0           0                        
0           0                        
1           -0.54612738881350809     
1           -0.54612738881350809     
1           -0.54612738881350809     
1           -0.54612738881350809     
0           0                        
2           -2.1845095552540323      
0           0                        
1           -0.54612738881350809     
0           0                        
0           0                        
0           0                        
0           0                        
0           0                        
1           -0.54612738881350809     
0           0                        
1           -0.54612738881350809     
1           -0.54612738881350809     
1           -0.54612738881350809     
1           -0.54612738881350809     
0           0                        
0           0                        
0           0                        
0           0                        
1           -0.54612738881350809     
1           -0.54612738881350809     
0           0                        
0           0                        
0           0                        
2           -479.1173619586815       
0           0                        
1           -0.54612738881350809     
0           0                        
1           -0.54612738881350809     
1           -0.54612738881350809     
0           0                        
1           -0.54612738881350809     
0           0                        
1           -0.54612738881350809     
