330 1 -3625 35 35 35
1           -0.56280112786218028     
0           0                        
0           0                        
1           -0.56280112786218028     
0           0                        
0           0                        
0           0                        
0           0                        
2           -2.2512045114487211      
1           -0.56280112786218028     
0           0                        
1           -0.56280112786218028     
1           -0.56280112786218028     
1           -0.56280112786218028     
0           0                        
1           -0.56280112786218028     
1           -0.56280112786218028     
1           -0.56280112786218028     
1           -0.56280112786218028     
4           -29.021351819883982      
1           -0.56280112786218028     
1           -0.56280112786218028     
0           0                        
3           -109.37585834817027      
2           -2.2512045114487211      
0           0                        
1           -0.56280112786218028     
1           -0.56280112786218028     
1           -0.56280112786218028     
0           0                        
0           0                        
3           -5.0652101507596221      
2           -2.2512045114487211      
1           -0.56280112786218028     
0           0                        
1           -0.56280112786218028     
0           0                        
0           0                        
0           0                        
1           -0.56280112786218028     
2           -2.2512045114487211      
2           -2.2512045114487211      
1           -0.56280112786218028     
0           0                        
0           0                        
0           0                        
1           -0.56280112786218028     
1           -0.56280112786218028     
1           -0.56280112786218028     
0           0                        
0           0                        
0           0                        
0           0                        
0           0                        
1           -0.56280112786218028     
0           0                        
0           0                        
2           -2.2512045114487211      
0           0                        
1           -0.56280112786218028     
0           0                        
3           -5.0652101507596221      
0           0                        
0           0                        
1           -0.56280112786218028     
0           0                        
2           -2.2512045114487211      
2           -2.2512045114487211      
2           -2.2512045114487211      
1           -0.56280112786218028     
1           -0.56280112786218028     
0           0                        
1           -0.56280112786218028     
2           -2.2512045114487211      
0           0                        
0           0                        
0           0                        
1           -0.56280112786218028     
2           -67.671545222773133      
0           0                        
1           -0.56280112786218028     
1           -0.56280112786218028     
1           -0.56280112786218028     
0           0                        
1           -0.56280112786218028     
0           0                        
0           0                        
0           0                        
0           0                        
0           0                        
0           0                        
0           0                        
1           -0.56280112786218028     
0           0                        
0           0                        
1           -0.56280112786218028     
0           0                        
0           0                        
3           -428.45286589850741      
2           -2.2512045114487211      
1           -0.56280112786218028     
