330 1 -3625 35 35 35
1           -1.4415847455985695      
1           -1.4415847455985695      
2           -5.7663389823942781      
1           -1.4415847455985695      
0           0                        
0           0                        
1           -1.4415847455985695      
0           0                        
0           0                        
0           0                        
1           -1.4415847455985695      
1           -1.4415847455985695      
1           -1.4415847455985695      
0           0                        
2           -5.7663389823942781      
0           0                        
0           0                        
2           -5.7663389823942781      
0           0                        
2           -5.7663389823942781      
0           0                        
2           -5.7663389823942781      
2           -5.7663389823942781      
0           0                        
0           0                        
1           -1.4415847455985695      
2           -5.7663389823942781      
1           -1.4415847455985695      
1           -1.4415847455985695      
1           -1.4415847455985695      
0           0                        
1           -1.4415847455985695      
0           0                        
2           -5.7663389823942781      
0           0                        
2           -5.7663389823942781      
0           0                        
1           -1.4415847455985695      
1           -1.4415847455985695      
1           -1.4415847455985695      
1           -1.4415847455985695      
1           -1.4415847455985695      
0           0                        
1           -1.4415847455985695      
1           -1.4415847455985695      
2           -35.248531432319091      
0           0                        
2           -19.494383596561153      
0           0                        
1           -1.4415847455985695      
1           -1.4415847455985695      
0           0                        
2           -5.7663389823942781      
2           -5.7663389823942781      
0           0                        
0           0                        
2           -852.66610602055391      
0           0                        
2           -5.7663389823942781      
1           -1.4415847455985695      
0           0                        
0           0                        
1           -1.4415847455985695      
1           -1.4415847455985695      
0           0                        
1           -1.4415847455985695      
1           -1.4415847455985695      
1           -1.4415847455985695      
1           -1.4415847455985695      
1           -1.4415847455985695      
1           -1.4415847455985695      
0           0                        
0           0                        
0           0                        
2           -5.7663389823942781      
0           0                        
1           -1.4415847455985695      
1           -1.4415847455985695      
2           -5.7663389823942781      
0           0                        
0           0                        
1           -1.4415847455985695      
0           0                        
1           -1.4415847455985695      
1           -1.4415847455985695      
1           -1.4415847455985695      
1           -1.4415847455985695      
0           0                        
0           0                        
0           0                        
0           0                        
0           0                        
2           -5.7663389823942781      
1           -1.4415847455985695      
1           -1.4415847455985695      
1           -1.4415847455985695      
0           0                        
0           0                        
1           -1.4415847455985695      
1           -1.4415847455985695      
2           -5.7663389823942781      
