330 1 -3625 35 35 35
0           0                        
0           0                        
0           0                        
2           -5.6886202856566097      
1           -1.4221550714141524      
0           0                        
0           0                        
0           0                        
1           -1.4221550714141524      
0           0                        
0           0                        
2           -5.6886202856566097      
2           -599.99723743902973      
1           -1.4221550714141524      
3           -363.03066132922015      
0           0                        
0           0                        
1           -1.4221550714141524      
3           -430.75289247314669      
1           -1.4221550714141524      
0           0                        
0           0                        
0           0                        
1           -1.4221550714141524      
1           -1.4221550714141524      
2           -5.6886202856566097      
4           -813.54447835209839      
1           -1.4221550714141524      
2           -5.6886202856566097      
0           0                        
2           -5.6886202856566097      
1           -1.4221550714141524      
0           0                        
1           -1.4221550714141524      
0           0                        
0           0                        
0           0                        
1           -1.4221550714141524      
0           0                        
0           0                        
0           0                        
0           0                        
0           0                        
2           -43.148891570292434      
4           -110.21966987679409      
0           0                        
2           -812.8411440700844       
1           -1.4221550714141524      
0           0                        
1           -1.4221550714141524      
0           0                        
0           0                        
1           -1.4221550714141524      
0           0                        
1           -1.4221550714141524      
0           0                        
0           0                        
1           -1.4221550714141524      
0           0                        
1           -1.4221550714141524      
1           -1.4221550714141524      
0           0                        
0           0                        
1           -1.4221550714141524      
1           -1.4221550714141524      
1           -1.4221550714141524      
1           -1.4221550714141524      
0           0                        
2           -5.6886202856566097      
0           0                        
1           -1.4221550714141524      
0           0                        
0           0                        
0           0                        
0           0                        
0           0                        
1           -1.4221550714141524      
0           0                        
1           -1.4221550714141524      
1           -1.4221550714141524      
1           -1.4221550714141524      
1           -1.4221550714141524      
0           0                        
0           0                        
0           0                        
0           0                        
1           -1.4221550714141524      
1           -1.4221550714141524      
0           0                        
0           0                        
0           0                        
2           -1420.6728681165971      
0           0                        
1           -1.4221550714141524      
0           0                        
1           -1.4221550714141524      
1           -1.4221550714141524      
0           0                        
1           -1.4221550714141524      
0           0                        
1           -1.4221550714141524      
