330 1 -3625 35 35 35
1           -0.56280112786218028     
0           0                        
0           0                        
0           0                        
0           0                        
0           0                        
0           0                        
0           0                        
0           0                        
0           0                        
3           -5.0652101507596221      
0           0                        
0           0                        
0           0                        
0           0                        
0           0                        
0           0                        
0           0                        
2           -2.2512045114487211      
1           -0.56280112786218028     
3           -69.151178004956293      
3           -307.43274161425319      
0           0                        
3           -128.27351198701868      
1           -0.56280112786218028     
1           -0.56280112786218028     
0           0                        
0           0                        
0           0                        
0           0                        
2           -164.2067394590853       
1           -0.56280112786218028     
0           0                        
1           -0.56280112786218028     
0           0                        
0           0                        
1           -0.56280112786218028     
2           -2.2512045114487211      
0           0                        
0           0                        
0           0                        
0           0                        
0           0                        
1           -0.56280112786218028     
2           -2.2512045114487211      
0           0                        
2           -2.2512045114487211      
0           0                        
2           -2.2512045114487211      
2           -2.2512045114487211      
0           0                        
0           0                        
1           -0.56280112786218028     
0           0                        
1           -0.56280112786218028     
5           -1138.7888225408269      
2           -2.2512045114487211      
0           0                        
2           -6.5121539213393875      
1           -0.56280112786218028     
0           0                        
0           0                        
1           -0.56280112786218028     
0           0                        
0           0                        
1           -0.56280112786218028     
0           0                        
1           -0.56280112786218028     
1           -0.56280112786218028     
1           -0.56280112786218028     
1           -0.56280112786218028     
0           0                        
1           -0.56280112786218028     
0           0                        
1           -0.56280112786218028     
0           0                        
1           -0.56280112786218028     
0           0                        
0           0                        
2           -2.2512045114487211      
1           -0.56280112786218028     
2           -2.2512045114487211      
0           0                        
1           -0.56280112786218028     
1           -0.56280112786218028     
2           -2.2512045114487211      
0           0                        
1           -0.56280112786218028     
0           0                        
1           -0.56280112786218028     
2           -49.127441953248194      
1           -0.56280112786218028     
1           -0.56280112786218028     
1           -0.56280112786218028     
0           0                        
1           -0.56280112786218028     
0           0                        
0           0                        
1           -0.56280112786218028     
2           -2.2512045114487211      
2           -2.2512045114487211      
