330 1 -3625 35 35 35
0           0                        
0           0                        
0           0                        
0           0                        
1           -0.54612738881350809     
1           -0.54612738881350809     
2           -2.1845095552540323      
2           -3.7299977272406011      
0           0                        
0           0                        
0           0                        
1           -0.54612738881350809     
0           0                        
0           0                        
5           -577.56682327194187      
0           0                        
1           -0.54612738881350809     
2           -43.658033263573238      
0           0                        
2           -2.1845095552540323      
1           -0.54612738881350809     
0           0                        
0           0                        
1           -0.54612738881350809     
0           0                        
1           -0.54612738881350809     
0           0                        
0           0                        
0           0                        
1           -0.54612738881350809     
0           0                        
0           0                        
1           -0.54612738881350809     
1           -0.54612738881350809     
0           0                        
0           0                        
0           0                        
0           0                        
0           0                        
0           0                        
0           0                        
0           0                        
0           0                        
0           0                        
3           -403.45357767301829      
1           -0.54612738881350809     
1           -0.54612738881350809     
1           -0.54612738881350809     
0           0                        
0           0                        
3           -4.9151464993215725      
0           0                        
0           0                        
0           0                        
0           0                        
1           -0.54612738881350809     
1           -0.54612738881350809     
1           -0.54612738881350809     
0           0                        
2           -2.1845095552540323      
1           -0.54612738881350809     
1           -0.54612738881350809     
0           0                        
0           0                        
1           -0.54612738881350809     
1           -0.54612738881350809     
1           -0.54612738881350809     
0           0                        
1           -0.54612738881350809     
0           0                        
0           0                        
1           -0.54612738881350809     
0           0                        
1           -0.54612738881350809     
0           0                        
0           0                        
2           -2.1845095552540323      
0           0                        
1           -0.54612738881350809     
1           -0.54612738881350809     
0           0                        
1           -0.54612738881350809     
0           0                        
1           -0.54612738881350809     
2           -2.1845095552540323      
1           -0.54612738881350809     
0           0                        
0           0                        
1           -0.54612738881350809     
2           -199.33954125452127      
0           0                        
0           0                        
1           -0.54612738881350809     
0           0                        
2           -12.954623004251289      
1           -0.54612738881350809     
1           -0.54612738881350809     
1           -0.54612738881350809     
1           -0.54612738881350809     
0           0                        
2           -2.1845095552540323      
