330 1 -3625 35 35 35
3           -125.46452226273273      
2           -5.7663389823942781      
0           0                        
1           -1.4415847455985695      
0           0                        
0           0                        
1           -1.4415847455985695      
0           0                        
0           0                        
0           0                        
0           0                        
2           -118.19800613527812      
2           -31.38262162176192       
0           0                        
1           -1.4415847455985695      
1           -1.4415847455985695      
3           -243.63254490863767      
5           -117.78397750735334      
1           -1.4415847455985695      
2           -14.265516394895364      
0           0                        
1           -1.4415847455985695      
1           -1.4415847455985695      
1           -1.4415847455985695      
0           0                        
1           -1.4415847455985695      
0           0                        
0           0                        
0           0                        
2           -5.7663389823942781      
0           0                        
2           -5.7663389823942781      
1           -1.4415847455985695      
0           0                        
0           0                        
0           0                        
1           -1.4415847455985695      
0           0                        
1           -1.4415847455985695      
2           -5.7663389823942781      
0           0                        
0           0                        
0           0                        
1           -1.4415847455985695      
2           -39.526990295117415      
2           -5.7663389823942781      
1           -1.4415847455985695      
1           -1.4415847455985695      
0           0                        
1           -1.4415847455985695      
1           -1.4415847455985695      
0           0                        
1           -1.4415847455985695      
1           -1.4415847455985695      
4           -484.02031743817929      
2           -5.7663389823942781      
1           -1.4415847455985695      
0           0                        
1           -1.4415847455985695      
0           0                        
0           0                        
0           0                        
1           -1.4415847455985695      
2           -307.25422147425598      
0           0                        
1           -1.4415847455985695      
4           -754.31319288648785      
0           0                        
2           -31.356267473349959      
0           0                        
0           0                        
0           0                        
1           -1.4415847455985695      
0           0                        
2           -309.4097265834323       
4           -407.46289114340959      
0           0                        
1           -1.4415847455985695      
0           0                        
1           -1.4415847455985695      
2           -5.7663389823942781      
0           0                        
0           0                        
0           0                        
2           -5.7663389823942781      
0           0                        
1           -1.4415847455985695      
1           -1.4415847455985695      
1           -1.4415847455985695      
1           -1.4415847455985695      
0           0                        
1           -1.4415847455985695      
1           -1.4415847455985695      
4           -186.02965198624435      
1           -1.4415847455985695      
1           -1.4415847455985695      
2           -5.7663389823942781      
4           -28.967174571868757      
2           -91.16603640329059       
0           0                        
1           -1.4415847455985695      
