330 1 -3625 35 35 35
0           0                        
0           0                        
1           -0.20236088611800973     
1           -0.20236088611800973     
1           -0.20236088611800973     
3           -1.8212479750620876      
1           -0.20236088611800973     
0           0                        
0           0                        
0           0                        
0           0                        
1           -0.20236088611800973     
1           -0.20236088611800973     
2           -0.80944354447203892     
1           -0.20236088611800973     
1           -0.20236088611800973     
0           0                        
0           0                        
0           0                        
0           0                        
0           0                        
1           -0.20236088611800973     
2           -0.80944354447203892     
0           0                        
0           0                        
1           -0.20236088611800973     
0           0                        
1           -0.20236088611800973     
2           -0.80944354447203892     
0           0                        
0           0                        
2           -0.80944354447203892     
0           0                        
0           0                        
0           0                        
0           0                        
0           0                        
0           0                        
1           -0.20236088611800973     
0           0                        
0           0                        
0           0                        
0           0                        
0           0                        
0           0                        
2           -0.80944354447203892     
2           -11.172060469296063      
2           -0.80944354447203892     
0           0                        
2           -21.908261143201592      
2           -0.80944354447203892     
0           0                        
1           -0.20236088611800973     
1           -0.20236088611800973     
2           -87.618686986062556      
0           0                        
0           0                        
0           0                        
0           0                        
0           0                        
0           0                        
1           -0.20236088611800973     
1           -0.20236088611800973     
0           0                        
0           0                        
0           0                        
0           0                        
2           -0.80944354447203892     
0           0                        
0           0                        
1           -0.20236088611800973     
1           -0.20236088611800973     
1           -0.20236088611800973     
1           -0.20236088611800973     
0           0                        
0           0                        
2           -0.80944354447203892     
2           -22.296070270537768      
0           0                        
0           0                        
0           0                        
1           -0.20236088611800973     
1           -0.20236088611800973     
0           0                        
1           -0.20236088611800973     
0           0                        
1           -0.20236088611800973     
0           0                        
0           0                        
0           0                        
0           0                        
2           -0.80944354447203892     
0           0                        
2           -0.80944354447203892     
0           0                        
0           0                        
0           0                        
0           0                        
1           -0.20236088611800973     
0           0                        
0           0                        
