330 1 -3625 35 35 35
2           -5.6886202856566097      
1           -1.4221550714141524      
0           0                        
1           -1.4221550714141524      
1           -1.4221550714141524      
1           -1.4221550714141524      
0           0                        
0           0                        
0           0                        
0           0                        
0           0                        
2           -19.389172644515156      
2           -5.6886202856566097      
0           0                        
0           0                        
1           -1.4221550714141524      
1           -1.4221550714141524      
0           0                        
0           0                        
1           -1.4221550714141524      
2           -5.6886202856566097      
1           -1.4221550714141524      
1           -1.4221550714141524      
1           -1.4221550714141524      
0           0                        
1           -1.4221550714141524      
0           0                        
0           0                        
1           -1.4221550714141524      
1           -1.4221550714141524      
1           -1.4221550714141524      
2           -5.6886202856566097      
1           -1.4221550714141524      
0           0                        
3           -16.011610765967223      
0           0                        
0           0                        
2           -5.6886202856566097      
3           -162.67842710952542      
1           -1.4221550714141524      
0           0                        
0           0                        
1           -1.4221550714141524      
2           -5.6886202856566097      
0           0                        
1           -1.4221550714141524      
0           0                        
0           0                        
0           0                        
2           -5.6886202856566097      
1           -1.4221550714141524      
1           -1.4221550714141524      
1           -1.4221550714141524      
0           0                        
0           0                        
2           -5.6886202856566097      
2           -5.6886202856566097      
3           -422.31433391863339      
1           -1.4221550714141524      
1           -1.4221550714141524      
1           -1.4221550714141524      
1           -1.4221550714141524      
1           -1.4221550714141524      
0           0                        
0           0                        
1           -1.4221550714141524      
0           0                        
1           -1.4221550714141524      
0           0                        
0           0                        
1           -1.4221550714141524      
1           -1.4221550714141524      
2           -5.6886202856566097      
2           -5.6886202856566097      
0           0                        
2           -5.6886202856566097      
1           -1.4221550714141524      
0           0                        
2           -5.6886202856566097      
1           -1.4221550714141524      
3           -12.799395642727369      
2           -1293.0460993154502      
1           -1.4221550714141524      
1           -1.4221550714141524      
0           0                        
0           0                        
2           -5.6886202856566097      
0           0                        
1           -1.4221550714141524      
1           -1.4221550714141524      
1           -1.4221550714141524      
0           0                        
0           0                        
2           -627.69112300274094      
0           0                        
1           -1.4221550714141524      
0           0                        
0           0                        
2           -46.096482622102052      
0           0                        
3           -36.761615418845864      
