330 1 -3625 35 35 35
2           -2.1987442456770125      
0           0                        
2           -4.7016814715048074      
0           0                        
2           -0.80944354447203892     
0           0                        
0           0                        
0           0                        
1           -0.20236088611800973     
2           -2.7213916384974084      
0           0                        
0           0                        
0           0                        
0           0                        
1           -0.20236088611800973     
0           0                        
0           0                        
1           -0.20236088611800973     
2           -0.80944354447203892     
1           -0.20236088611800973     
1           -0.20236088611800973     
0           0                        
0           0                        
0           0                        
0           0                        
2           -0.80944354447203892     
2           -0.80944354447203892     
2           -130.25488134144237      
0           0                        
0           0                        
0           0                        
2           -0.80944354447203892     
0           0                        
1           -0.20236088611800973     
1           -0.20236088611800973     
0           0                        
1           -0.20236088611800973     
1           -0.20236088611800973     
1           -0.20236088611800973     
1           -0.20236088611800973     
1           -0.20236088611800973     
1           -0.20236088611800973     
0           0                        
1           -0.20236088611800973     
0           0                        
1           -0.20236088611800973     
1           -0.20236088611800973     
0           0                        
2           -6.4038328775624791      
1           -0.20236088611800973     
1           -0.20236088611800973     
0           0                        
0           0                        
0           0                        
0           0                        
0           0                        
2           -0.80944354447203892     
1           -0.20236088611800973     
2           -0.80944354447203892     
0           0                        
0           0                        
0           0                        
0           0                        
0           0                        
0           0                        
1           -0.20236088611800973     
1           -0.20236088611800973     
1           -0.20236088611800973     
3           -10.397826553736433      
0           0                        
1           -0.20236088611800973     
0           0                        
1           -0.20236088611800973     
1           -0.20236088611800973     
0           0                        
2           -11.846053881020982      
0           0                        
1           -0.20236088611800973     
1           -0.20236088611800973     
1           -0.20236088611800973     
0           0                        
1           -0.20236088611800973     
1           -0.20236088611800973     
1           -0.20236088611800973     
1           -0.20236088611800973     
1           -0.20236088611800973     
1           -0.20236088611800973     
0           0                        
1           -0.20236088611800973     
1           -0.20236088611800973     
3           -1.8212479750620876      
3           -166.7508087440863       
0           0                        
0           0                        
1           -0.20236088611800973     
0           0                        
2           -0.80944354447203892     
1           -0.20236088611800973     
0           0                        
3           -3.239198128419126       
1           -0.20236088611800973     
