330 1 -3625 35 35 35
0           0                        
0           0                        
1           -0.20236088611800973     
0           0                        
1           -0.20236088611800973     
1           -0.20236088611800973     
0           0                        
0           0                        
1           -0.20236088611800973     
1           -0.20236088611800973     
0           0                        
0           0                        
2           -107.904584988224        
0           0                        
1           -0.20236088611800973     
0           0                        
1           -0.20236088611800973     
0           0                        
0           0                        
1           -0.20236088611800973     
0           0                        
0           0                        
0           0                        
1           -0.20236088611800973     
2           -0.80944354447203892     
0           0                        
1           -0.20236088611800973     
0           0                        
0           0                        
1           -0.20236088611800973     
0           0                        
0           0                        
1           -0.20236088611800973     
2           -0.80944354447203892     
2           -95.79948854788077       
0           0                        
1           -0.20236088611800973     
0           0                        
0           0                        
1           -0.20236088611800973     
4           -38.319790590688569      
1           -0.20236088611800973     
1           -0.20236088611800973     
3           -25.98968864185133       
0           0                        
1           -0.20236088611800973     
1           -0.20236088611800973     
0           0                        
0           0                        
0           0                        
3           -137.72032256531941      
0           0                        
1           -0.20236088611800973     
0           0                        
2           -3.3884970929041449      
0           0                        
0           0                        
3           -139.50946960836646      
1           -0.20236088611800973     
0           0                        
1           -0.20236088611800973     
1           -0.20236088611800973     
1           -0.20236088611800973     
1           -0.20236088611800973     
0           0                        
1           -0.20236088611800973     
2           -0.80944354447203892     
2           -18.490232776064985      
0           0                        
1           -0.20236088611800973     
2           -54.514904191080149      
0           0                        
0           0                        
1           -0.20236088611800973     
0           0                        
0           0                        
1           -0.20236088611800973     
0           0                        
1           -0.20236088611800973     
1           -0.20236088611800973     
0           0                        
1           -0.20236088611800973     
1           -0.20236088611800973     
1           -0.20236088611800973     
1           -0.20236088611800973     
2           -0.80944354447203892     
2           -0.80944354447203892     
1           -0.20236088611800973     
1           -0.20236088611800973     
0           0                        
2           -0.80944354447203892     
1           -0.20236088611800973     
2           -0.80944354447203892     
0           0                        
0           0                        
4           -5.8310707049688961      
1           -0.20236088611800973     
0           0                        
0           0                        
3           -7.2502338223070737      
1           -0.20236088611800973     
