330 1 -3625 35 35 35
0           0                        
0           0                        
0           0                        
1           -0.56280112786218028     
0           0                        
0           0                        
0           0                        
0           0                        
0           0                        
3           -5.0652101507596221      
1           -0.56280112786218028     
1           -0.56280112786218028     
0           0                        
2           -2.2512045114487211      
0           0                        
1           -0.56280112786218028     
0           0                        
1           -0.56280112786218028     
0           0                        
1           -0.56280112786218028     
1           -0.56280112786218028     
2           -172.36030995139677      
0           0                        
0           0                        
0           0                        
1           -0.56280112786218028     
0           0                        
0           0                        
0           0                        
0           0                        
0           0                        
1           -0.56280112786218028     
0           0                        
1           -0.56280112786218028     
0           0                        
0           0                        
0           0                        
1           -0.56280112786218028     
3           -9.3150790304202005      
1           -0.56280112786218028     
0           0                        
1           -0.56280112786218028     
1           -0.56280112786218028     
1           -0.56280112786218028     
0           0                        
2           -2.2512045114487211      
0           0                        
1           -0.56280112786218028     
0           0                        
1           -0.56280112786218028     
0           0                        
4           -9.0048180457948845      
0           0                        
2           -2.2512045114487211      
0           0                        
0           0                        
1           -0.56280112786218028     
1           -0.56280112786218028     
1           -0.56280112786218028     
0           0                        
0           0                        
0           0                        
1           -0.56280112786218028     
2           -2.2512045114487211      
0           0                        
1           -0.56280112786218028     
1           -0.56280112786218028     
1           -0.56280112786218028     
3           -5.0652101507596221      
0           0                        
0           0                        
0           0                        
1           -0.56280112786218028     
3           -217.24249510429061      
1           -0.56280112786218028     
0           0                        
1           -0.56280112786218028     
1           -0.56280112786218028     
0           0                        
0           0                        
0           0                        
1           -0.56280112786218028     
1           -0.56280112786218028     
0           0                        
2           -2.2512045114487211      
0           0                        
0           0                        
1           -0.56280112786218028     
0           0                        
1           -0.56280112786218028     
1           -0.56280112786218028     
1           -0.56280112786218028     
0           0                        
0           0                        
1           -0.56280112786218028     
0           0                        
0           0                        
0           0                        
1           -0.56280112786218028     
0           0                        
1           -0.56280112786218028     
