330 1 -3625 35 35 35
2           -0.80944354447203892     
0           0                        
1           -0.20236088611800973     
1           -0.20236088611800973     
4           -9.2865948376364891      
0           0                        
1           -0.20236088611800973     
0           0                        
0           0                        
3           -28.534163756892617      
0           0                        
0           0                        
0           0                        
1           -0.20236088611800973     
2           -70.797024881863962      
0           0                        
3           -1.8212479750620876      
1           -0.20236088611800973     
0           0                        
0           0                        
1           -0.20236088611800973     
1           -0.20236088611800973     
0           0                        
3           -85.379553321132974      
1           -0.20236088611800973     
2           -0.80944354447203892     
0           0                        
1           -0.20236088611800973     
2           -0.80944354447203892     
0           0                        
2           -0.80944354447203892     
1           -0.20236088611800973     
2           -0.80944354447203892     
1           -0.20236088611800973     
2           -7.3801749132948631      
0           0                        
1           -0.20236088611800973     
0           0                        
0           0                        
0           0                        
0           0                        
1           -0.20236088611800973     
0           0                        
1           -0.20236088611800973     
0           0                        
2           -0.80944354447203892     
0           0                        
0           0                        
0           0                        
1           -0.20236088611800973     
2           -0.80944354447203892     
2           -0.80944354447203892     
0           0                        
0           0                        
0           0                        
3           -151.4513010930188       
1           -0.20236088611800973     
1           -0.20236088611800973     
1           -0.20236088611800973     
1           -0.20236088611800973     
1           -0.20236088611800973     
1           -0.20236088611800973     
1           -0.20236088611800973     
1           -0.20236088611800973     
0           0                        
0           0                        
1           -0.20236088611800973     
2           -0.80944354447203892     
2           -0.80944354447203892     
0           0                        
3           -1.8212479750620876      
0           0                        
0           0                        
3           -1.8212479750620876      
1           -0.20236088611800973     
3           -1.8212479750620876      
0           0                        
1           -0.20236088611800973     
0           0                        
1           -0.20236088611800973     
0           0                        
0           0                        
1           -0.20236088611800973     
2           -0.80944354447203892     
1           -0.20236088611800973     
1           -0.20236088611800973     
0           0                        
0           0                        
2           -85.334029304057992      
0           0                        
2           -0.80944354447203892     
0           0                        
1           -0.20236088611800973     
0           0                        
1           -0.20236088611800973     
1           -0.20236088611800973     
2           -0.80944354447203892     
1           -0.20236088611800973     
1           -0.20236088611800973     
2           -86.344873824473353      
1           -0.20236088611800973     
