330 1 -3625 35 35 35
0           0                        
1           -0.19603775922131797     
2           -106.94062917785266      
1           -0.19603775922131797     
0           0                        
1           -0.19603775922131797     
2           -0.78415103688527188     
1           -0.19603775922131797     
0           0                        
1           -0.19603775922131797     
0           0                        
1           -0.19603775922131797     
0           0                        
1           -0.19603775922131797     
0           0                        
1           -0.19603775922131797     
1           -0.19603775922131797     
2           -0.78415103688527188     
1           -0.19603775922131797     
1           -0.19603775922131797     
0           0                        
1           -0.19603775922131797     
0           0                        
0           0                        
0           0                        
0           0                        
1           -0.19603775922131797     
1           -0.19603775922131797     
1           -0.19603775922131797     
2           -3.2735419696177734      
0           0                        
1           -0.19603775922131797     
0           0                        
0           0                        
0           0                        
4           -15.715271391964629      
1           -0.19603775922131797     
1           -0.19603775922131797     
0           0                        
0           0                        
0           0                        
0           0                        
3           -162.59119820286739      
1           -0.19603775922131797     
0           0                        
0           0                        
2           -182.22049909292551      
1           -0.19603775922131797     
0           0                        
2           -2.3760449272048834      
0           0                        
3           -1.764339832991862       
2           -0.78415103688527188     
1           -0.19603775922131797     
1           -0.19603775922131797     
1           -0.19603775922131797     
0           0                        
2           -0.78415103688527188     
1           -0.19603775922131797     
0           0                        
0           0                        
1           -0.19603775922131797     
1           -0.19603775922131797     
0           0                        
0           0                        
0           0                        
1           -0.19603775922131797     
1           -0.19603775922131797     
1           -0.19603775922131797     
1           -0.19603775922131797     
0           0                        
1           -0.19603775922131797     
0           0                        
0           0                        
1           -0.19603775922131797     
1           -0.19603775922131797     
1           -0.19603775922131797     
0           0                        
0           0                        
0           0                        
0           0                        
2           -0.78415103688527188     
1           -0.19603775922131797     
2           -3.6815170352329871      
0           0                        
2           -0.78415103688527188     
0           0                        
0           0                        
2           -0.78415103688527188     
0           0                        
0           0                        
0           0                        
1           -0.19603775922131797     
1           -0.19603775922131797     
0           0                        
0           0                        
0           0                        
1           -0.19603775922131797     
0           0                        
1           -0.19603775922131797     
0           0                        
