330 1 -3625 35 35 35
0           0                        
1           -0.54612738881350809     
1           -0.54612738881350809     
1           -0.54612738881350809     
0           0                        
1           -0.54612738881350809     
0           0                        
0           0                        
0           0                        
0           0                        
0           0                        
0           0                        
0           0                        
1           -0.54612738881350809     
1           -0.54612738881350809     
2           -2.1845095552540323      
0           0                        
1           -0.54612738881350809     
0           0                        
0           0                        
0           0                        
0           0                        
0           0                        
1           -0.54612738881350809     
0           0                        
0           0                        
1           -0.54612738881350809     
0           0                        
1           -0.54612738881350809     
1           -0.54612738881350809     
0           0                        
1           -0.54612738881350809     
0           0                        
0           0                        
1           -0.54612738881350809     
0           0                        
1           -0.54612738881350809     
1           -0.54612738881350809     
0           0                        
0           0                        
0           0                        
0           0                        
0           0                        
0           0                        
0           0                        
1           -0.54612738881350809     
1           -0.54612738881350809     
0           0                        
0           0                        
1           -0.54612738881350809     
1           -0.54612738881350809     
1           -0.54612738881350809     
1           -0.54612738881350809     
1           -0.54612738881350809     
0           0                        
2           -7.9989126362386873      
1           -0.54612738881350809     
0           0                        
0           0                        
2           -2.1845095552540323      
0           0                        
1           -0.54612738881350809     
1           -0.54612738881350809     
1           -0.54612738881350809     
2           -6.6154334416388378      
1           -0.54612738881350809     
0           0                        
1           -0.54612738881350809     
1           -0.54612738881350809     
0           0                        
0           0                        
0           0                        
1           -0.54612738881350809     
1           -0.54612738881350809     
0           0                        
1           -0.54612738881350809     
2           -2.1845095552540323      
1           -0.54612738881350809     
0           0                        
1           -0.54612738881350809     
1           -0.54612738881350809     
4           -19.098978396348308      
0           0                        
0           0                        
1           -0.54612738881350809     
0           0                        
0           0                        
3           -434.89126383645038      
1           -0.54612738881350809     
0           0                        
0           0                        
2           -2.1845095552540323      
0           0                        
3           -8.6593499111593282      
1           -0.54612738881350809     
2           -2.1845095552540323      
2           -2.1845095552540323      
2           -125.66033791506842      
0           0                        
2           -2.1845095552540323      
0           0                        
