330 1 -3625 35 35 35
0           0                        
2           -3.7418918001954959      
0           0                        
2           -2.1845095552540323      
0           0                        
0           0                        
0           0                        
1           -0.54612738881350809     
0           0                        
0           0                        
3           -169.52219583123539      
0           0                        
1           -0.54612738881350809     
1           -0.54612738881350809     
0           0                        
1           -0.54612738881350809     
1           -0.54612738881350809     
0           0                        
0           0                        
0           0                        
0           0                        
1           -0.54612738881350809     
0           0                        
0           0                        
2           -86.99223981462481       
2           -2.1845095552540323      
1           -0.54612738881350809     
0           0                        
0           0                        
1           -0.54612738881350809     
1           -0.54612738881350809     
2           -2.1845095552540323      
1           -0.54612738881350809     
0           0                        
1           -0.54612738881350809     
0           0                        
2           -2.1845095552540323      
1           -0.54612738881350809     
0           0                        
1           -0.54612738881350809     
0           0                        
1           -0.54612738881350809     
1           -0.54612738881350809     
0           0                        
1           -0.54612738881350809     
1           -0.54612738881350809     
3           -4.9151464993215725      
0           0                        
0           0                        
0           0                        
0           0                        
1           -0.54612738881350809     
1           -0.54612738881350809     
3           -573.29055291013287      
0           0                        
1           -0.54612738881350809     
1           -0.54612738881350809     
3           -4.9151464993215725      
1           -0.54612738881350809     
1           -0.54612738881350809     
0           0                        
0           0                        
0           0                        
1           -0.54612738881350809     
2           -2.1845095552540323      
0           0                        
2           -2.1845095552540323      
0           0                        
3           -27.950280257437718      
0           0                        
0           0                        
0           0                        
1           -0.54612738881350809     
0           0                        
0           0                        
0           0                        
1           -0.54612738881350809     
0           0                        
1           -0.54612738881350809     
0           0                        
2           -91.401603526876755      
0           0                        
0           0                        
2           -2.1845095552540323      
1           -0.54612738881350809     
0           0                        
0           0                        
0           0                        
1           -0.54612738881350809     
0           0                        
0           0                        
0           0                        
2           -2.1845095552540323      
1           -0.54612738881350809     
0           0                        
2           -2.1845095552540323      
0           0                        
0           0                        
0           0                        
1           -0.54612738881350809     
3           -4.9151464993215725      
