330 1 -3625 35 35 35
0           0                        
3           -671.37402403519116      
2           -2.2512045114487211      
3           -31.52004772023755       
2           -2.2512045114487211      
0           0                        
0           0                        
1           -0.56280112786218028     
3           -135.02606609738595      
0           0                        
0           0                        
0           0                        
0           0                        
0           0                        
2           -2.2512045114487211      
0           0                        
0           0                        
1           -0.56280112786218028     
2           -2.2512045114487211      
0           0                        
0           0                        
0           0                        
0           0                        
3           -5.0652101507596221      
0           0                        
1           -0.56280112786218028     
0           0                        
0           0                        
1           -0.56280112786218028     
2           -2.2512045114487211      
0           0                        
0           0                        
1           -0.56280112786218028     
2           -2.2512045114487211      
2           -2.2512045114487211      
0           0                        
0           0                        
0           0                        
2           -2.2512045114487211      
3           -5.0652101507596221      
1           -0.56280112786218028     
2           -2.2512045114487211      
1           -0.56280112786218028     
1           -0.56280112786218028     
2           -2.2512045114487211      
0           0                        
1           -0.56280112786218028     
0           0                        
2           -2.2512045114487211      
3           -5.0652101507596221      
2           -2.2512045114487211      
0           0                        
2           -410.32816857217261      
0           0                        
0           0                        
0           0                        
1           -0.56280112786218028     
1           -0.56280112786218028     
0           0                        
0           0                        
2           -2.2512045114487211      
2           -2.2512045114487211      
1           -0.56280112786218028     
2           -2.2512045114487211      
4           -324.09373080136834      
1           -0.56280112786218028     
0           0                        
1           -0.56280112786218028     
1           -0.56280112786218028     
1           -0.56280112786218028     
1           -0.56280112786218028     
3           -30.108863783849607      
1           -0.56280112786218028     
0           0                        
2           -2.2512045114487211      
1           -0.56280112786218028     
2           -2.2512045114487211      
0           0                        
2           -3.0650071445306653      
0           0                        
1           -0.56280112786218028     
0           0                        
1           -0.56280112786218028     
1           -0.56280112786218028     
0           0                        
0           0                        
2           -2.2512045114487211      
0           0                        
0           0                        
1           -0.56280112786218028     
0           0                        
0           0                        
1           -0.56280112786218028     
1           -0.56280112786218028     
2           -2.2512045114487211      
1           -0.56280112786218028     
0           0                        
2           -2.2512045114487211      
1           -0.56280112786218028     
0           0                        
0           0                        
