330 1 -3625 35 35 35
1           -1.4221550714141524      
1           -1.4221550714141524      
0           0                        
0           0                        
0           0                        
0           0                        
0           0                        
0           0                        
1           -1.4221550714141524      
3           -17.211733743001481      
0           0                        
0           0                        
0           0                        
0           0                        
0           0                        
0           0                        
1           -1.4221550714141524      
0           0                        
1           -1.4221550714141524      
2           -5.6886202856566097      
0           0                        
0           0                        
0           0                        
0           0                        
0           0                        
0           0                        
0           0                        
1           -1.4221550714141524      
1           -1.4221550714141524      
0           0                        
2           -5.6886202856566097      
3           -21.241483875094779      
0           0                        
0           0                        
4           -582.27163651455317      
0           0                        
1           -1.4221550714141524      
1           -1.4221550714141524      
1           -1.4221550714141524      
0           0                        
1           -1.4221550714141524      
3           -287.84987357749725      
0           0                        
1           -1.4221550714141524      
1           -1.4221550714141524      
0           0                        
3           -12.799395642727369      
1           -1.4221550714141524      
2           -5.6886202856566097      
1           -1.4221550714141524      
0           0                        
3           -12.799395642727369      
0           0                        
0           0                        
0           0                        
0           0                        
0           0                        
1           -1.4221550714141524      
0           0                        
5           -1439.522163156844       
0           0                        
1           -1.4221550714141524      
3           -501.73472894993432      
1           -1.4221550714141524      
1           -1.4221550714141524      
0           0                        
0           0                        
1           -1.4221550714141524      
0           0                        
0           0                        
3           -12.799395642727369      
0           0                        
0           0                        
2           -5.6886202856566097      
2           -5.6886202856566097      
0           0                        
0           0                        
0           0                        
0           0                        
2           -5.6886202856566097      
3           -17.599390377213446      
1           -1.4221550714141524      
1           -1.4221550714141524      
0           0                        
0           0                        
2           -5.6886202856566097      
1           -1.4221550714141524      
0           0                        
3           -12.799395642727369      
0           0                        
0           0                        
0           0                        
1           -1.4221550714141524      
2           -5.6886202856566097      
0           0                        
1           -1.4221550714141524      
0           0                        
3           -12.799395642727369      
2           -5.6886202856566097      
0           0                        
0           0                        
