330 1 -3625 35 35 35
2           -0.78415103688527188     
2           -0.78415103688527188     
0           0                        
0           0                        
1           -0.19603775922131797     
2           -0.78415103688527188     
0           0                        
0           0                        
1           -0.19603775922131797     
1           -0.19603775922131797     
1           -0.19603775922131797     
1           -0.19603775922131797     
1           -0.19603775922131797     
0           0                        
2           -20.467175706325982      
1           -0.19603775922131797     
2           -0.78415103688527188     
1           -0.19603775922131797     
0           0                        
0           0                        
1           -0.19603775922131797     
0           0                        
0           0                        
0           0                        
1           -0.19603775922131797     
1           -0.19603775922131797     
0           0                        
0           0                        
0           0                        
1           -0.19603775922131797     
0           0                        
0           0                        
0           0                        
0           0                        
1           -0.19603775922131797     
1           -0.19603775922131797     
1           -0.19603775922131797     
1           -0.19603775922131797     
2           -17.45898385236363       
1           -0.19603775922131797     
0           0                        
2           -0.78415103688527188     
0           0                        
1           -0.19603775922131797     
0           0                        
2           -0.78415103688527188     
1           -0.19603775922131797     
2           -2.3195173519178027      
1           -0.19603775922131797     
2           -0.78415103688527188     
2           -0.78415103688527188     
1           -0.19603775922131797     
0           0                        
1           -0.19603775922131797     
0           0                        
0           0                        
1           -0.19603775922131797     
1           -0.19603775922131797     
0           0                        
1           -0.19603775922131797     
1           -0.19603775922131797     
1           -0.19603775922131797     
3           -1.764339832991862       
1           -0.19603775922131797     
0           0                        
0           0                        
0           0                        
2           -114.46601024028952      
0           0                        
0           0                        
3           -78.023505661160485      
1           -0.19603775922131797     
0           0                        
2           -0.78415103688527188     
0           0                        
0           0                        
0           0                        
0           0                        
3           -1.764339832991862       
2           -100.92213592607814      
0           0                        
1           -0.19603775922131797     
1           -0.19603775922131797     
0           0                        
0           0                        
1           -0.19603775922131797     
2           -0.78415103688527188     
3           -15.717545900092384      
4           -174.16796735168111      
2           -0.78415103688527188     
1           -0.19603775922131797     
0           0                        
3           -166.54106615466614      
2           -4.7363831541791157      
0           0                        
3           -1.764339832991862       
1           -0.19603775922131797     
0           0                        
1           -0.19603775922131797     
0           0                        
1           -0.19603775922131797     
