330 1 -3625 35 35 35
1           -0.54612738881350809     
0           0                        
2           -2.1845095552540323      
0           0                        
0           0                        
0           0                        
1           -0.54612738881350809     
0           0                        
0           0                        
0           0                        
2           -2.1845095552540323      
0           0                        
0           0                        
0           0                        
0           0                        
2           -2.1845095552540323      
2           -2.1845095552540323      
1           -0.54612738881350809     
1           -0.54612738881350809     
3           -163.37880937319028      
1           -0.54612738881350809     
1           -0.54612738881350809     
1           -0.54612738881350809     
0           0                        
1           -0.54612738881350809     
0           0                        
0           0                        
1           -0.54612738881350809     
0           0                        
0           0                        
2           -194.33037809067972      
4           -309.29955760350776      
1           -0.54612738881350809     
2           -2.1845095552540323      
1           -0.54612738881350809     
0           0                        
0           0                        
1           -0.54612738881350809     
0           0                        
1           -0.54612738881350809     
2           -2.1845095552540323      
1           -0.54612738881350809     
1           -0.54612738881350809     
3           -133.03659414056503      
1           -0.54612738881350809     
1           -0.54612738881350809     
0           0                        
0           0                        
0           0                        
0           0                        
1           -0.54612738881350809     
0           0                        
2           -4.3188444691864785      
1           -0.54612738881350809     
1           -0.54612738881350809     
0           0                        
0           0                        
1           -0.54612738881350809     
2           -2.1845095552540323      
0           0                        
0           0                        
1           -0.54612738881350809     
1           -0.54612738881350809     
1           -0.54612738881350809     
0           0                        
2           -95.295557982250699      
0           0                        
0           0                        
1           -0.54612738881350809     
1           -0.54612738881350809     
0           0                        
1           -0.54612738881350809     
1           -0.54612738881350809     
0           0                        
0           0                        
1           -0.54612738881350809     
1           -0.54612738881350809     
3           -83.001483230391955      
2           -2.1845095552540323      
1           -0.54612738881350809     
2           -2.1845095552540323      
1           -0.54612738881350809     
0           0                        
0           0                        
1           -0.54612738881350809     
0           0                        
3           -4.9151464993215725      
0           0                        
0           0                        
1           -0.54612738881350809     
0           0                        
2           -2.1845095552540323      
0           0                        
1           -0.54612738881350809     
1           -0.54612738881350809     
2           -54.110450800771616      
0           0                        
0           0                        
2           -2.1845095552540323      
1           -0.54612738881350809     
0           0                        
