330 1 -3625 35 35 35
0           0                        
1           -0.20236088611800973     
1           -0.20236088611800973     
0           0                        
0           0                        
0           0                        
0           0                        
2           -0.80944354447203892     
0           0                        
2           -0.80944354447203892     
3           -1.8212479750620876      
0           0                        
0           0                        
0           0                        
1           -0.20236088611800973     
0           0                        
1           -0.20236088611800973     
0           0                        
2           -0.80944354447203892     
1           -0.20236088611800973     
0           0                        
1           -0.20236088611800973     
1           -0.20236088611800973     
0           0                        
0           0                        
2           -0.80944354447203892     
0           0                        
2           -0.80944354447203892     
0           0                        
1           -0.20236088611800973     
0           0                        
0           0                        
0           0                        
0           0                        
2           -0.80944354447203892     
0           0                        
2           -0.80944354447203892     
1           -0.20236088611800973     
3           -1.8212479750620876      
5           -58.022737308106436      
0           0                        
2           -0.80944354447203892     
0           0                        
0           0                        
0           0                        
3           -13.009182928821501      
2           -0.80944354447203892     
1           -0.20236088611800973     
0           0                        
0           0                        
3           -1.8212479750620876      
0           0                        
0           0                        
0           0                        
3           -1.8212479750620876      
3           -1.8212479750620876      
2           -0.80944354447203892     
0           0                        
2           -12.066541564973505      
1           -0.20236088611800973     
0           0                        
0           0                        
2           -0.80944354447203892     
1           -0.20236088611800973     
0           0                        
0           0                        
1           -0.20236088611800973     
1           -0.20236088611800973     
0           0                        
1           -0.20236088611800973     
0           0                        
1           -0.20236088611800973     
0           0                        
1           -0.20236088611800973     
0           0                        
0           0                        
1           -0.20236088611800973     
2           -3.8045362267415239      
0           0                        
3           -1.8212479750620876      
0           0                        
2           -0.80944354447203892     
0           0                        
0           0                        
2           -12.23627078543768       
0           0                        
1           -0.20236088611800973     
1           -0.20236088611800973     
0           0                        
0           0                        
1           -0.20236088611800973     
0           0                        
1           -0.20236088611800973     
1           -0.20236088611800973     
0           0                        
2           -106.01967850093826      
2           -0.80944354447203892     
1           -0.20236088611800973     
3           -115.27821714425066      
1           -0.20236088611800973     
0           0                        
