330 1 -3625 35 35 35
1           -0.56280112786218028     
0           0                        
2           -2.2512045114487211      
0           0                        
0           0                        
0           0                        
1           -0.56280112786218028     
0           0                        
0           0                        
0           0                        
2           -2.2512045114487211      
0           0                        
0           0                        
0           0                        
0           0                        
2           -2.2512045114487211      
2           -2.2512045114487211      
1           -0.56280112786218028     
1           -0.56280112786218028     
3           -168.24902677952414      
1           -0.56280112786218028     
1           -0.56280112786218028     
1           -0.56280112786218028     
0           0                        
1           -0.56280112786218028     
0           0                        
0           0                        
1           -0.56280112786218028     
0           0                        
0           0                        
2           -175.93315016094502      
4           -316.42595119983002      
1           -0.56280112786218028     
2           -2.2512045114487211      
1           -0.56280112786218028     
0           0                        
0           0                        
1           -0.56280112786218028     
0           0                        
1           -0.56280112786218028     
2           -2.2512045114487211      
1           -0.56280112786218028     
1           -0.56280112786218028     
3           -136.91001611926566      
1           -0.56280112786218028     
1           -0.56280112786218028     
0           0                        
0           0                        
0           0                        
0           0                        
1           -0.56280112786218028     
0           0                        
2           -4.4506804533894844      
1           -0.56280112786218028     
1           -0.56280112786218028     
0           0                        
0           0                        
1           -0.56280112786218028     
2           -2.2512045114487211      
0           0                        
0           0                        
1           -0.56280112786218028     
1           -0.56280112786218028     
1           -0.56280112786218028     
0           0                        
2           -98.11457761278443       
0           0                        
0           0                        
1           -0.56280112786218028     
1           -0.56280112786218028     
0           0                        
1           -0.56280112786218028     
1           -0.56280112786218028     
0           0                        
0           0                        
1           -0.56280112786218028     
1           -0.56280112786218028     
3           -85.482154484194538      
2           -2.2512045114487211      
1           -0.56280112786218028     
2           -2.2512045114487211      
1           -0.56280112786218028     
0           0                        
0           0                        
1           -0.56280112786218028     
0           0                        
3           -5.0652101507596221      
0           0                        
0           0                        
1           -0.56280112786218028     
0           0                        
2           -2.2512045114487211      
0           0                        
1           -0.56280112786218028     
1           -0.56280112786218028     
2           -55.757124640943374      
0           0                        
0           0                        
2           -2.2512045114487211      
1           -0.56280112786218028     
0           0                        
