330 1 -3625 35 35 35
0           0                        
0           0                        
1           -0.54612738881350809     
1           -0.54612738881350809     
0           0                        
0           0                        
0           0                        
1           -0.54612738881350809     
0           0                        
1           -0.54612738881350809     
1           -0.54612738881350809     
0           0                        
0           0                        
0           0                        
1           -0.54612738881350809     
2           -2.1845095552540323      
3           -6.8065323575051133      
0           0                        
0           0                        
0           0                        
2           -2.1845095552540323      
0           0                        
1           -0.54612738881350809     
2           -2.1845095552540323      
1           -0.54612738881350809     
1           -0.54612738881350809     
0           0                        
2           -5.6357980808269748      
0           0                        
0           0                        
1           -0.54612738881350809     
0           0                        
0           0                        
1           -0.54612738881350809     
0           0                        
0           0                        
0           0                        
2           -2.1845095552540323      
0           0                        
2           -2.1845095552540323      
0           0                        
1           -0.54612738881350809     
1           -0.54612738881350809     
2           -2.1845095552540323      
0           0                        
0           0                        
1           -0.54612738881350809     
0           0                        
1           -0.54612738881350809     
0           0                        
1           -0.54612738881350809     
2           -2.1845095552540323      
0           0                        
0           0                        
0           0                        
1           -0.54612738881350809     
0           0                        
0           0                        
1           -0.54612738881350809     
1           -0.54612738881350809     
1           -0.54612738881350809     
0           0                        
1           -0.54612738881350809     
0           0                        
0           0                        
0           0                        
2           -2.1845095552540323      
1           -0.54612738881350809     
1           -0.54612738881350809     
0           0                        
0           0                        
2           -2.1845095552540323      
0           0                        
2           -2.1845095552540323      
2           -2.1845095552540323      
0           0                        
1           -0.54612738881350809     
0           0                        
0           0                        
2           -2.1845095552540323      
1           -0.54612738881350809     
2           -2.1845095552540323      
1           -0.54612738881350809     
1           -0.54612738881350809     
1           -0.54612738881350809     
3           -11.877979683373672      
0           0                        
1           -0.54612738881350809     
2           -128.86435896787339      
0           0                        
0           0                        
0           0                        
0           0                        
2           -2.1845095552540323      
1           -0.54612738881350809     
3           -6.8790227038461538      
1           -0.54612738881350809     
2           -2.1845095552540323      
1           -0.54612738881350809     
0           0                        
0           0                        
