330 1 -3625 35 35 35
2           -0.80944354447203892     
0           0                        
0           0                        
0           0                        
0           0                        
0           0                        
1           -0.20236088611800973     
0           0                        
0           0                        
2           -0.80944354447203892     
1           -0.20236088611800973     
0           0                        
1           -0.20236088611800973     
1           -0.20236088611800973     
0           0                        
0           0                        
1           -0.20236088611800973     
0           0                        
0           0                        
1           -0.20236088611800973     
0           0                        
2           -0.80944354447203892     
1           -0.20236088611800973     
0           0                        
0           0                        
2           -0.80944354447203892     
0           0                        
2           -0.80944354447203892     
0           0                        
2           -0.80944354447203892     
1           -0.20236088611800973     
1           -0.20236088611800973     
1           -0.20236088611800973     
0           0                        
2           -0.80944354447203892     
1           -0.20236088611800973     
0           0                        
2           -0.80944354447203892     
0           0                        
0           0                        
0           0                        
1           -0.20236088611800973     
2           -2.1896182557120181      
1           -0.20236088611800973     
1           -0.20236088611800973     
1           -0.20236088611800973     
0           0                        
0           0                        
0           0                        
0           0                        
2           -0.80944354447203892     
1           -0.20236088611800973     
0           0                        
0           0                        
1           -0.20236088611800973     
2           -0.80944354447203892     
0           0                        
1           -0.20236088611800973     
1           -0.20236088611800973     
0           0                        
2           -0.80944354447203892     
0           0                        
0           0                        
3           -1.8212479750620876      
1           -0.20236088611800973     
0           0                        
2           -0.80944354447203892     
0           0                        
0           0                        
0           0                        
2           -0.80944354447203892     
3           -1.8212479750620876      
0           0                        
0           0                        
0           0                        
1           -0.20236088611800973     
1           -0.20236088611800973     
0           0                        
0           0                        
0           0                        
0           0                        
1           -0.20236088611800973     
2           -2.333742309361861       
1           -0.20236088611800973     
1           -0.20236088611800973     
3           -64.887527732335016      
1           -0.20236088611800973     
0           0                        
2           -2.1182977024105329      
0           0                        
1           -0.20236088611800973     
1           -0.20236088611800973     
0           0                        
0           0                        
1           -0.20236088611800973     
0           0                        
0           0                        
0           0                        
1           -0.20236088611800973     
1           -0.20236088611800973     
0           0                        
