330 1 -3625 35 35 35
2           -2.2512045114487211      
0           0                        
3           -249.02778051331362      
0           0                        
1           -0.56280112786218028     
0           0                        
0           0                        
2           -2.2512045114487211      
0           0                        
0           0                        
0           0                        
2           -2.2512045114487211      
0           0                        
2           -41.450716248774896      
0           0                        
0           0                        
1           -0.56280112786218028     
0           0                        
0           0                        
0           0                        
1           -0.56280112786218028     
1           -0.56280112786218028     
2           -2.2512045114487211      
0           0                        
0           0                        
1           -0.56280112786218028     
1           -0.56280112786218028     
0           0                        
0           0                        
1           -0.56280112786218028     
0           0                        
1           -0.56280112786218028     
1           -0.56280112786218028     
1           -0.56280112786218028     
0           0                        
2           -2.2512045114487211      
1           -0.56280112786218028     
3           -290.68526126967936      
0           0                        
0           0                        
1           -0.56280112786218028     
1           -0.56280112786218028     
6           -480.62547819582551      
0           0                        
3           -11.467994106058356      
0           0                        
1           -0.56280112786218028     
0           0                        
0           0                        
2           -2.2512045114487211      
2           -2.2512045114487211      
1           -0.56280112786218028     
3           -5.0652101507596221      
0           0                        
1           -0.56280112786218028     
2           -2.2512045114487211      
1           -0.56280112786218028     
0           0                        
3           -17.66291569355538       
2           -2.2512045114487211      
2           -2.2512045114487211      
0           0                        
0           0                        
0           0                        
0           0                        
0           0                        
0           0                        
1           -0.56280112786218028     
0           0                        
1           -0.56280112786218028     
0           0                        
0           0                        
0           0                        
1           -0.56280112786218028     
3           -5.0652101507596221      
0           0                        
0           0                        
1           -0.56280112786218028     
0           0                        
2           -2.2512045114487211      
0           0                        
0           0                        
2           -2.2512045114487211      
1           -0.56280112786218028     
1           -0.56280112786218028     
2           -17.81943368439962       
0           0                        
1           -0.56280112786218028     
0           0                        
1           -0.56280112786218028     
2           -2.2512045114487211      
0           0                        
2           -6.2733929562971307      
1           -0.56280112786218028     
1           -0.56280112786218028     
1           -0.56280112786218028     
0           0                        
1           -0.56280112786218028     
0           0                        
1           -0.56280112786218028     
2           -2.2512045114487211      
