330 1 -3625 35 35 35
1           -1.4221550714141524      
0           0                        
0           0                        
1           -1.4221550714141524      
2           -5.6886202856566097      
0           0                        
0           0                        
0           0                        
1           -1.4221550714141524      
1           -1.4221550714141524      
1           -1.4221550714141524      
2           -59.062445828818177      
2           -14.927657143375997      
0           0                        
1           -1.4221550714141524      
0           0                        
0           0                        
1           -1.4221550714141524      
1           -1.4221550714141524      
0           0                        
1           -1.4221550714141524      
0           0                        
0           0                        
0           0                        
1           -1.4221550714141524      
3           -17.626613225945263      
0           0                        
2           -5.6886202856566097      
0           0                        
1           -1.4221550714141524      
1           -1.4221550714141524      
0           0                        
0           0                        
1           -1.4221550714141524      
1           -1.4221550714141524      
1           -1.4221550714141524      
0           0                        
1           -1.4221550714141524      
0           0                        
0           0                        
2           -5.6886202856566097      
0           0                        
1           -1.4221550714141524      
1           -1.4221550714141524      
0           0                        
1           -1.4221550714141524      
1           -1.4221550714141524      
0           0                        
1           -1.4221550714141524      
2           -16.986993396830368      
2           -5.6886202856566097      
0           0                        
2           -5.6886202856566097      
0           0                        
0           0                        
0           0                        
0           0                        
1           -1.4221550714141524      
1           -1.4221550714141524      
2           -617.4294622659595       
0           0                        
2           -5.6886202856566097      
0           0                        
3           -232.80703129461816      
1           -1.4221550714141524      
2           -5.6886202856566097      
0           0                        
3           -12.799395642727369      
1           -1.4221550714141524      
1           -1.4221550714141524      
0           0                        
0           0                        
1           -1.4221550714141524      
0           0                        
2           -148.05536238078454      
1           -1.4221550714141524      
1           -1.4221550714141524      
0           0                        
2           -5.6886202856566097      
1           -1.4221550714141524      
2           -5.6886202856566097      
0           0                        
0           0                        
1           -1.4221550714141524      
1           -1.4221550714141524      
2           -5.6886202856566097      
1           -1.4221550714141524      
0           0                        
1           -1.4221550714141524      
1           -1.4221550714141524      
0           0                        
2           -5.6886202856566097      
0           0                        
0           0                        
0           0                        
0           0                        
0           0                        
0           0                        
0           0                        
2           -5.6886202856566097      
0           0                        
