330 1 -3625 35 35 35
0           0                        
2           -2.2512045114487211      
0           0                        
0           0                        
1           -0.56280112786218028     
1           -0.56280112786218028     
1           -0.56280112786218028     
1           -0.56280112786218028     
1           -0.56280112786218028     
2           -2.2512045114487211      
1           -0.56280112786218028     
2           -2.2512045114487211      
3           -114.9351424922138       
0           0                        
0           0                        
0           0                        
0           0                        
0           0                        
0           0                        
1           -0.56280112786218028     
1           -0.56280112786218028     
2           -2.2512045114487211      
0           0                        
2           -2.2512045114487211      
0           0                        
2           -2.2512045114487211      
1           -0.56280112786218028     
0           0                        
1           -0.56280112786218028     
3           -5.0652101507596221      
2           -2.2512045114487211      
0           0                        
0           0                        
0           0                        
1           -0.56280112786218028     
0           0                        
2           -2.2512045114487211      
0           0                        
1           -0.56280112786218028     
0           0                        
2           -2.2512045114487211      
0           0                        
1           -0.56280112786218028     
2           -2.2512045114487211      
2           -2.2512045114487211      
0           0                        
1           -0.56280112786218028     
2           -66.139629452071517      
2           -2.2512045114487211      
0           0                        
0           0                        
0           0                        
0           0                        
0           0                        
0           0                        
1           -0.56280112786218028     
0           0                        
3           -169.3871994282853       
3           -9.0597417195780725      
1           -0.56280112786218028     
0           0                        
2           -113.08150214117325      
1           -0.56280112786218028     
0           0                        
1           -0.56280112786218028     
0           0                        
0           0                        
1           -0.56280112786218028     
2           -19.378526725181757      
1           -0.56280112786218028     
1           -0.56280112786218028     
2           -136.40228657785414      
1           -0.56280112786218028     
0           0                        
2           -2.2512045114487211      
0           0                        
1           -0.56280112786218028     
0           0                        
0           0                        
0           0                        
1           -0.56280112786218028     
0           0                        
0           0                        
1           -0.56280112786218028     
1           -0.56280112786218028     
1           -0.56280112786218028     
0           0                        
0           0                        
0           0                        
0           0                        
4           -10.640374975619444      
2           -2.2512045114487211      
0           0                        
0           0                        
0           0                        
0           0                        
2           -33.071348179313958      
0           0                        
0           0                        
0           0                        
2           -59.254904453052603      
