330 1 -3625 35 35 35
1           -1.3980144597053374      
0           0                        
0           0                        
1           -1.3980144597053374      
0           0                        
0           0                        
0           0                        
0           0                        
2           -5.5920578388213498      
1           -1.3980144597053374      
0           0                        
1           -1.3980144597053374      
1           -1.3980144597053374      
1           -1.3980144597053374      
0           0                        
1           -1.3980144597053374      
1           -1.3980144597053374      
1           -1.3980144597053374      
1           -1.3980144597053374      
4           -117.18679593360417      
1           -1.3980144597053374      
1           -1.3980144597053374      
0           0                        
3           -305.39995337037976      
2           -5.5920578388213498      
0           0                        
1           -1.3980144597053374      
1           -1.3980144597053374      
1           -1.3980144597053374      
0           0                        
0           0                        
3           -12.582130137348038      
2           -5.5920578388213498      
1           -1.3980144597053374      
0           0                        
1           -1.3980144597053374      
0           0                        
0           0                        
0           0                        
1           -1.3980144597053374      
2           -5.5920578388213498      
2           -5.5920578388213498      
1           -1.3980144597053374      
0           0                        
0           0                        
0           0                        
1           -1.3980144597053374      
1           -1.3980144597053374      
1           -1.3980144597053374      
0           0                        
0           0                        
0           0                        
0           0                        
0           0                        
1           -1.3980144597053374      
0           0                        
0           0                        
2           -5.5920578388213498      
0           0                        
1           -1.3980144597053374      
0           0                        
3           -12.582130137348038      
0           0                        
0           0                        
1           -1.3980144597053374      
0           0                        
2           -5.5920578388213498      
2           -5.5920578388213498      
2           -5.5920578388213498      
1           -1.3980144597053374      
1           -1.3980144597053374      
0           0                        
1           -1.3980144597053374      
2           -5.5920578388213498      
0           0                        
0           0                        
0           0                        
1           -1.3980144597053374      
2           -122.37224109410218      
0           0                        
1           -1.3980144597053374      
1           -1.3980144597053374      
1           -1.3980144597053374      
0           0                        
1           -1.3980144597053374      
0           0                        
0           0                        
0           0                        
0           0                        
0           0                        
0           0                        
0           0                        
1           -1.3980144597053374      
0           0                        
0           0                        
1           -1.3980144597053374      
0           0                        
0           0                        
3           -984.9879211122485       
2           -5.5920578388213498      
1           -1.3980144597053374      
