330 1 -3625 35 35 35
0           0                        
2           -591.89679832828574      
3           -266.66470268803306      
0           0                        
1           -1.3980144597053374      
0           0                        
4           -55.246329876436462      
0           0                        
1           -1.3980144597053374      
0           0                        
0           0                        
2           -5.5920578388213498      
0           0                        
0           0                        
0           0                        
1           -1.3980144597053374      
0           0                        
1           -1.3980144597053374      
1           -1.3980144597053374      
0           0                        
0           0                        
5           -535.34941777566314      
0           0                        
1           -1.3980144597053374      
4           -55.383484010448143      
0           0                        
0           0                        
0           0                        
0           0                        
3           -12.582130137348038      
0           0                        
1           -1.3980144597053374      
0           0                        
1           -1.3980144597053374      
1           -1.3980144597053374      
0           0                        
3           -20.245154359410943      
3           -12.582130137348038      
0           0                        
4           -784.97341058870984      
1           -1.3980144597053374      
0           0                        
0           0                        
1           -1.3980144597053374      
0           0                        
0           0                        
2           -5.5920578388213498      
0           0                        
0           0                        
1           -1.3980144597053374      
0           0                        
1           -1.3980144597053374      
0           0                        
0           0                        
1           -1.3980144597053374      
1           -1.3980144597053374      
0           0                        
0           0                        
2           -5.5920578388213498      
2           -25.007494110138943      
0           0                        
0           0                        
0           0                        
1           -1.3980144597053374      
1           -1.3980144597053374      
0           0                        
0           0                        
2           -5.5920578388213498      
0           0                        
1           -1.3980144597053374      
0           0                        
0           0                        
0           0                        
2           -5.5920578388213498      
0           0                        
1           -1.3980144597053374      
0           0                        
1           -1.3980144597053374      
2           -5.5920578388213498      
1           -1.3980144597053374      
0           0                        
1           -1.3980144597053374      
1           -1.3980144597053374      
0           0                        
4           -726.40992610429316      
1           -1.3980144597053374      
0           0                        
1           -1.3980144597053374      
0           0                        
2           -923.68336753142785      
3           -12.582130137348038      
0           0                        
1           -1.3980144597053374      
1           -1.3980144597053374      
1           -1.3980144597053374      
1           -1.3980144597053374      
0           0                        
0           0                        
0           0                        
0           0                        
0           0                        
