330 1 -3625 35 35 35
0           0                        
3           -1.764339832991862       
0           0                        
2           -5.3842668810133238      
1           -0.19603775922131797     
1           -0.19603775922131797     
1           -0.19603775922131797     
2           -0.78415103688527188     
0           0                        
3           -1.764339832991862       
0           0                        
2           -0.78415103688527188     
1           -0.19603775922131797     
2           -4.5502167280097146      
2           -0.78415103688527188     
0           0                        
4           -90.771543114061799      
0           0                        
0           0                        
2           -128.02419814125267      
0           0                        
0           0                        
3           -20.140719336544102      
0           0                        
1           -0.19603775922131797     
1           -0.19603775922131797     
4           -7.2773684720215943      
1           -0.19603775922131797     
1           -0.19603775922131797     
0           0                        
0           0                        
0           0                        
0           0                        
1           -0.19603775922131797     
0           0                        
1           -0.19603775922131797     
1           -0.19603775922131797     
0           0                        
4           -282.83639997217205      
0           0                        
0           0                        
0           0                        
2           -0.78415103688527188     
0           0                        
0           0                        
1           -0.19603775922131797     
0           0                        
0           0                        
1           -0.19603775922131797     
1           -0.19603775922131797     
0           0                        
2           -0.78415103688527188     
2           -0.78415103688527188     
0           0                        
1           -0.19603775922131797     
2           -0.78415103688527188     
2           -128.48497679171277      
1           -0.19603775922131797     
0           0                        
0           0                        
2           -0.78415103688527188     
1           -0.19603775922131797     
1           -0.19603775922131797     
0           0                        
0           0                        
0           0                        
1           -0.19603775922131797     
0           0                        
1           -0.19603775922131797     
1           -0.19603775922131797     
0           0                        
1           -0.19603775922131797     
0           0                        
1           -0.19603775922131797     
0           0                        
1           -0.19603775922131797     
0           0                        
0           0                        
2           -0.78415103688527188     
0           0                        
3           -20.889663194526726      
1           -0.19603775922131797     
2           -0.78415103688527188     
0           0                        
1           -0.19603775922131797     
1           -0.19603775922131797     
1           -0.19603775922131797     
0           0                        
1           -0.19603775922131797     
0           0                        
0           0                        
0           0                        
0           0                        
3           -1.764339832991862       
2           -9.1787379049130848      
1           -0.19603775922131797     
0           0                        
1           -0.19603775922131797     
0           0                        
2           -0.78415103688527188     
0           0                        
