330 1 -3625 35 35 35
0           0                        
0           0                        
0           0                        
1           -1.4415847455985695      
0           0                        
0           0                        
0           0                        
0           0                        
0           0                        
1           -1.4415847455985695      
0           0                        
0           0                        
0           0                        
0           0                        
2           -530.14242301266904      
1           -1.4415847455985695      
2           -453.96810552039511      
0           0                        
0           0                        
0           0                        
4           -93.994598895977077      
1           -1.4415847455985695      
0           0                        
3           -450.08296613823995      
0           0                        
0           0                        
0           0                        
1           -1.4415847455985695      
2           -5.7663389823942781      
3           -12.974262710387126      
1           -1.4415847455985695      
0           0                        
0           0                        
0           0                        
0           0                        
3           -12.974262710387126      
1           -1.4415847455985695      
2           -12.618009717129873      
0           0                        
1           -1.4415847455985695      
0           0                        
1           -1.4415847455985695      
0           0                        
0           0                        
1           -1.4415847455985695      
0           0                        
0           0                        
0           0                        
1           -1.4415847455985695      
1           -1.4415847455985695      
2           -109.32079518312329      
2           -5.7663389823942781      
1           -1.4415847455985695      
0           0                        
1           -1.4415847455985695      
1           -1.4415847455985695      
0           0                        
1           -1.4415847455985695      
1           -1.4415847455985695      
1           -1.4415847455985695      
0           0                        
0           0                        
0           0                        
1           -1.4415847455985695      
0           0                        
0           0                        
1           -1.4415847455985695      
4           -645.65741585234343      
3           -12.974262710387126      
1           -1.4415847455985695      
0           0                        
0           0                        
0           0                        
0           0                        
1           -1.4415847455985695      
1           -1.4415847455985695      
0           0                        
0           0                        
0           0                        
0           0                        
0           0                        
0           0                        
1           -1.4415847455985695      
2           -5.7663389823942781      
1           -1.4415847455985695      
0           0                        
3           -12.974262710387126      
3           -12.974262710387126      
1           -1.4415847455985695      
0           0                        
0           0                        
2           -41.950889560531358      
0           0                        
0           0                        
0           0                        
1           -1.4415847455985695      
2           -5.7663389823942781      
0           0                        
3           -12.974262710387126      
3           -12.974262710387126      
0           0                        
