330 1 -3625 35 35 35
1           -0.20236088611800973     
0           0                        
0           0                        
0           0                        
0           0                        
0           0                        
2           -0.80944354447203892     
0           0                        
0           0                        
0           0                        
0           0                        
0           0                        
1           -0.20236088611800973     
0           0                        
0           0                        
0           0                        
0           0                        
0           0                        
0           0                        
0           0                        
0           0                        
2           -138.14462827432999      
1           -0.20236088611800973     
0           0                        
1           -0.20236088611800973     
1           -0.20236088611800973     
0           0                        
0           0                        
1           -0.20236088611800973     
1           -0.20236088611800973     
0           0                        
0           0                        
3           -1.8212479750620876      
0           0                        
1           -0.20236088611800973     
0           0                        
0           0                        
0           0                        
1           -0.20236088611800973     
0           0                        
2           -0.80944354447203892     
1           -0.20236088611800973     
1           -0.20236088611800973     
1           -0.20236088611800973     
1           -0.20236088611800973     
3           -4.1327146808533994      
0           0                        
1           -0.20236088611800973     
1           -0.20236088611800973     
2           -0.80944354447203892     
0           0                        
0           0                        
0           0                        
0           0                        
2           -1.8583083419079467      
0           0                        
1           -0.20236088611800973     
0           0                        
0           0                        
0           0                        
1           -0.20236088611800973     
0           0                        
1           -0.20236088611800973     
2           -6.4988830938266045      
0           0                        
1           -0.20236088611800973     
1           -0.20236088611800973     
0           0                        
2           -0.80944354447203892     
0           0                        
0           0                        
1           -0.20236088611800973     
0           0                        
1           -0.20236088611800973     
2           -0.80944354447203892     
0           0                        
2           -0.80944354447203892     
0           0                        
0           0                        
0           0                        
0           0                        
1           -0.20236088611800973     
0           0                        
0           0                        
2           -0.80944354447203892     
0           0                        
2           -0.80944354447203892     
2           -0.80944354447203892     
0           0                        
0           0                        
1           -0.20236088611800973     
1           -0.20236088611800973     
1           -0.20236088611800973     
0           0                        
2           -0.80944354447203892     
0           0                        
0           0                        
0           0                        
0           0                        
0           0                        
0           0                        
