330 1 -3625 35 35 35
3           -1.8212479750620876      
1           -0.20236088611800973     
0           0                        
1           -0.20236088611800973     
1           -0.20236088611800973     
0           0                        
0           0                        
1           -0.20236088611800973     
0           0                        
0           0                        
2           -1.8492222084623344      
2           -0.80944354447203892     
2           -34.75963144033927       
1           -0.20236088611800973     
0           0                        
1           -0.20236088611800973     
0           0                        
2           -0.80944354447203892     
1           -0.20236088611800973     
3           -1.8212479750620876      
0           0                        
0           0                        
0           0                        
1           -0.20236088611800973     
2           -0.80944354447203892     
1           -0.20236088611800973     
0           0                        
0           0                        
0           0                        
1           -0.20236088611800973     
0           0                        
1           -0.20236088611800973     
1           -0.20236088611800973     
0           0                        
2           -0.80944354447203892     
1           -0.20236088611800973     
0           0                        
1           -0.20236088611800973     
0           0                        
0           0                        
1           -0.20236088611800973     
1           -0.20236088611800973     
0           0                        
0           0                        
1           -0.20236088611800973     
1           -0.20236088611800973     
1           -0.20236088611800973     
1           -0.20236088611800973     
0           0                        
2           -64.317746888471405      
4           -79.420209627451243      
0           0                        
1           -0.20236088611800973     
0           0                        
1           -0.20236088611800973     
0           0                        
0           0                        
0           0                        
0           0                        
1           -0.20236088611800973     
1           -0.20236088611800973     
0           0                        
3           -1.8212479750620876      
0           0                        
1           -0.20236088611800973     
0           0                        
0           0                        
0           0                        
2           -0.80944354447203892     
0           0                        
0           0                        
0           0                        
0           0                        
0           0                        
0           0                        
1           -0.20236088611800973     
0           0                        
2           -0.80944354447203892     
1           -0.20236088611800973     
1           -0.20236088611800973     
0           0                        
1           -0.20236088611800973     
1           -0.20236088611800973     
1           -0.20236088611800973     
0           0                        
1           -0.20236088611800973     
1           -0.20236088611800973     
0           0                        
0           0                        
0           0                        
1           -0.20236088611800973     
1           -0.20236088611800973     
1           -0.20236088611800973     
0           0                        
2           -0.80944354447203892     
1           -0.20236088611800973     
1           -0.20236088611800973     
2           -0.80944354447203892     
0           0                        
1           -0.20236088611800973     
0           0                        
