330 1 -3625 35 35 35
3           -123.80776990772134      
2           -5.6886202856566097      
0           0                        
1           -1.4221550714141524      
0           0                        
0           0                        
1           -1.4221550714141524      
0           0                        
0           0                        
0           0                        
0           0                        
2           -116.69234859843016      
2           -30.972978595388426      
0           0                        
1           -1.4221550714141524      
1           -1.4221550714141524      
3           -240.96108361388445      
5           -116.28314355235052      
1           -1.4221550714141524      
2           -14.078477245808346      
0           0                        
1           -1.4221550714141524      
1           -1.4221550714141524      
1           -1.4221550714141524      
0           0                        
1           -1.4221550714141524      
0           0                        
0           0                        
0           0                        
2           -5.6886202856566097      
0           0                        
2           -5.6886202856566097      
1           -1.4221550714141524      
0           0                        
0           0                        
0           0                        
1           -1.4221550714141524      
0           0                        
1           -1.4221550714141524      
2           -5.6886202856566097      
0           0                        
0           0                        
0           0                        
1           -1.4221550714141524      
2           -38.995976897094657      
2           -5.6886202856566097      
1           -1.4221550714141524      
1           -1.4221550714141524      
0           0                        
1           -1.4221550714141524      
1           -1.4221550714141524      
0           0                        
1           -1.4221550714141524      
1           -1.4221550714141524      
4           -482.87750715033133      
2           -5.6886202856566097      
1           -1.4221550714141524      
0           0                        
1           -1.4221550714141524      
0           0                        
0           0                        
0           0                        
1           -1.4221550714141524      
2           -303.51161350002371      
0           0                        
1           -1.4221550714141524      
4           -761.52328211346787      
0           0                        
2           -30.960745563193534      
0           0                        
0           0                        
0           0                        
1           -1.4221550714141524      
0           0                        
2           -305.27844032926561      
4           -403.05814293213257      
0           0                        
1           -1.4221550714141524      
0           0                        
1           -1.4221550714141524      
2           -5.6886202856566097      
0           0                        
0           0                        
0           0                        
2           -5.6886202856566097      
0           0                        
1           -1.4221550714141524      
1           -1.4221550714141524      
1           -1.4221550714141524      
1           -1.4221550714141524      
0           0                        
1           -1.4221550714141524      
1           -1.4221550714141524      
4           -183.56878065522159      
1           -1.4221550714141524      
1           -1.4221550714141524      
2           -5.6886202856566097      
4           -28.580202636311434      
2           -90.00074612368563       
0           0                        
1           -1.4221550714141524      
