330 1 -3625 35 35 35
0           0                        
0           0                        
0           0                        
2           -2.2512045114487211      
1           -0.56280112786218028     
0           0                        
0           0                        
0           0                        
1           -0.56280112786218028     
0           0                        
0           0                        
2           -2.2512045114487211      
2           -349.17739022474927      
1           -0.56280112786218028     
3           -138.58045477185726      
0           0                        
0           0                        
1           -0.56280112786218028     
3           -180.48419579552998      
1           -0.56280112786218028     
0           0                        
0           0                        
0           0                        
1           -0.56280112786218028     
1           -0.56280112786218028     
2           -2.2512045114487211      
4           -207.3153503134954       
1           -0.56280112786218028     
2           -2.2512045114487211      
0           0                        
2           -2.2512045114487211      
1           -0.56280112786218028     
0           0                        
1           -0.56280112786218028     
0           0                        
0           0                        
0           0                        
1           -0.56280112786218028     
0           0                        
0           0                        
0           0                        
0           0                        
0           0                        
2           -10.928476385407789      
4           -34.455160573297         
0           0                        
2           -270.19004550843846      
1           -0.56280112786218028     
0           0                        
1           -0.56280112786218028     
0           0                        
0           0                        
1           -0.56280112786218028     
0           0                        
1           -0.56280112786218028     
0           0                        
0           0                        
1           -0.56280112786218028     
0           0                        
1           -0.56280112786218028     
1           -0.56280112786218028     
0           0                        
0           0                        
1           -0.56280112786218028     
1           -0.56280112786218028     
1           -0.56280112786218028     
1           -0.56280112786218028     
0           0                        
2           -2.2512045114487211      
0           0                        
1           -0.56280112786218028     
0           0                        
0           0                        
0           0                        
0           0                        
0           0                        
1           -0.56280112786218028     
0           0                        
1           -0.56280112786218028     
1           -0.56280112786218028     
1           -0.56280112786218028     
1           -0.56280112786218028     
0           0                        
0           0                        
0           0                        
0           0                        
1           -0.56280112786218028     
1           -0.56280112786218028     
0           0                        
0           0                        
0           0                        
2           -477.46528660803546      
0           0                        
1           -0.56280112786218028     
0           0                        
1           -0.56280112786218028     
1           -0.56280112786218028     
0           0                        
1           -0.56280112786218028     
0           0                        
1           -0.56280112786218028     
