330 1 -3625 35 35 35
1           -1.4415847455985695      
3           -12.974262710387126      
1           -1.4415847455985695      
1           -1.4415847455985695      
0           0                        
2           -665.21906647543346      
1           -1.4415847455985695      
0           0                        
0           0                        
0           0                        
3           -1359.8430743125059      
3           -65.833217903855896      
0           0                        
1           -1.4415847455985695      
0           0                        
0           0                        
0           0                        
1           -1.4415847455985695      
1           -1.4415847455985695      
0           0                        
1           -1.4415847455985695      
1           -1.4415847455985695      
0           0                        
0           0                        
0           0                        
1           -1.4415847455985695      
1           -1.4415847455985695      
0           0                        
1           -1.4415847455985695      
0           0                        
0           0                        
0           0                        
5           -1912.9443195143886      
1           -1.4415847455985695      
0           0                        
0           0                        
1           -1.4415847455985695      
1           -1.4415847455985695      
3           -12.974262710387126      
1           -1.4415847455985695      
1           -1.4415847455985695      
2           -5.7663389823942781      
0           0                        
1           -1.4415847455985695      
2           -5.7663389823942781      
0           0                        
0           0                        
1           -1.4415847455985695      
1           -1.4415847455985695      
0           0                        
3           -12.974262710387126      
1           -1.4415847455985695      
2           -5.7663389823942781      
2           -5.7663389823942781      
0           0                        
1           -1.4415847455985695      
0           0                        
1           -1.4415847455985695      
2           -19.381522023355153      
2           -5.7663389823942781      
1           -1.4415847455985695      
2           -5.7663389823942781      
4           -38.306828589669074      
0           0                        
2           -52.900406208292431      
0           0                        
0           0                        
0           0                        
1           -1.4415847455985695      
2           -8.9056174772232453      
0           0                        
1           -1.4415847455985695      
0           0                        
0           0                        
3           -378.27828022120633      
0           0                        
0           0                        
0           0                        
1           -1.4415847455985695      
0           0                        
0           0                        
0           0                        
0           0                        
1           -1.4415847455985695      
0           0                        
0           0                        
1           -1.4415847455985695      
2           -5.7663389823942781      
2           -5.7663389823942781      
1           -1.4415847455985695      
0           0                        
1           -1.4415847455985695      
1           -1.4415847455985695      
1           -1.4415847455985695      
1           -1.4415847455985695      
1           -1.4415847455985695      
0           0                        
0           0                        
3           -12.974262710387126      
2           -5.7663389823942781      
0           0                        
