330 1 -3625 35 35 35
1           -1.4415847455985695      
1           -1.4415847455985695      
0           0                        
0           0                        
0           0                        
0           0                        
0           0                        
0           0                        
1           -1.4415847455985695      
3           -17.44343415305503       
0           0                        
0           0                        
0           0                        
0           0                        
0           0                        
0           0                        
1           -1.4415847455985695      
0           0                        
1           -1.4415847455985695      
2           -5.7663389823942781      
0           0                        
0           0                        
0           0                        
0           0                        
0           0                        
0           0                        
0           0                        
1           -1.4415847455985695      
1           -1.4415847455985695      
0           0                        
2           -5.7663389823942781      
3           -21.517848231279384      
0           0                        
0           0                        
4           -589.89959145116688      
0           0                        
1           -1.4415847455985695      
1           -1.4415847455985695      
1           -1.4415847455985695      
0           0                        
1           -1.4415847455985695      
3           -291.57350404700219      
0           0                        
1           -1.4415847455985695      
1           -1.4415847455985695      
0           0                        
3           -12.974262710387126      
1           -1.4415847455985695      
2           -5.7663389823942781      
1           -1.4415847455985695      
0           0                        
3           -12.974262710387126      
0           0                        
0           0                        
0           0                        
0           0                        
0           0                        
1           -1.4415847455985695      
0           0                        
5           -1452.42051609449        
0           0                        
1           -1.4415847455985695      
3           -503.17739806782998      
1           -1.4415847455985695      
1           -1.4415847455985695      
0           0                        
0           0                        
1           -1.4415847455985695      
0           0                        
0           0                        
3           -12.974262710387126      
0           0                        
0           0                        
2           -5.7663389823942781      
2           -5.7663389823942781      
0           0                        
0           0                        
0           0                        
0           0                        
2           -5.7663389823942781      
3           -17.832300196898792      
1           -1.4415847455985695      
1           -1.4415847455985695      
0           0                        
0           0                        
2           -5.7663389823942781      
1           -1.4415847455985695      
0           0                        
3           -12.974262710387126      
0           0                        
0           0                        
0           0                        
1           -1.4415847455985695      
2           -5.7663389823942781      
0           0                        
1           -1.4415847455985695      
0           0                        
3           -12.974262710387126      
2           -5.7663389823942781      
0           0                        
0           0                        
