330 1 -3625 35 35 35
1           -0.56280112786218028     
0           0                        
1           -0.56280112786218028     
0           0                        
0           0                        
0           0                        
0           0                        
2           -90.043897958703326      
0           0                        
0           0                        
0           0                        
0           0                        
0           0                        
0           0                        
0           0                        
0           0                        
2           -2.2512045114487211      
1           -0.56280112786218028     
0           0                        
2           -2.2512045114487211      
0           0                        
2           -2.2512045114487211      
0           0                        
0           0                        
0           0                        
0           0                        
1           -0.56280112786218028     
1           -0.56280112786218028     
0           0                        
1           -0.56280112786218028     
1           -0.56280112786218028     
0           0                        
0           0                        
2           -2.2512045114487211      
1           -0.56280112786218028     
1           -0.56280112786218028     
0           0                        
2           -2.2512045114487211      
0           0                        
0           0                        
0           0                        
1           -0.56280112786218028     
1           -0.56280112786218028     
1           -0.56280112786218028     
0           0                        
1           -0.56280112786218028     
1           -0.56280112786218028     
1           -0.56280112786218028     
1           -0.56280112786218028     
1           -0.56280112786218028     
0           0                        
0           0                        
1           -0.56280112786218028     
2           -2.2512045114487211      
1           -0.56280112786218028     
0           0                        
2           -236.62095681178388      
0           0                        
0           0                        
1           -0.56280112786218028     
1           -0.56280112786218028     
1           -0.56280112786218028     
1           -0.56280112786218028     
1           -0.56280112786218028     
2           -2.2512045114487211      
0           0                        
1           -0.56280112786218028     
0           0                        
0           0                        
0           0                        
1           -0.56280112786218028     
1           -0.56280112786218028     
2           -2.2512045114487211      
0           0                        
0           0                        
0           0                        
1           -0.56280112786218028     
0           0                        
1           -0.56280112786218028     
1           -0.56280112786218028     
0           0                        
0           0                        
0           0                        
0           0                        
0           0                        
0           0                        
1           -0.56280112786218028     
0           0                        
1           -0.56280112786218028     
1           -0.56280112786218028     
2           -2.2512045114487211      
0           0                        
1           -0.56280112786218028     
0           0                        
2           -2.2512045114487211      
1           -0.56280112786218028     
0           0                        
0           0                        
1           -0.56280112786218028     
0           0                        
0           0                        
