330 1 -3625 35 35 35
0           0                        
3           -679.1951076645696       
2           -2.1845095552540323      
3           -30.589554479292335      
2           -2.1845095552540323      
0           0                        
0           0                        
1           -0.54612738881350809     
3           -131.19720819822203      
0           0                        
0           0                        
0           0                        
0           0                        
0           0                        
2           -2.1845095552540323      
0           0                        
0           0                        
1           -0.54612738881350809     
2           -2.1845095552540323      
0           0                        
0           0                        
0           0                        
0           0                        
3           -4.9151464993215725      
0           0                        
1           -0.54612738881350809     
0           0                        
0           0                        
1           -0.54612738881350809     
2           -2.1845095552540323      
0           0                        
0           0                        
1           -0.54612738881350809     
2           -2.1845095552540323      
2           -2.1845095552540323      
0           0                        
0           0                        
0           0                        
2           -2.1845095552540323      
3           -4.9151464993215725      
1           -0.54612738881350809     
2           -2.1845095552540323      
1           -0.54612738881350809     
1           -0.54612738881350809     
2           -2.1845095552540323      
0           0                        
1           -0.54612738881350809     
0           0                        
2           -2.1845095552540323      
3           -4.9151464993215725      
2           -2.1845095552540323      
0           0                        
2           -401.84690717565218      
0           0                        
0           0                        
0           0                        
1           -0.54612738881350809     
1           -0.54612738881350809     
0           0                        
0           0                        
2           -2.1845095552540323      
2           -2.1845095552540323      
1           -0.54612738881350809     
2           -2.1845095552540323      
4           -364.52721148843546      
1           -0.54612738881350809     
0           0                        
1           -0.54612738881350809     
1           -0.54612738881350809     
1           -0.54612738881350809     
1           -0.54612738881350809     
3           -29.217570619061238      
1           -0.54612738881350809     
0           0                        
2           -2.1845095552540323      
1           -0.54612738881350809     
2           -2.1845095552540323      
0           0                        
2           -2.9742062240429212      
0           0                        
1           -0.54612738881350809     
0           0                        
1           -0.54612738881350809     
1           -0.54612738881350809     
0           0                        
0           0                        
2           -2.1845095552540323      
0           0                        
0           0                        
1           -0.54612738881350809     
0           0                        
0           0                        
1           -0.54612738881350809     
1           -0.54612738881350809     
2           -2.1845095552540323      
1           -0.54612738881350809     
0           0                        
2           -2.1845095552540323      
1           -0.54612738881350809     
0           0                        
0           0                        
