330 1 -3625 35 35 35
2           -401.22899757748235      
1           -1.4221550714141524      
3           -12.799395642727369      
1           -1.4221550714141524      
1           -1.4221550714141524      
0           0                        
1           -1.4221550714141524      
0           0                        
0           0                        
0           0                        
1           -1.4221550714141524      
0           0                        
2           -120.82143086074022      
3           -12.799395642727369      
0           0                        
0           0                        
1           -1.4221550714141524      
1           -1.4221550714141524      
0           0                        
1           -1.4221550714141524      
1           -1.4221550714141524      
2           -5.6886202856566097      
0           0                        
1           -1.4221550714141524      
1           -1.4221550714141524      
0           0                        
3           -12.799395642727369      
0           0                        
1           -1.4221550714141524      
1           -1.4221550714141524      
0           0                        
1           -1.4221550714141524      
0           0                        
0           0                        
1           -1.4221550714141524      
3           -440.51724155691477      
0           0                        
0           0                        
0           0                        
0           0                        
2           -5.6886202856566097      
3           -12.799395642727369      
0           0                        
2           -50.168192947971562      
2           -5.6886202856566097      
1           -1.4221550714141524      
0           0                        
0           0                        
1           -1.4221550714141524      
0           0                        
2           -5.6886202856566097      
1           -1.4221550714141524      
1           -1.4221550714141524      
0           0                        
0           0                        
0           0                        
0           0                        
1           -1.4221550714141524      
1           -1.4221550714141524      
1           -1.4221550714141524      
3           -821.23522115757623      
1           -1.4221550714141524      
1           -1.4221550714141524      
1           -1.4221550714141524      
1           -1.4221550714141524      
1           -1.4221550714141524      
2           -5.6886202856566097      
0           0                        
2           -5.6886202856566097      
1           -1.4221550714141524      
1           -1.4221550714141524      
0           0                        
0           0                        
0           0                        
0           0                        
0           0                        
1           -1.4221550714141524      
0           0                        
0           0                        
3           -903.45126839374836      
1           -1.4221550714141524      
1           -1.4221550714141524      
0           0                        
1           -1.4221550714141524      
3           -12.799395642727369      
0           0                        
0           0                        
1           -1.4221550714141524      
0           0                        
0           0                        
0           0                        
1           -1.4221550714141524      
2           -78.732920011764705      
1           -1.4221550714141524      
0           0                        
0           0                        
1           -1.4221550714141524      
0           0                        
1           -1.4221550714141524      
2           -5.6886202856566097      
1           -1.4221550714141524      
