330 1 -3625 35 35 35
0           0                        
2           -0.78415103688527188     
0           0                        
1           -0.19603775922131797     
0           0                        
0           0                        
0           0                        
4           -106.78924182003963      
2           -0.78415103688527188     
0           0                        
0           0                        
0           0                        
1           -0.19603775922131797     
0           0                        
0           0                        
1           -0.19603775922131797     
1           -0.19603775922131797     
0           0                        
1           -0.19603775922131797     
0           0                        
0           0                        
0           0                        
2           -0.78415103688527188     
1           -0.19603775922131797     
0           0                        
0           0                        
1           -0.19603775922131797     
2           -0.78415103688527188     
1           -0.19603775922131797     
1           -0.19603775922131797     
0           0                        
0           0                        
0           0                        
1           -0.19603775922131797     
1           -0.19603775922131797     
0           0                        
1           -0.19603775922131797     
0           0                        
0           0                        
1           -0.19603775922131797     
1           -0.19603775922131797     
0           0                        
2           -0.78415103688527188     
1           -0.19603775922131797     
0           0                        
1           -0.19603775922131797     
1           -0.19603775922131797     
2           -0.78415103688527188     
0           0                        
0           0                        
3           -1.764339832991862       
1           -0.19603775922131797     
0           0                        
0           0                        
0           0                        
0           0                        
0           0                        
3           -38.947183469872556      
0           0                        
1           -0.19603775922131797     
1           -0.19603775922131797     
0           0                        
2           -0.78415103688527188     
1           -0.19603775922131797     
3           -1.764339832991862       
0           0                        
2           -0.78415103688527188     
0           0                        
1           -0.19603775922131797     
0           0                        
0           0                        
0           0                        
1           -0.19603775922131797     
1           -0.19603775922131797     
1           -0.19603775922131797     
1           -0.19603775922131797     
0           0                        
1           -0.19603775922131797     
0           0                        
1           -0.19603775922131797     
2           -36.788052075016061      
0           0                        
0           0                        
1           -0.19603775922131797     
2           -0.78415103688527188     
0           0                        
1           -0.19603775922131797     
2           -0.78415103688527188     
1           -0.19603775922131797     
0           0                        
0           0                        
3           -1.764339832991862       
0           0                        
1           -0.19603775922131797     
1           -0.19603775922131797     
1           -0.19603775922131797     
0           0                        
2           -0.78415103688527188     
2           -0.78415103688527188     
0           0                        
2           -0.78415103688527188     
