330 1 -3625 35 35 35
1           -0.54612738881350809     
0           0                        
1           -0.54612738881350809     
1           -0.54612738881350809     
1           -0.54612738881350809     
0           0                        
1           -0.54612738881350809     
1           -0.54612738881350809     
1           -0.54612738881350809     
0           0                        
2           -2.1845095552540323      
1           -0.54612738881350809     
0           0                        
0           0                        
2           -2.1845095552540323      
1           -0.54612738881350809     
0           0                        
4           -27.697552135134458      
4           -411.84476287300924      
0           0                        
1           -0.54612738881350809     
0           0                        
0           0                        
2           -20.837614619907235      
1           -0.54612738881350809     
0           0                        
2           -2.1845095552540323      
0           0                        
2           -2.1845095552540323      
1           -0.54612738881350809     
3           -4.9151464993215725      
0           0                        
0           0                        
2           -2.1845095552540323      
0           0                        
0           0                        
1           -0.54612738881350809     
1           -0.54612738881350809     
0           0                        
0           0                        
0           0                        
0           0                        
1           -0.54612738881350809     
1           -0.54612738881350809     
3           -187.98472081906448      
0           0                        
0           0                        
0           0                        
1           -0.54612738881350809     
0           0                        
3           -310.02430513462457      
1           -0.54612738881350809     
0           0                        
1           -0.54612738881350809     
0           0                        
1           -0.54612738881350809     
2           -2.1845095552540323      
1           -0.54612738881350809     
0           0                        
1           -0.54612738881350809     
1           -0.54612738881350809     
0           0                        
0           0                        
0           0                        
0           0                        
1           -0.54612738881350809     
3           -35.246702476337113      
1           -0.54612738881350809     
2           -2.1845095552540323      
2           -2.1845095552540323      
0           0                        
0           0                        
0           0                        
1           -0.54612738881350809     
1           -0.54612738881350809     
0           0                        
1           -0.54612738881350809     
1           -0.54612738881350809     
2           -2.1845095552540323      
0           0                        
1           -0.54612738881350809     
1           -0.54612738881350809     
1           -0.54612738881350809     
1           -0.54612738881350809     
0           0                        
0           0                        
1           -0.54612738881350809     
2           -2.1845095552540323      
0           0                        
0           0                        
0           0                        
1           -0.54612738881350809     
0           0                        
1           -0.54612738881350809     
1           -0.54612738881350809     
3           -46.284221211610742      
0           0                        
0           0                        
0           0                        
0           0                        
0           0                        
