330 1 -3625 35 35 35
0           0                        
0           0                        
1           -1.4415847455985695      
2           -5.7663389823942781      
0           0                        
1           -1.4415847455985695      
0           0                        
0           0                        
1           -1.4415847455985695      
1           -1.4415847455985695      
4           -323.20219026002678      
1           -1.4415847455985695      
0           0                        
0           0                        
1           -1.4415847455985695      
0           0                        
2           -5.7663389823942781      
0           0                        
0           0                        
0           0                        
1           -1.4415847455985695      
0           0                        
0           0                        
1           -1.4415847455985695      
2           -5.7663389823942781      
0           0                        
1           -1.4415847455985695      
0           0                        
1           -1.4415847455985695      
1           -1.4415847455985695      
3           -12.974262710387126      
2           -5.7663389823942781      
1           -1.4415847455985695      
1           -1.4415847455985695      
1           -1.4415847455985695      
4           -128.75799799895145      
1           -1.4415847455985695      
3           -12.974262710387126      
1           -1.4415847455985695      
0           0                        
1           -1.4415847455985695      
3           -12.974262710387126      
0           0                        
0           0                        
0           0                        
2           -5.7663389823942781      
1           -1.4415847455985695      
0           0                        
0           0                        
0           0                        
0           0                        
1           -1.4415847455985695      
0           0                        
0           0                        
0           0                        
0           0                        
1           -1.4415847455985695      
0           0                        
3           -12.974262710387126      
0           0                        
0           0                        
2           -5.7663389823942781      
2           -5.7663389823942781      
0           0                        
1           -1.4415847455985695      
0           0                        
0           0                        
1           -1.4415847455985695      
0           0                        
1           -1.4415847455985695      
0           0                        
1           -1.4415847455985695      
1           -1.4415847455985695      
1           -1.4415847455985695      
2           -66.446398049913512      
0           0                        
0           0                        
0           0                        
1           -1.4415847455985695      
1           -1.4415847455985695      
1           -1.4415847455985695      
2           -5.7663389823942781      
1           -1.4415847455985695      
1           -1.4415847455985695      
1           -1.4415847455985695      
1           -1.4415847455985695      
3           -12.974262710387126      
1           -1.4415847455985695      
0           0                        
2           -7.2761113729334372      
0           0                        
1           -1.4415847455985695      
0           0                        
0           0                        
1           -1.4415847455985695      
3           -12.974262710387126      
1           -1.4415847455985695      
0           0                        
1           -1.4415847455985695      
1           -1.4415847455985695      
1           -1.4415847455985695      
