330 1 -3625 35 35 35
0           0                        
3           -5.7018896018055267      
0           0                        
1           -0.54612738881350809     
0           0                        
1           -0.54612738881350809     
0           0                        
1           -0.54612738881350809     
4           -43.220443964948828      
1           -0.54612738881350809     
0           0                        
0           0                        
1           -0.54612738881350809     
0           0                        
2           -2.1845095552540323      
0           0                        
0           0                        
1           -0.54612738881350809     
1           -0.54612738881350809     
0           0                        
1           -0.54612738881350809     
0           0                        
2           -2.1845095552540323      
2           -2.1845095552540323      
0           0                        
2           -2.1845095552540323      
0           0                        
0           0                        
1           -0.54612738881350809     
0           0                        
2           -2.1845095552540323      
0           0                        
1           -0.54612738881350809     
0           0                        
3           -48.152847224906502      
0           0                        
0           0                        
2           -2.1845095552540323      
3           -5.7099238866013664      
0           0                        
2           -2.1845095552540323      
3           -23.117112075407029      
0           0                        
2           -2.1845095552540323      
0           0                        
0           0                        
2           -2.1845095552540323      
0           0                        
0           0                        
3           -4.9151464993215725      
0           0                        
0           0                        
2           -2.1845095552540323      
0           0                        
0           0                        
2           -2.1845095552540323      
2           -2.1845095552540323      
1           -0.54612738881350809     
0           0                        
1           -0.54612738881350809     
0           0                        
1           -0.54612738881350809     
1           -0.54612738881350809     
0           0                        
0           0                        
1           -0.54612738881350809     
0           0                        
0           0                        
2           -2.1845095552540323      
2           -37.835589709107559      
1           -0.54612738881350809     
2           -2.1845095552540323      
0           0                        
0           0                        
3           -123.61828540253595      
2           -2.1845095552540323      
0           0                        
0           0                        
0           0                        
1           -0.54612738881350809     
1           -0.54612738881350809     
1           -0.54612738881350809     
1           -0.54612738881350809     
0           0                        
1           -0.54612738881350809     
0           0                        
1           -0.54612738881350809     
0           0                        
1           -0.54612738881350809     
0           0                        
1           -0.54612738881350809     
0           0                        
0           0                        
2           -2.1845095552540323      
1           -0.54612738881350809     
0           0                        
1           -0.54612738881350809     
2           -461.61472845620517      
0           0                        
3           -534.95061739651317      
0           0                        
