330 1 -3625 35 35 35
0           0                        
1           -0.19603775922131797     
1           -0.19603775922131797     
2           -59.390281920620403      
0           0                        
1           -0.19603775922131797     
3           -15.586524661818485      
1           -0.19603775922131797     
1           -0.19603775922131797     
0           0                        
1           -0.19603775922131797     
0           0                        
1           -0.19603775922131797     
0           0                        
1           -0.19603775922131797     
4           -20.447777940623212      
1           -0.19603775922131797     
1           -0.19603775922131797     
0           0                        
0           0                        
0           0                        
2           -0.78415103688527188     
0           0                        
0           0                        
0           0                        
1           -0.19603775922131797     
1           -0.19603775922131797     
0           0                        
1           -0.19603775922131797     
0           0                        
1           -0.19603775922131797     
0           0                        
0           0                        
0           0                        
2           -0.78415103688527188     
0           0                        
2           -0.78415103688527188     
4           -28.277239505387179      
0           0                        
2           -1.8202525072782789      
1           -0.19603775922131797     
0           0                        
1           -0.19603775922131797     
2           -0.78415103688527188     
0           0                        
0           0                        
0           0                        
0           0                        
0           0                        
0           0                        
0           0                        
0           0                        
0           0                        
1           -0.19603775922131797     
1           -0.19603775922131797     
0           0                        
1           -0.19603775922131797     
0           0                        
0           0                        
3           -1.764339832991862       
0           0                        
1           -0.19603775922131797     
1           -0.19603775922131797     
1           -0.19603775922131797     
2           -0.78415103688527188     
1           -0.19603775922131797     
0           0                        
0           0                        
0           0                        
0           0                        
0           0                        
0           0                        
0           0                        
0           0                        
1           -0.19603775922131797     
1           -0.19603775922131797     
1           -0.19603775922131797     
0           0                        
1           -0.19603775922131797     
1           -0.19603775922131797     
0           0                        
2           -0.78415103688527188     
1           -0.19603775922131797     
0           0                        
2           -42.022310019372753      
0           0                        
3           -1.764339832991862       
0           0                        
0           0                        
1           -0.19603775922131797     
0           0                        
2           -0.78415103688527188     
0           0                        
2           -0.78415103688527188     
0           0                        
1           -0.19603775922131797     
0           0                        
1           -0.19603775922131797     
0           0                        
2           -62.041667053018173      
2           -2.147803117986371       
