330 1 -3625 35 35 35
0           0                        
0           0                        
1           -0.20236088611800973     
1           -0.20236088611800973     
1           -0.20236088611800973     
0           0                        
0           0                        
0           0                        
0           0                        
0           0                        
0           0                        
1           -0.20236088611800973     
0           0                        
0           0                        
0           0                        
0           0                        
2           -128.47476298668212      
1           -0.20236088611800973     
2           -14.764923800002908      
3           -1.8212479750620876      
1           -0.20236088611800973     
0           0                        
1           -0.20236088611800973     
0           0                        
2           -0.80944354447203892     
5           -156.81652859820355      
0           0                        
0           0                        
0           0                        
0           0                        
1           -0.20236088611800973     
0           0                        
0           0                        
0           0                        
1           -0.20236088611800973     
2           -0.80944354447203892     
0           0                        
1           -0.20236088611800973     
1           -0.20236088611800973     
0           0                        
0           0                        
0           0                        
0           0                        
0           0                        
1           -0.20236088611800973     
1           -0.20236088611800973     
0           0                        
1           -0.20236088611800973     
0           0                        
1           -0.20236088611800973     
2           -0.80944354447203892     
1           -0.20236088611800973     
0           0                        
1           -0.20236088611800973     
1           -0.20236088611800973     
3           -5.378369565953073       
2           -0.80944354447203892     
0           0                        
0           0                        
0           0                        
2           -0.80944354447203892     
1           -0.20236088611800973     
0           0                        
1           -0.20236088611800973     
0           0                        
1           -0.20236088611800973     
2           -0.80944354447203892     
0           0                        
2           -14.051297529218109      
0           0                        
1           -0.20236088611800973     
1           -0.20236088611800973     
0           0                        
0           0                        
0           0                        
0           0                        
2           -0.80944354447203892     
2           -2.5923361628897768      
1           -0.20236088611800973     
0           0                        
1           -0.20236088611800973     
1           -0.20236088611800973     
0           0                        
2           -0.80944354447203892     
1           -0.20236088611800973     
1           -0.20236088611800973     
0           0                        
0           0                        
0           0                        
1           -0.20236088611800973     
0           0                        
0           0                        
0           0                        
1           -0.20236088611800973     
0           0                        
2           -0.80944354447203892     
0           0                        
1           -0.20236088611800973     
0           0                        
0           0                        
1           -0.20236088611800973     
