330 1 -3625 35 35 35
1           -0.19603775922131797     
0           0                        
2           -0.78415103688527188     
1           -0.19603775922131797     
2           -0.78415103688527188     
2           -6.2832533017202952      
1           -0.19603775922131797     
0           0                        
0           0                        
1           -0.19603775922131797     
1           -0.19603775922131797     
2           -133.80778430409609      
2           -0.78415103688527188     
2           -0.78415103688527188     
0           0                        
0           0                        
3           -1.764339832991862       
0           0                        
1           -0.19603775922131797     
0           0                        
1           -0.19603775922131797     
0           0                        
2           -0.78415103688527188     
1           -0.19603775922131797     
0           0                        
0           0                        
0           0                        
1           -0.19603775922131797     
1           -0.19603775922131797     
1           -0.19603775922131797     
0           0                        
4           -7.9615125363423402      
0           0                        
1           -0.19603775922131797     
1           -0.19603775922131797     
0           0                        
0           0                        
0           0                        
0           0                        
0           0                        
3           -72.957236487715406      
1           -0.19603775922131797     
4           16.014657332279914       
0           0                        
1           -0.19603775922131797     
1           -0.19603775922131797     
4           -120.32040545923735      
0           0                        
0           0                        
1           -0.19603775922131797     
0           0                        
0           0                        
0           0                        
0           0                        
2           -2.807986193227487       
2           -0.78415103688527188     
2           -0.78415103688527188     
0           0                        
0           0                        
1           -0.19603775922131797     
1           -0.19603775922131797     
0           0                        
0           0                        
0           0                        
2           -1.9427656310881831      
0           0                        
0           0                        
0           0                        
1           -0.19603775922131797     
0           0                        
0           0                        
0           0                        
0           0                        
1           -0.19603775922131797     
1           -0.19603775922131797     
1           -0.19603775922131797     
1           -0.19603775922131797     
2           -74.497539118971659      
2           -0.78415103688527188     
0           0                        
0           0                        
0           0                        
0           0                        
1           -0.19603775922131797     
1           -0.19603775922131797     
0           0                        
1           -0.19603775922131797     
2           -0.78415103688527188     
1           -0.19603775922131797     
3           -7.2180084489875584      
2           -24.903508377810201      
0           0                        
0           0                        
1           -0.19603775922131797     
1           -0.19603775922131797     
2           -0.78415103688527188     
1           -0.19603775922131797     
1           -0.19603775922131797     
1           -0.19603775922131797     
0           0                        
1           -0.19603775922131797     
