330 1 -3625 35 35 35
1           -1.4221550714141524      
0           0                        
1           -1.4221550714141524      
1           -1.4221550714141524      
0           0                        
0           0                        
0           0                        
2           -155.44565495321149      
1           -1.4221550714141524      
0           0                        
0           0                        
0           0                        
1           -1.4221550714141524      
0           0                        
0           0                        
1           -1.4221550714141524      
0           0                        
1           -1.4221550714141524      
1           -1.4221550714141524      
0           0                        
2           -26.564929030276581      
1           -1.4221550714141524      
2           -74.949694450740111      
3           -741.32745968778011      
0           0                        
1           -1.4221550714141524      
3           -467.84470207689964      
0           0                        
1           -1.4221550714141524      
0           0                        
3           -12.799395642727369      
1           -1.4221550714141524      
2           -5.6886202856566097      
3           -279.8784630972774       
1           -1.4221550714141524      
2           -5.6886202856566097      
0           0                        
4           -85.404531179314347      
0           0                        
1           -1.4221550714141524      
0           0                        
0           0                        
1           -1.4221550714141524      
1           -1.4221550714141524      
0           0                        
0           0                        
2           -8.2088488470679852      
2           -5.6886202856566097      
0           0                        
2           -5.6886202856566097      
0           0                        
1           -1.4221550714141524      
0           0                        
1           -1.4221550714141524      
1           -1.4221550714141524      
1           -1.4221550714141524      
0           0                        
0           0                        
2           -728.36186909180594      
0           0                        
1           -1.4221550714141524      
0           0                        
0           0                        
1           -1.4221550714141524      
2           -5.6886202856566097      
0           0                        
1           -1.4221550714141524      
1           -1.4221550714141524      
1           -1.4221550714141524      
1           -1.4221550714141524      
1           -1.4221550714141524      
1           -1.4221550714141524      
1           -1.4221550714141524      
1           -1.4221550714141524      
0           0                        
2           -5.6886202856566097      
0           0                        
0           0                        
0           0                        
0           0                        
2           -5.6886202856566097      
0           0                        
0           0                        
2           -5.6886202856566097      
0           0                        
1           -1.4221550714141524      
2           -6.7251595764213778      
1           -1.4221550714141524      
0           0                        
1           -1.4221550714141524      
3           -154.9819473645085       
2           -5.6886202856566097      
1           -1.4221550714141524      
2           -875.69594263230022      
1           -1.4221550714141524      
0           0                        
0           0                        
0           0                        
0           0                        
1           -1.4221550714141524      
0           0                        
