510 1 -4127 35 35 35
77          -38513.388830740012      
83          -40998.427004380334      
81          -39204.705572330313      
77          -35740.228895271495      
80          -38221.012675094396      
77          -36770.545451141355      
77          -34320.81743489419       
78          -33506.39802194907       
84          -41487.29031724167       
88          -45010.496209323719      
80          -38414.315858771457      
77          -36030.442961216388      
71          -32420.554758541999      
83          -40035.637242243218      
81          -40587.318259503023      
72          -31980.248054728039      
60          -24562.638216691717      
60          -22781.035914443652      
57          -22429.219897768558      
54          -20146.288751391541      
51          -18582.325882613684      
54          -19897.720759514068      
55          -19303.838233407019      
51          -16170.528103480168      
53          -15523.6107731016        
45          -14392.872427286708      
39          -13708.468715881223      
33          -13087.074038726929      
28          -4030.8160736126492      
33          -7845.5325168569134      
22          -2887.1621670309892      
15          -1448.2714023434789      
16          -1163.736564220841       
23          -2907.98962926284        
29          -3810.7564581891147      
24          -4045.3332192779671      
28          -6930.1050221477099      
33          -9135.9904757915356      
24          -6593.9150369733479      
23          -7693.1220859058876      
26          -5436.2556738600042      
27          -4987.6613838494877      
45          -13072.308788621755      
40          -12196.497479957128      
46          -13148.680713598476      
33          -8169.2630613900228      
40          -13117.053592949189      
47          -16586.603568317518      
51          -20719.214257463875      
54          -21253.126295127713      
58          -23424.788195928919      
60          -25880.516594471123      
64          -25331.034540987806      
65          -27777.687378088947      
57          -17654.990113618318      
61          -23582.155064707404      
55          -18068.826886744861      
43          -11682.279433466567      
55          -16759.177722290384      
53          -17609.238886917185      
38          -9988.9425189037629      
44          -11547.058975793112      
59          -21090.232945168264      
56          -21396.425627602406      
64          -22831.164928110295      
63          -21018.936229275467      
48          -14017.038777313104      
45          -14625.174433825014      
50          -13151.593642358552      
36          -9950.1370636999181      
42          -13730.084788224858      
49          -14527.259075610498      
45          -10961.124328220601      
49          -14424.270212679403      
54          -18217.620826652772      
53          -17330.548989866958      
50          -14963.137465624121      
42          -12245.452081281366      
37          -7833.3331441798764      
39          -11173.770811885497      
33          -9507.3940200501802      
32          -5112.1564771650355      
26          -4167.2670618503644      
30          -7610.5592124506647      
19          -2146.2946055620846      
26          -5093.876546635528       
29          -4397.8098608452801      
27          -4313.4551627643432      
23          -2736.0100652472465      
21          -2702.2266992918371      
25          -4271.7375636269162      
24          -3893.1220866222702      
30          -6054.1873722062001      
27          -5345.6066041817776      
31          -9359.1111152894264      
41          -11139.334494507933      
41          -14223.932673407349      
47          -14185.197915543411      
46          -12799.776411173356      
33          -7825.3371559343332      
31          -5660.6490971363464      
