510 1 -4127 35 35 35
37          -4689.8178718154859      
35          -3909.1827943141643      
44          -5425.645992771003       
49          -8409.2995700930187      
48          -7971.8161958457777      
42          -5407.5150682010508      
44          -6265.7240745566769      
46          -6393.3645404721829      
39          -3728.1388779955751      
38          -3376.3096585237554      
33          -4363.2632087476377      
38          -4944.2174478181223      
29          -2068.5691288328426      
25          -1922.9652280285698      
30          -1920.8732657413618      
26          -995.04489799957867      
18          -932.91137500628406      
21          -1432.9059654584294      
28          -2555.3457916317279      
29          -1922.8513684276863      
42          -4576.0262970074918      
35          -4303.6186307315875      
42          -5395.9889325813592      
48          -5751.3139865867442      
43          -6136.5829913932303      
47          -4419.8321553154592      
48          -5462.3465836739952      
52          -6928.6697426137662      
52          -7439.018612273373       
56          -8890.0448663499646      
54          -7458.9278063254214      
60          -8261.0577920895048      
55          -8907.635154547268       
64          -10403.95399160433       
62          -10879.828917750721      
72          -13435.282438163407      
76          -14990.088388176402      
79          -16279.319772949142      
85          -19821.192119578638      
84          -20124.10322481615       
88          -20927.322378371144      
100         -27209.548321390255      
105         -29779.42796859131       
108         -31099.618373373891      
98          -26453.644461174335      
104         -29460.279777977659      
107         -30052.61072125506       
106         -27846.569713453002      
111         -29514.905610897058      
104         -28399.782682288591      
103         -28166.769670594145      
100         -26244.748331294504      
98          -26283.478607963199      
94          -22851.112160079927      
91          -22650.072089201389      
82          -18260.966184184577      
80          -17260.507479495962      
77          -18017.056947041165      
89          -21718.275346595048      
96          -23158.768506729455      
106         -30143.808559607194      
103         -27859.446330603201      
97          -25842.986336036189      
91          -22392.628766245733      
90          -23199.539302919395      
96          -25200.492431595416      
103         -26904.551664035349      
105         -30253.66374065576       
104         -28905.38138898318       
110         -32180.322031904663      
113         -33367.697216396504      
120         -37280.672197525455      
115         -33996.302859977972      
111         -31126.783535353101      
104         -26119.998845669536      
107         -28361.518667240663      
108         -29929.068334736083      
107         -29212.047664037749      
111         -30983.660449159597      
113         -33321.944271560002      
120         -36725.402865193086      
120         -36837.140030127026      
125         -39537.64581230632       
115         -34233.949899160398      
113         -34584.103989558083      
112         -32964.683531495764      
105         -30158.794018475972      
104         -29792.476994310633      
100         -29930.633918082447      
111         -34441.590943017276      
114         -34536.010548579041      
116         -35018.205163977233      
116         -35431.035173526187      
116         -36241.346596687617      
122         -37356.427307739126      
128         -40833.597050679542      
117         -34224.086864129         
111         -32930.696240661709      
107         -30381.812615668601      
111         -31923.907405464019      
103         -27936.21146967365       
