510 1 -4127 35 35 35
86          -116497.10957753382      
80          -101412.57978154947      
78          -97550.437050500856      
75          -101485.19124268937      
83          -116587.93601447339      
90          -131244.53476912444      
96          -153994.74718006636      
102         -165732.40914898767      
102         -168636.82632752534      
105         -173953.28492476896      
106         -178387.84555675974      
107         -188581.50788095404      
107         -187910.26204931966      
114         -207850.81782146762      
113         -202272.01875631584      
115         -207112.75540206474      
122         -235586.08702498363      
122         -236670.70444439651      
123         -237950.12802302401      
114         -209970.8609854822       
112         -205761.8850768503       
117         -222490.63893651136      
124         -245842.63925023295      
132         -274555.68674235011      
128         -260973.48516171571      
127         -250670.61539322021      
130         -254726.34230694445      
126         -240250.95064324696      
121         -221299.10350757648      
122         -232985.51780843391      
115         -215052.61883762764      
112         -210795.46831538962      
115         -213121.17673408464      
113         -209047.15286480033      
114         -210614.69768194834      
110         -200263.55422260013      
113         -209279.24370378078      
116         -214444.18574000866      
113         -204638.01116765721      
110         -200540.16244977401      
114         -207513.91276589115      
111         -198831.85960803097      
109         -189383.26101296413      
103         -168740.52595085272      
105         -172538.11977619928      
97          -152245.33828785268      
98          -158549.82082843845      
104         -171349.90979443444      
107         -182618.99032598422      
112         -196689.11344972468      
111         -200252.66161366759      
106         -188183.59009701942      
105         -180702.25501899858      
107         -184380.81049386956      
111         -198000.09203880743      
118         -210890.85392871581      
110         -190505.51916071886      
115         -202119.42088491863      
114         -202712.78091094209      
117         -219329.42091664541      
117         -215527.992316219        
114         -201792.75732969373      
113         -205425.69810997898      
109         -197668.32352933264      
100         -176476.11632334872      
101         -178343.77120846699      
104         -180666.38062930654      
105         -183105.56629701317      
107         -193192.38763326855      
109         -190409.24227089778      
92          -144988.09043634689      
86          -137114.54005350501      
92          -143953.37116217153      
86          -124379.04903954192      
89          -127463.79474054773      
100         -164971.15197926771      
95          -144712.33456407522      
103         -160985.93610439161      
99          -157191.09361701235      
97          -153317.73906488498      
91          -134509.0527658319       
84          -119537.97062882656      
88          -127349.61149812685      
89          -128265.81837529902      
88          -124369.77137029142      
83          -108373.77873021421      
87          -120615.57196312177      
84          -112302.88403149843      
78          -104315.85099813175      
82          -110994.02670655117      
84          -121449.15406072579      
85          -121516.73727688912      
91          -142189.74422603927      
88          -133331.917760096        
86          -124103.08893419974      
81          -112487.16938667273      
96          -142469.69223430019      
92          -131369.41291414874      
80          -106259.96607393851      
76          -100079.52062988882      
77          -107751.19929836143      
