510 1 -4127 35 35 35
69          -78514.648836535969      
76          -102784.61330715693      
70          -84474.167221236959      
62          -68223.749179226186      
54          -55715.281042179558      
39          -33580.032661890888      
30          -16205.256935162306      
29          -16044.779539539048      
34          -21749.683419452555      
27          -11153.224351613473      
36          -19517.226157349789      
28          -11920.236353741879      
24          -9823.4442407048937      
21          -6308.065368175774       
22          -7463.3804082290872      
13          -1670.3592088301414      
25          -11486.986386270533      
32          -20995.770854561477      
37          -28519.535368769291      
23          -13342.110874014126      
30          -19869.688663541372      
36          -28432.309439512021      
36          -24160.106957252399      
41          -31975.647392224124      
32          -19974.615632932815      
41          -26770.773329435131      
34          -21644.144399398177      
33          -16922.278070745469      
31          -22615.272680846654      
38          -25096.716032518867      
35          -24620.656658871001      
46          -30432.531693716701      
46          -36619.136250432588      
43          -37018.942924232462      
36          -24574.025830439685      
21          -9498.670535572428       
19          -6418.7398462635156      
35          -19847.494737254863      
37          -22483.402478416032      
39          -23378.242306926477      
42          -35144.007957699505      
46          -37043.499886234385      
37          -23703.957265650544      
39          -28623.13675501915       
34          -26364.837645166332      
42          -34443.958468932244      
46          -38444.856538665801      
43          -28935.023875363113      
46          -29654.883445288204      
40          -25118.705294699044      
29          -16363.532030750688      
22          -6562.3391819452127      
23          -6236.4001094325104      
27          -11865.52090718084       
40          -26755.421518118412      
32          -16965.514397941806      
40          -24092.065228063468      
34          -21920.8819137789        
37          -27776.53538923521       
30          -13264.110565587238      
41          -24272.270508502374      
34          -20935.904720691451      
43          -28600.315924097085      
47          -39618.618954962367      
50          -44419.920326790896      
49          -47626.3634316854        
47          -36242.030350956578      
44          -44701.848441241076      
50          -44250.894413202732      
58          -52687.549567100854      
52          -44198.960056705437      
48          -39968.785321682633      
38          -27078.060178317126      
43          -28996.778289937465      
32          -15726.929207924044      
36          -19075.733668016845      
41          -27874.121389156655      
48          -38337.433225536726      
62          -62010.948669254438      
51          -42905.958089631989      
57          -52817.963759284648      
58          -54272.466717000694      
61          -63753.939664945283      
58          -61838.741819225943      
65          -69894.388948665903      
83          -101256.45552280851      
82          -100733.24990229837      
74          -84116.447901346983      
61          -62392.591358890109      
67          -70582.023825514771      
69          -70056.268902644253      
72          -72358.611642166827      
72          -80619.116433015006      
65          -73885.463636875706      
70          -85684.883557601643      
78          -104469.07393950658      
78          -102531.59767867945      
73          -92127.473357464391      
72          -90457.012431467389      
75          -94922.137123737979      
72          -91457.028271485848      
