510 1 -4127 35 35 35
83          -108597.09137562978      
84          -102902.72346258051      
72          -87650.13769774526       
68          -81095.891247033316      
70          -80219.366541733296      
85          -115192.58958869783      
84          -112435.03290602109      
83          -116418.676380626        
86          -115566.65359776269      
86          -122424.9066081646       
78          -102948.88039796401      
76          -101666.41738660337      
79          -104931.08881398334      
73          -90081.893167361311      
69          -77600.712302777581      
68          -74700.455411912975      
65          -70590.324407999826      
63          -68690.677454684032      
68          -67691.257547376255      
80          -91542.857280313605      
73          -77828.794799602168      
62          -59511.337817239852      
49          -36446.734090567479      
51          -44123.501382412316      
49          -44739.629699269994      
60          -56083.04056890207       
58          -65899.017097610064      
40          -39088.758187769148      
36          -26681.765593412398      
41          -29507.878766076228      
54          -54018.657128454382      
60          -66402.772874722446      
50          -57773.811757670424      
52          -57780.859074139829      
55          -64146.76276343887       
51          -55806.618876743087      
48          -48144.831302940722      
56          -56147.950443195077      
59          -60022.792459541924      
62          -65466.494712876163      
57          -59565.643274998787      
55          -53957.705270451654      
62          -70851.99535859462       
63          -76701.809967294786      
60          -63993.541440701905      
57          -61352.347630407334      
51          -51237.173912195154      
56          -53543.077139836998      
58          -58742.39266085533       
56          -58417.817920253132      
50          -41570.598232273507      
51          -47556.936798770024      
53          -47415.257607632921      
48          -35880.781621165697      
37          -28060.434214692148      
41          -30923.497945958236      
42          -31539.645825391417      
58          -58134.574459791191      
50          -39385.240812216747      
59          -57999.347800000709      
46          -31277.250297913208      
43          -30952.740856042568      
32          -20963.93201527495       
43          -36168.753053839078      
35          -24805.322678968882      
29          -18867.834888314912      
40          -28355.418512865366      
30          -13914.585937622049      
29          -11885.277712946028      
18          -4358.1022234135871      
16          -5027.2226891446671      
21          -7089.9071291706668      
22          -9319.6537375744247      
18          -5721.0614313242004      
25          -12819.237073713832      
26          -8280.7844907355138      
26          -10732.059190833197      
28          -10585.724931042139      
30          -15218.214409747285      
43          -39346.677166506219      
21          -7146.6759447925224      
23          -10457.049826151859      
20          -12223.152954736788      
20          -8116.9834758127336      
23          -12216.229840268723      
23          -12053.837431979546      
31          -16312.751314278787      
39          -21648.581960217751      
27          -13438.848831668767      
28          -19370.513206338775      
28          -20073.686019321922      
24          -8924.9073345005199      
23          -12456.325203595921      
32          -20614.222693892312      
24          -12658.013300520457      
33          -16134.618681656601      
29          -15595.9769620017        
30          -18236.74013973412       
32          -16214.856527646794      
24          -9638.0680845176576      
16          -2841.0132323072626      
