510 1 -4127 35 35 35
127         -88835.080184996841      
122         -85321.368902076705      
126         -92162.01805421531       
124         -87304.236706443902      
120         -80529.809347550763      
117         -76538.231362889768      
117         -77180.843442932965      
116         -76656.976813611531      
109         -69310.310285158223      
106         -67489.030283625878      
103         -64634.653945998201      
109         -72826.259729238809      
110         -72771.150641635206      
116         -78003.678178770031      
116         -78527.235368051392      
116         -77806.409066326072      
119         -80779.444503255887      
116         -80843.53746090921       
119         -83667.062267749934      
119         -80113.478377160354      
121         -83835.883583480172      
118         -79568.481645757143      
128         -89734.005172847712      
128         -90224.061980872531      
122         -84362.244473932486      
128         -93534.807865599141      
123         -87902.301225082163      
119         -84206.322516881657      
120         -83684.539044083343      
119         -81415.449388168941      
121         -82792.329501932618      
117         -79017.699020665066      
119         -82780.91451827444       
123         -84311.552360989604      
124         -87545.692294653651      
118         -79492.582331772996      
112         -74478.02692516752       
114         -78008.465737608436      
114         -75374.641054105159      
127         -88227.212114696114      
123         -84411.104845577254      
125         -84178.254292615457      
115         -76661.592290481902      
114         -71307.241848397869      
119         -76904.074448015424      
123         -80818.520944458272      
121         -78162.766948740173      
122         -80500.567923435665      
119         -77193.446290583015      
127         -86179.036490848724      
125         -87186.380890321176      
123         -80972.336651357342      
126         -86209.957606499607      
127         -88041.697487527301      
121         -79838.444452621829      
127         -85681.266946710821      
121         -81125.473300283425      
125         -85865.0937646612        
120         -77039.784783316252      
123         -84488.052502066348      
133         -94936.224389383307      
133         -98285.946694302518      
128         -91633.62391450438       
123         -86610.178543687391      
122         -83521.779049094999      
123         -81134.476340648413      
124         -84634.51990555448       
121         -80234.823652513311      
127         -90377.514863008037      
125         -85943.834398228064      
123         -84776.717610541251      
118         -76726.541991154038      
114         -75765.214133512534      
110         -70588.614677617239      
123         -83140.28293632908       
130         -92465.415499000796      
124         -86693.441872028503      
128         -91654.653480611101      
127         -89971.428390611778      
125         -88037.749262826212      
124         -89580.166465918635      
124         -89260.577825323679      
117         -79704.002661339255      
117         -78733.328409267793      
116         -79595.653701795702      
110         -71242.428846347757      
110         -69391.023677967809      
99          -57343.735110715417      
104         -61786.237089280403      
105         -64739.449784493365      
103         -62705.260966229507      
111         -68892.845165512554      
110         -68879.357387493292      
118         -77322.277358189778      
124         -89069.707013775129      
122         -84979.724169858833      
114         -73712.447078527272      
108         -67340.810425109376      
106         -62784.058459709282      
106         -63188.257115077737      
101         -62471.851993389602      
