510 1 -4127 35 35 35
114         -205920.43585884146      
115         -214519.72140696403      
111         -201992.69139128944      
114         -217710.32323370478      
117         -223909.79843498871      
116         -219680.60770660872      
115         -214148.22456882265      
108         -192065.75287852596      
114         -204908.98789587876      
108         -186182.45173988346      
112         -199765.98157790082      
113         -200882.00011111595      
102         -173641.04670784605      
109         -203374.83219206089      
104         -187499.33400507446      
96          -165430.64786744968      
99          -170250.79306562388      
105         -185456.02457330973      
107         -186386.8900023335       
103         -180347.21585274694      
110         -195898.59335316526      
109         -190786.24562158104      
110         -195497.20916241483      
110         -195901.17627190475      
110         -193733.68520179435      
117         -216227.23008868124      
121         -238020.66849319221      
121         -235322.12402376637      
122         -244488.10120381921      
125         -252582.90118366742      
123         -247483.25717783009      
122         -246150.1090024685       
120         -227129.71187472867      
113         -199821.39032062943      
120         -220481.40984960497      
114         -203735.87144546278      
114         -204904.6614312146       
112         -201442.47862414748      
111         -203904.53165060063      
110         -200486.15760885854      
104         -177800.46374515016      
98          -157219.30660337661      
103         -171211.92655218928      
101         -164742.10558700352      
97          -154428.99412201045      
102         -165038.46286323585      
100         -162579.18431718333      
103         -174553.48352240751      
95          -158748.83037537616      
103         -172007.37374328959      
102         -170921.9441066705       
105         -183944.73802833154      
105         -175750.066697634        
100         -165338.98740841373      
99          -159452.12953611338      
97          -158931.40896256323      
99          -166315.38837210025      
104         -182879.22705764743      
99          -162101.43647464152      
101         -168778.74467481283      
92          -143991.69509163691      
90          -139774.01615367236      
93          -149122.48961830023      
94          -145300.57179427144      
92          -148752.65722023492      
103         -175041.85893292291      
89          -129584.16214739961      
92          -137911.07858841083      
89          -128646.15531253774      
84          -116136.71661554041      
78          -103748.78898445448      
73          -91051.685194504666      
70          -84055.617461766713      
74          -100699.06188564852      
68          -86088.673085898758      
62          -69540.445052883006      
64          -71527.60352622463       
67          -77106.860442207559      
67          -69812.097407397086      
69          -76102.601820231153      
79          -103379.85269792043      
83          -110413.53327703556      
83          -110995.03698366058      
69          -83379.501663955292      
58          -62736.868620201931      
49          -52563.844271485286      
51          -50993.912060983566      
59          -64576.192468223831      
55          -57245.972553479274      
51          -43061.780820016415      
48          -37643.040371215349      
30          -17340.533006840749      
23          -12181.066839838626      
27          -13887.49828582293       
28          -16678.511151402832      
34          -20659.649244296834      
34          -22910.722419378937      
30          -18957.462867971761      
29          -15590.890882825262      
23          -10330.988967541718      
17          -4622.8575394490708      
