510 1 -4127 35 35 35
38          -23283.147221699248      
53          -42001.35510726244       
54          -55853.467637978989      
56          -60379.720404674023      
50          -46449.756335339458      
49          -47740.886629967594      
53          -51202.016702965135      
57          -51600.121249509146      
51          -45566.148314396138      
52          -43642.87070790174       
44          -36859.27534921722       
37          -35041.619595106124      
48          -39811.263728802485      
45          -35632.581069747801      
46          -36738.45551567767       
53          -41917.883437791497      
52          -47151.982654933046      
44          -33370.266308130005      
34          -21666.447698042834      
30          -18480.204659738323      
38          -27927.80820151119       
38          -23067.153926396197      
36          -21545.072334787827      
37          -26686.262212145601      
31          -13807.4501432407        
33          -20505.360127052823      
25          -16097.611289714712      
36          -22194.683902960427      
45          -40343.360336630663      
45          -32585.032856740363      
48          -45570.865914345064      
42          -33347.814673226632      
55          -54906.095857085216      
63          -70273.110394366624      
61          -62161.65476266286       
54          -50110.17745767974       
49          -42454.944169292692      
50          -43100.072615988691      
39          -26099.121365571998      
36          -25179.705676416415      
36          -24809.097748199874      
32          -13999.958127913867      
42          -32411.738156729356      
56          -48366.457728417976      
54          -53906.972517630595      
58          -53986.730424341411      
54          -50461.557623049295      
61          -62078.454305405736      
67          -76055.679437227067      
65          -65593.657917947043      
53          -46121.984597727009      
49          -44256.662677495297      
55          -47395.36952948814       
45          -42959.174083369893      
47          -42239.265452489773      
43          -35538.966644004569      
57          -53776.834800300865      
52          -39230.586059823836      
52          -52315.571149309268      
57          -60321.167953192213      
59          -56241.669182197809      
53          -48777.268176335012      
55          -56136.45649789826       
63          -66531.760869650636      
62          -71982.024221016269      
62          -62175.075320109376      
48          -45748.383326391937      
44          -40587.890698046307      
47          -45067.51720264677       
49          -40107.206533275188      
56          -52729.374794117204      
53          -55709.487842085546      
59          -64172.111673682448      
64          -64821.446292728804      
70          -73616.088250320696      
83          -106487.55251481725      
85          -116623.60825718359      
86          -118773.87955197442      
94          -136484.44621417372      
90          -130847.65861986553      
88          -128362.72304915046      
92          -147271.92947804704      
95          -146648.27052120786      
90          -137101.65211811662      
87          -132715.93099874482      
92          -136059.45793765446      
97          -141278.20199104087      
100         -153727.36372322857      
101         -159285.58450649044      
100         -156607.70731460696      
90          -129771.04178701009      
92          -134024.95664506996      
83          -103457.7275366769       
88          -126732.66138668358      
84          -117315.30313946721      
81          -108158.99101596895      
81          -109773.68204840522      
80          -101493.42403020422      
79          -106916.97596663621      
79          -103469.32424848941      
83          -108759.7806405328       
