510 1 -4127 35 35 35
89          -134203.42647560436      
97          -154866.09959210022      
94          -140417.3943790693       
93          -135476.29694416531      
97          -153049.03623491109      
97          -158564.75334213849      
91          -146696.6355839844       
91          -139567.96135838071      
100         -160535.70842160567      
90          -130958.2231729779       
101         -161096.38168312135      
103         -161367.17156232471      
104         -166257.30572869667      
113         -201427.69705368357      
113         -198666.7188146573       
108         -182113.1187831407       
109         -186666.72692293389      
106         -175473.68052366097      
105         -172481.86087928372      
109         -184047.40651370626      
107         -174564.9281175448       
101         -163326.50687018037      
105         -172299.73301570679      
109         -192950.94200331328      
98          -158411.22313287837      
103         -171156.23198778307      
107         -182115.40502858945      
100         -164808.85845804546      
101         -163465.0991373086       
97          -158297.423424907        
94          -140063.13130413112      
86          -124105.75272148558      
79          -113787.13839090083      
79          -106569.48334650099      
81          -114133.25494438667      
90          -128502.33561811513      
81          -104011.9686740019       
75          -89626.980572174405      
75          -95808.21259695878       
77          -100134.78385097615      
75          -102236.94903684652      
81          -110091.40515521324      
82          -106943.94084626919      
91          -127164.95211108086      
85          -120233.82441633946      
89          -125361.5590025659       
87          -123555.11861785155      
103         -169372.00270255134      
105         -170059.18560701032      
105         -177622.35863648509      
107         -184774.04816293527      
110         -195293.82772479026      
102         -171950.86075998453      
106         -181368.35648690659      
108         -187895.08430406312      
106         -189189.726896565        
103         -176535.6526704953       
108         -194716.1412862399       
113         -209939.40053050901      
114         -211050.94855856564      
113         -208517.79196257272      
111         -200601.16717733347      
110         -198909.74728291761      
110         -196723.1715548581       
114         -208245.18211805972      
115         -211052.55877044407      
111         -195145.10787631449      
119         -221329.12319963909      
116         -209898.20332981544      
110         -193751.31352512338      
115         -207736.84383854154      
119         -224775.97701029386      
120         -226412.7466453118       
127         -245008.13223846632      
119         -217460.17510277769      
117         -213171.12628962964      
106         -174821.14681404558      
103         -166475.91103465436      
105         -170197.37176659313      
102         -166918.54165060021      
93          -137144.99941861932      
101         -167047.80768563639      
99          -156297.83528898639      
99          -159350.39130776093      
102         -167066.68126235614      
104         -170684.15707550236      
100         -156668.5122794341       
98          -161182.45213895227      
93          -142517.76701953955      
95          -153260.43602202681      
93          -149832.86939621155      
97          -146793.801659107        
95          -147640.64236416586      
107         -183025.0827289891       
111         -200949.06896454672      
118         -223816.29291262326      
111         -201146.47521338318      
121         -234036.41890821638      
119         -228337.31133324365      
121         -233247.71383967288      
109         -192560.97166714887      
