510 1 -4127 35 35 35
105         -28946.755629460888      
111         -33291.446200091996      
119         -38875.111781006985      
114         -35307.568197705681      
116         -36369.439242212793      
117         -35650.59264653374       
109         -32345.384843480275      
120         -39508.012610551013      
122         -39246.560632963789      
120         -38005.636457200388      
122         -40248.055268549819      
122         -41587.758542356132      
123         -41051.584892347637      
122         -38743.818294465251      
117         -35061.358233519131      
119         -37312.422603708088      
127         -43354.915738357617      
128         -42208.900404888205      
124         -39255.977991817679      
124         -39897.443756255321      
122         -39373.182737098476      
123         -40937.104239239539      
119         -37053.529649655531      
113         -35536.465937848508      
107         -30682.149427582401      
106         -30245.794945583366      
113         -36628.957413862379      
114         -36144.678405000683      
114         -34795.717212653646      
119         -39269.722190463042      
114         -37774.051040484883      
116         -37747.393914146189      
115         -35047.073582152807      
110         -28427.251014609716      
107         -28615.465896318696      
105         -29764.457363909765      
109         -33307.709950186327      
115         -35439.253713873972      
116         -35224.578991886592      
112         -31765.892116930183      
111         -31282.512937635383      
122         -38595.52369075473       
122         -38421.478350926518      
121         -38985.26928402498       
123         -39588.110440255223      
115         -32596.533277713839      
112         -31938.450287204003      
112         -29907.247103892609      
113         -34103.723668596038      
113         -32033.957484007813      
116         -33953.432916893726      
105         -28672.26171705978       
108         -30728.982186088255      
110         -31339.419807416023      
105         -27013.729213775729      
104         -27365.030145783625      
102         -24607.67178999852       
102         -25227.015290781659      
101         -26858.240120514252      
104         -27899.71092971606       
92          -23979.845760985678      
84          -17308.289436531813      
83          -18296.864094315559      
84          -16745.165660561895      
87          -21238.641161783351      
87          -21203.791269798174      
90          -21051.107453770193      
85          -18561.550061023656      
81          -16726.585755619675      
86          -15508.373706685539      
86          -20402.057922338805      
90          -24085.50771932221       
91          -22939.809017681531      
92          -20299.937985724147      
93          -22639.8083642083        
92          -24019.963681595989      
95          -20210.447210361606      
88          -21501.448787442539      
92          -21611.66073239849       
91          -20786.769821060221      
82          -17527.813839461083      
79          -15798.31133178613       
80          -16934.392705859675      
76          -15673.657967990133      
84          -18457.745724168883      
81          -18075.5770749476        
71          -12039.764267726563      
69          -13265.796278786438      
71          -14326.411840473769      
66          -9822.9331780531775      
67          -9991.3292244358272      
69          -13083.4751397279        
70          -11174.814902446378      
58          -10113.466239185387      
45          -6111.4699883435806      
41          -6174.4353176780041      
37          -3781.3624752868964      
46          -5545.7618124115288      
31          -4246.9046948497153      
26          -2190.1572060856106      
34          -2968.6767863447067      
