510 1 -4127 35 35 35
66          -75166.268526709566      
55          -50200.400233229397      
49          -37778.753489285111      
35          -21959.534691084358      
40          -28238.683349659397      
40          -27070.461608893314      
42          -32057.948133114198      
36          -21415.441815412581      
31          -17926.367204197562      
32          -14753.846978239835      
31          -18059.175864459055      
25          -12472.346144009462      
16          -3486.7020951287982      
16          -2600.3406321886782      
23          -8557.8200166428796      
48          -48179.276180975088      
55          -52930.507326755782      
44          -34696.244714904897      
36          -21296.557213299311      
26          -14857.392933701385      
29          -13847.168562442303      
27          -9736.0308797551606      
32          -18761.438236779217      
22          -9440.265114642265       
34          -22484.933424902752      
39          -32633.330874593536      
38          -33870.822918106445      
42          -33194.330202943063      
54          -38507.227537423045      
58          -49126.455201240678      
60          -63058.24421010814       
55          -54721.421672046417      
53          -51613.97864609868       
58          -60553.66159143304       
46          -37684.917030717959      
40          -33027.796804720398      
39          -31724.604085487284      
48          -36669.77098761969       
41          -27557.271501077255      
39          -26889.319007012491      
39          -26924.367997556306      
39          -28047.585398053234      
44          -35630.261755295796      
42          -38781.683100865601      
40          -37379.786698185497      
42          -35188.941861990337      
49          -43557.338479661776      
41          -34144.007836942044      
41          -37061.80225127544       
35          -18932.086622579933      
43          -32414.73413281636       
40          -30341.097051177494      
45          -33065.493378308318      
46          -35968.906265915299      
50          -45227.032801471156      
63          -68663.715651588514      
63          -70208.745592602427      
60          -54618.576409765614      
50          -44375.103079150984      
38          -29558.227537610655      
42          -32336.162784279815      
43          -33147.374991929246      
40          -33152.203162401172      
38          -23995.773109857098      
33          -21371.561751499063      
47          -43396.982168594965      
44          -35485.886957336392      
39          -26895.329904911479      
44          -37618.162106923293      
38          -23999.889163159165      
48          -34840.049874105891      
40          -25843.077789477713      
36          -23709.089279981905      
41          -27996.688258170703      
41          -27658.227174150543      
52          -47445.431774254612      
35          -19197.351625311581      
41          -34607.308889597407      
36          -31474.901850303322      
44          -39165.776452223094      
38          -29123.892670808804      
36          -31773.728751263654      
43          -29753.90772574013       
40          -30376.622257739804      
37          -27744.168532610674      
36          -25499.364670321731      
29          -16154.139997144654      
36          -25562.703973150165      
28          -13990.72763596032       
22          -7042.2606047752952      
25          -9560.6926646597803      
26          -16332.149651605434      
23          -14199.401493136207      
23          -9194.5548569381899      
25          -10885.379336507194      
23          -8678.6110952572162      
24          -7884.0574773807002      
26          -12815.572705535107      
25          -9672.3167303570353      
26          -14710.081133053614      
24          -12756.794475287257      
