510 1 -4127 35 35 35
133         -289992.43717614945      
126         -264878.0184213529       
124         -255202.36650127053      
120         -234299.83699069294      
126         -254011.28527789901      
126         -258023.75567480922      
128         -259518.65638213477      
122         -242208.75612433042      
114         -217640.08802757805      
118         -228325.9512039125       
113         -206141.17227477327      
108         -195271.1796709607       
104         -185727.75459729493      
100         -174713.9001999555       
95          -158716.58476163336      
104         -175160.14041371125      
95          -148444.14248852682      
103         -182884.78631123234      
99          -163243.69658574817      
109         -181848.95118704686      
113         -194987.18336253797      
110         -194838.16705085244      
116         -208185.35042389671      
110         -186851.96675149075      
101         -163505.15970896318      
96          -148823.11786965531      
94          -145977.12268217796      
96          -147814.74687974685      
96          -142902.90733686113      
100         -154279.26998422306      
98          -153033.79473217163      
103         -171441.18775962639      
96          -151982.10309033166      
100         -159907.71960851669      
88          -125752.71055521356      
93          -142183.30110656613      
93          -141766.30579178708      
95          -152653.38056174881      
94          -147608.20701362187      
104         -171016.20663225694      
106         -173171.46178547278      
99          -153194.78623568185      
91          -128639.24576080579      
103         -156906.83051435545      
98          -150127.30057250615      
94          -139358.01647478144      
91          -130547.2856150881       
94          -136442.17317476068      
74          -94130.416150033881      
73          -90431.228671144519      
82          -117223.60334793577      
77          -106927.79665134262      
83          -116338.2469360745       
94          -143370.82342714476      
99          -162535.77594312158      
93          -147504.70236328393      
90          -138955.49590204074      
98          -155935.76525146677      
103         -169092.96680960391      
110         -197032.28039270215      
115         -215010.18843748799      
114         -214825.66795288509      
115         -219944.97711390909      
123         -238784.49870216372      
111         -198967.79253003997      
106         -187683.92550340609      
113         -202046.4410677253       
114         -210544.41342222129      
114         -214934.47795457556      
111         -207270.11685672472      
115         -219781.16669666089      
123         -245428.26812961747      
113         -214875.39862482081      
111         -201824.70475726077      
110         -197647.51554113321      
102         -174278.67115910261      
108         -190672.55191687553      
112         -202135.76063863467      
117         -207980.64119690485      
110         -192707.57654900363      
107         -185252.31415562832      
107         -181432.35824355565      
101         -167402.4131099529       
97          -151831.24308591938      
97          -157840.95321958294      
95          -156486.741592078        
89          -139777.31631158292      
96          -158408.36442809974      
104         -180729.96590434201      
106         -192611.78789710399      
105         -179568.50449519596      
109         -194382.08403765422      
110         -199576.64827499338      
113         -207640.07446925275      
113         -202486.90701794284      
112         -197604.29374165781      
105         -180231.08339512959      
104         -176412.25724732087      
101         -168986.63201853129      
112         -194564.41392821766      
113         -202167.28071742057      
