510 1 -4127 35 35 35
124         -40834.10025689246       
120         -37519.611453106168      
118         -36040.8426659619        
114         -36826.536066383655      
118         -36495.296357646788      
120         -38287.941784934606      
120         -36990.196538182761      
107         -29718.022592285324      
102         -31222.968009221444      
113         -36568.062787074545      
115         -36048.187315930743      
116         -35960.876181667831      
120         -39212.393946939774      
115         -35652.673432729411      
114         -32563.364753325492      
111         -31797.472855030141      
114         -31743.355135657675      
116         -31672.792728099823      
105         -30946.341304247366      
105         -30107.698507371886      
97          -27218.167918349485      
109         -31182.207641390094      
109         -34388.249634135216      
97          -28474.579469318767      
94          -26319.37888476545       
102         -29961.278344612841      
95          -23770.514043244337      
97          -26500.1040744895        
105         -30057.140298174298      
114         -31563.717796387904      
113         -30670.280748471872      
110         -31220.310712787021      
112         -32268.540448148291      
105         -30910.694843426863      
98          -28523.647132554059      
98          -27465.674141226667      
101         -27833.749380159123      
96          -24117.460197413853      
96          -22406.944263775284      
96          -23034.963225809184      
98          -23647.28308109401       
82          -16121.435250486438      
84          -19499.276104654877      
94          -24302.004123997413      
100         -25168.070502063594      
98          -22537.016722035674      
93          -22294.481493011848      
94          -23731.46378240085       
84          -19631.509368068022      
80          -18286.961718130813      
88          -21122.491139679529      
89          -20570.488937684597      
89          -22151.876033647921      
90          -22247.083455146523      
91          -22301.990886294399      
96          -23176.778052830839      
89          -20155.481245263643      
91          -21121.901509740834      
94          -21887.752706425705      
84          -19999.648964106793      
87          -21185.59391004721       
95          -23515.556142848818      
93          -21986.629496904079      
94          -23946.012610633843      
95          -23386.904822410313      
90          -22515.998637143945      
87          -22806.485496472756      
95          -23221.022949994669      
91          -22445.074378372497      
83          -18172.289646640322      
80          -15224.315562360885      
72          -12636.383006669132      
73          -15044.605748785421      
78          -16919.178562523237      
72          -15968.947218496774      
78          -17295.160381855221      
86          -20569.187225618112      
88          -20695.079153902137      
73          -15117.141615347597      
74          -14421.856045701728      
76          -16628.795114880751      
69          -14304.758851355593      
83          -16924.531727892394      
91          -23386.133870641552      
97          -23891.741321260943      
96          -23831.573447884413      
101         -25721.74148473789       
99          -27364.379033800134      
99          -27498.624352617015      
106         -29969.295826332793      
104         -24418.78447341725       
100         -25517.813867031735      
110         -29080.08193349023       
117         -35079.105038011701      
120         -32639.941383778736      
121         -33422.692098307532      
121         -35965.447296646766      
118         -36910.168603003505      
117         -32862.449519448186      
119         -37361.214181000316      
114         -32177.014321662718      
