510 1 -4127 35 35 35
110         -30712.254960138187      
103         -27449.821479978873      
103         -23356.389428368053      
100         -24145.94506501186       
99          -27425.22470241733       
96          -25408.946103594888      
84          -20394.866243030658      
88          -22553.474912376994      
94          -25194.200510121882      
87          -20534.740693900087      
88          -20414.060069734085      
83          -18377.802691158791      
91          -21544.767539433102      
90          -21271.279604756412      
96          -22650.040483009874      
87          -21963.281399052728      
79          -17587.985440308428      
73          -16262.109485188606      
75          -16429.16814344161       
93          -21958.304829927871      
103         -27843.487040851414      
101         -27996.37209605821       
102         -29007.1929968683        
83          -18642.182957370886      
72          -13885.96545615755       
69          -12393.062655354865      
76          -15373.115688599586      
75          -15627.022717321097      
63          -10604.071446991058      
68          -13314.189482489906      
67          -12691.00220603211       
67          -13059.772862897877      
73          -17839.727233057987      
80          -17550.32235175907       
67          -12416.679531989603      
66          -11890.582426770134      
62          -11840.266052271687      
59          -9996.198560195864       
63          -11428.139573850458      
62          -12699.815009537539      
76          -15729.55902503265       
86          -18909.615485430983      
88          -21583.899900973265      
79          -18230.364899010474      
81          -18173.119805639548      
77          -17713.444892683463      
70          -14076.18951841118       
76          -17046.344967322664      
75          -16181.800951667949      
75          -17393.777439958078      
82          -20114.00287992015       
90          -23318.979580744948      
90          -21787.478325810705      
98          -25295.550113288777      
99          -24630.304468950428      
92          -22828.57305536278       
81          -16518.995199397319      
84          -18026.920941680575      
82          -18972.636903277511      
90          -21063.354243655915      
85          -18873.248596726073      
81          -17890.137900090031      
86          -20281.305382811857      
92          -22040.078328544227      
96          -23347.694820339013      
101         -27698.831054909162      
106         -29752.144252671031      
106         -29761.061187727038      
107         -29675.516028791801      
101         -28636.709775107494      
92          -23819.505402037837      
88          -24802.100826304621      
80          -21406.36390229407       
87          -23826.901145803793      
88          -23437.532724065186      
87          -21543.652641619468      
88          -21349.533467053501      
87          -20305.409814391111      
80          -16956.716684372346      
85          -19173.158950276127      
86          -15880.042232433594      
80          -16353.640626822764      
78          -15400.794086382313      
88          -20036.759016869473      
89          -18830.030831916822      
84          -16779.992754835632      
96          -20738.480021427495      
92          -22987.695924498592      
96          -24352.714981191712      
99          -24308.823089846555      
88          -18614.200127369841      
74          -14018.352048062699      
72          -14636.084842313838      
83          -15880.200253075007      
85          -17989.281542028584      
83          -20584.926845960792      
92          -22451.990154564959      
83          -19665.737555122741      
87          -21693.875284346344      
101         -27857.13116899367       
92          -21951.854342757422      
