510 1 -4127 35 35 35
97          -61741.112528412355      
113         -78535.013308075737      
109         -73009.554157606413      
108         -70541.463997360523      
118         -81937.237403302322      
119         -81882.105152384436      
114         -74051.577660230338      
111         -71321.671063557558      
117         -76350.434175802206      
123         -83647.889705618363      
125         -85431.073967938893      
126         -88843.909399602577      
119         -80792.233255062602      
114         -75317.561759173492      
118         -78502.326755959657      
115         -75775.257991315841      
114         -77106.475527105576      
122         -86028.27794182385       
126         -92253.361677129578      
126         -89340.311527273894      
131         -97455.299667659565      
130         -97635.990535509787      
121         -85433.946265226055      
122         -85542.435303366554      
116         -80909.631908040334      
116         -78618.475128105478      
128         -93411.160527891159      
122         -86776.860617895305      
123         -88852.080827285827      
117         -77337.207401675711      
116         -76587.281084139671      
105         -66136.286244147457      
112         -73667.520859713448      
108         -66872.859192719945      
113         -68446.601068722404      
113         -72196.266464774919      
117         -72669.248207063036      
120         -78644.901928919426      
114         -76032.667774870497      
115         -77222.59720680771       
111         -70819.060792266318      
115         -74540.734365801924      
116         -69935.583895830059      
117         -77683.921395865837      
130         -93852.634090013657      
129         -93969.690567061232      
133         -102729.79583999916      
135         -104883.96700297111      
125         -89898.839060182261      
119         -80907.961631252241      
104         -62927.249516256095      
103         -59261.858219794121      
102         -60280.900194827467      
100         -58887.201190428452      
112         -69494.558393826475      
106         -65294.366622021778      
108         -67855.609260123267      
107         -66345.280512324345      
108         -67164.12681485909       
115         -74098.425871500018      
117         -81882.725953067376      
109         -71571.508408729525      
102         -62640.001244794694      
97          -56898.926492640836      
102         -59300.328986978471      
104         -64310.830887029835      
107         -66429.579473443417      
114         -74344.64285979628       
108         -68856.281900896793      
109         -68812.356708991661      
101         -61154.929605189122      
100         -57138.852413718654      
98          -55987.240207764597      
95          -50056.536200893897      
104         -63111.982741884211      
96          -57035.304093351151      
82          -43783.038209232189      
84          -43845.128283718448      
73          -33689.440367360672      
78          -39857.537094025902      
80          -39108.814314561292      
85          -42105.44775816561       
85          -43454.740169669036      
79          -35372.72323984305       
79          -32447.977060806541      
72          -27612.350349157434      
65          -26693.101478289453      
61          -20384.87032702081       
55          -18182.438921170353      
53          -18588.510762484722      
60          -24902.952614722315      
46          -16153.513189497848      
44          -14992.820838353889      
42          -13013.869111596016      
43          -14392.841972094735      
44          -13681.455980246768      
47          -16148.793303604491      
44          -11986.75866644326       
38          -10598.103939580968      
39          -11690.982581251326      
40          -11831.073775508719      
