510 1 -4127 35 35 35
89          -127492.68023038571      
89          -128333.66420328018      
88          -127155.34466778296      
91          -133648.72243175693      
93          -135692.69583504036      
101         -161732.04101333173      
102         -162517.49805802418      
94          -145509.81993156622      
99          -161207.40819663747      
109         -186647.64475455738      
112         -201371.88026095158      
121         -234322.61772201664      
119         -221650.79145838149      
119         -226317.79876972578      
112         -201096.37776064238      
111         -198803.31949773672      
118         -221133.12145416415      
118         -225294.8158062009       
110         -193231.57117155776      
106         -176950.78777452742      
104         -181951.09779678032      
100         -174774.34174578357      
101         -177189.97528233068      
107         -190712.40136213443      
108         -185016.00652649556      
100         -160729.66051311465      
101         -158182.24475253685      
87          -118500.24531244615      
80          -104906.03497927844      
70          -77256.137532733032      
68          -77462.871007952708      
67          -67122.262616788124      
59          -59535.203569261612      
53          -50014.737767004408      
53          -47194.895336731475      
49          -43379.72346273587       
46          -39217.314690416133      
50          -55736.933544338979      
56          -61836.403427507859      
52          -49879.368897419758      
59          -60866.435033517278      
57          -62557.864422943756      
60          -66473.505000660807      
69          -90017.883033968799      
73          -95244.558842176411      
79          -109723.88914141009      
77          -111907.61983448184      
86          -130510.35172730382      
94          -138120.08562911014      
78          -99683.691235343664      
76          -96651.849722889776      
80          -109742.28276637316      
87          -128672.50457988525      
86          -124033.62001667742      
78          -99397.155283914646      
70          -87798.443948890781      
67          -81207.799462620518      
66          -71217.736183925008      
64          -74876.340036110603      
69          -83106.585823801506      
46          -43838.817560929965      
41          -35130.181844366678      
41          -29747.927042513897      
49          -42794.424535550032      
42          -32462.892643619609      
45          -36178.270370295024      
43          -40084.350009444468      
37          -30899.547528925636      
39          -24747.67345845946       
42          -27162.755881417768      
42          -33296.694232288995      
29          -14440.634248860735      
37          -22656.613937999682      
45          -33344.102083504578      
50          -43146.433082567535      
44          -25964.525488175681      
48          -45163.281829598105      
44          -30970.648617064744      
35          -26707.484161502955      
32          -17766.367726214412      
32          -19707.010852798943      
36          -23445.080243733748      
32          -14207.236660057772      
37          -26811.846875904674      
40          -28586.880077779788      
42          -28535.777475633855      
38          -26188.135179436023      
42          -31815.13515577107       
36          -23323.302891661093      
22          -8484.7919476244497      
23          -7058.5908314197395      
21          -8120.6565843608878      
18          -6270.5704841454881      
22          -9320.8318736753499      
24          -9383.6059113800766      
25          -11415.547562781068      
29          -13973.245859264282      
28          -14152.244987117945      
31          -19270.880527986246      
35          -19257.393165087247      
27          -13446.34344066108       
