510 1 -4127 35 35 35
65          -65679.964561661574      
58          -55605.364433033312      
43          -29960.021936495112      
35          -28093.656195095431      
28          -17987.577959505248      
21          -7497.475674775349       
30          -17394.827800638555      
36          -23428.327184826172      
23          -10672.439429320284      
31          -19822.380255456737      
34          -24608.934774653942      
28          -11431.415420732081      
30          -10819.175396977846      
40          -30114.40422556147       
36          -18975.942710077888      
43          -35642.144979113611      
53          -42902.456375570597      
45          -32343.965829109624      
51          -50802.801540930181      
53          -52564.987293853657      
54          -59478.756631425473      
49          -50472.30133985338       
40          -36058.165675354852      
47          -40782.106148335828      
44          -37083.828235778019      
36          -23516.734415822062      
49          -40216.057193742425      
57          -52870.618671418415      
58          -62720.051280865911      
57          -59446.422604391257      
63          -66657.0761265537        
47          -40284.66185994121       
43          -29223.026415293461      
41          -31027.33967647536       
40          -32509.479185025401      
45          -36286.521233602762      
48          -46236.199835722         
59          -64112.362456536626      
59          -66348.772111411061      
64          -77394.243537325121      
66          -82362.23917128428       
66          -78004.561381295964      
67          -80125.863013275448      
65          -67930.168349564032      
70          -86430.770374703468      
72          -88052.883148093766      
78          -105124.63184021297      
79          -103345.07544483538      
77          -96115.54049041064       
88          -126245.66101961964      
85          -126623.92351998016      
82          -111682.09985506836      
79          -106448.50894900132      
74          -96738.330628055308      
84          -119432.58502047331      
96          -146195.16113925612      
98          -152433.24422254035      
100         -157213.8840003942       
94          -137852.10469346016      
104         -168621.1862685348       
107         -172400.71096133452      
104         -177639.49756676736      
99          -154463.36505780337      
105         -175682.55671882717      
104         -176651.11902287288      
101         -163811.13770215728      
112         -194153.03923101281      
109         -195736.75707500087      
111         -204715.92091375581      
116         -218572.17778590019      
117         -215824.14139980794      
112         -199800.29593605266      
112         -197654.23003618099      
111         -201472.04310270512      
120         -232246.06291883253      
122         -247722.62411025382      
120         -239084.32393472461      
121         -238922.25268719086      
123         -242730.56549428366      
120         -225823.84838711406      
117         -209662.91382080744      
122         -229631.01497089656      
121         -227214.95054170681      
120         -224746.07585074654      
113         -209761.65186077604      
113         -212051.23515494322      
106         -187591.11681081844      
106         -187648.93758485108      
104         -182091.78303444322      
112         -201512.59464319365      
109         -187432.23848123604      
115         -208050.37637313874      
117         -216833.60750942244      
108         -187430.47862495601      
106         -185615.67517168249      
102         -175482.65710192596      
101         -175850.49876980943      
100         -176430.29690324783      
100         -173754.74574430491      
95          -160495.61864308576      
97          -168325.62299830723      
