510 1 -4127 35 35 35
56          -18287.932600921788      
52          -18741.208959282387      
45          -11259.997119372529      
39          -7394.5913887248553      
36          -6310.4279825218446      
25          -2986.2137358550217      
18          -1940.7699492085792      
22          -2573.1991575662655      
33          -5925.6258646402885      
32          -6520.1272653851738      
26          -5001.2363825138027      
28          -4966.3816354829141      
30          -6593.3023905736709      
22          -4315.1201040566666      
24          -4869.4642015506033      
23          -4657.7400203887928      
28          -5334.3501891692758      
25          -4742.4104165283852      
25          -3517.9243149023141      
25          -3193.2424738806699      
20          -2975.4392574515973      
26          -4152.7868364523611      
20          -3964.8929138278741      
34          -9075.3397505084595      
41          -11194.894357534571      
47          -12751.183123421963      
55          -16572.950267530017      
58          -18193.507504427631      
60          -22012.620133499175      
54          -21405.227937370419      
60          -25652.077367583039      
59          -24302.424209335812      
56          -18190.975252747277      
36          -9958.9335177752691      
36          -8937.6066172191513      
40          -10272.478452781206      
31          -3717.077304246679       
22          -3053.739464107096       
21          -4977.2457272848314      
31          -5077.7754287844273      
32          -5330.439412486101       
30          -5211.040002286848       
25          -5049.8645487455651      
43          -9209.7548839348001      
45          -11171.254735574528      
35          -7045.298328488303       
24          -2977.1643169436852      
42          -11138.874944990697      
41          -12346.496617608302      
45          -12715.247497628267      
47          -15378.216779636621      
42          -9906.126961294578       
39          -11197.68031636838       
34          -11998.049384080738      
24          -5050.8743271074836      
33          -9016.0652391302174      
41          -10898.808309007567      
40          -9657.5867377362101      
34          -7715.9074885228001      
22          -2854.1640717586261      
27          -4897.6596221060636      
19          -2166.4255342094025      
27          -5358.8158026990377      
20          -2899.6154007809723      
17          -2283.6111369287137      
20          -2663.4852787754849      
20          -3170.5631291359996      
25          -4477.6022907116112      
30          -5386.065326108831       
26          -5552.7258356319107      
37          -11062.918718077237      
32          -9178.9724980924166      
32          -8766.1662503898096      
44          -11192.301964312124      
51          -17802.649076111251      
56          -19798.051637970711      
54          -16825.729930430654      
52          -16171.694099757082      
49          -13421.800819177721      
47          -12368.239789657184      
40          -11594.943090945473      
45          -13047.448709062664      
44          -14158.542876099911      
43          -11831.710062583614      
38          -10048.060174562181      
41          -12893.674297627636      
47          -14794.716470101617      
43          -10269.13793815455       
31          -7306.8137593477177      
36          -8972.5246110772096      
36          -10592.522048562138      
28          -5120.0157924310242      
33          -5508.3299741845885      
29          -5315.7282997123029      
28          -5594.9827787310396      
21          -1573.2249486731375      
28          -5465.1410834513954      
28          -5153.0161064391914      
33          -6957.6943293136746      
21          -2514.2986292163341      
23          -2958.2702687025535      
