510 1 -4127 35 35 35
34          -21901.301256183771      
38          -31409.033170996077      
40          -26985.630002523587      
40          -25042.22138946184       
38          -25932.294787408991      
43          -41324.077350504005      
43          -36125.028505979099      
43          -42207.816131430671      
46          -36271.997606888923      
50          -40647.769005025897      
48          -36544.635213500369      
53          -46461.144657388679      
60          -59136.218154126167      
50          -43544.134894678682      
53          -47592.187913579757      
45          -37796.073112893893      
58          -56046.767192733379      
46          -35408.574705671213      
37          -28202.032018217702      
38          -25302.146118407749      
32          -15064.085992244445      
22          -9481.4196076025182      
19          -6710.7368570952685      
27          -12732.776298945544      
28          -16070.266839186897      
34          -20080.317281268137      
33          -21873.886141201911      
42          -26956.016961688139      
39          -26992.8290630474        
32          -17870.778074137605      
22          -9677.3022428255936      
24          -10258.578878515225      
24          -9742.2891895640369      
21          -5308.0062189222317      
15          -4671.8740157480997      
21          -7505.5101779462429      
23          -7024.9763751520095      
23          -7363.9457113121271      
18          -6374.5734877164123      
27          -14673.14027645737       
31          -18742.710057853114      
32          -19746.302063275307      
27          -12131.118883698511      
36          -20507.665166031169      
23          -12635.422156840785      
24          -8679.5014018991496      
25          -10251.532614400407      
32          -18407.175370372279      
33          -20369.519342644206      
37          -18230.974535274785      
22          -8561.1707457059947      
33          -19143.40633023993       
29          -13568.962544476655      
21          -6953.9693614449043      
22          -7814.0258097895157      
20          -4566.1230581467744      
32          -19440.227846736077      
25          -9253.4994847750877      
21          -6994.6154228959558      
28          -12147.207796951692      
32          -15542.703415380478      
25          -10563.674639200404      
25          -10309.67821441126       
29          -13430.771917739765      
31          -16585.336866982918      
18          -6023.6100593772553      
24          -12398.904400176049      
28          -16240.402310053465      
26          -12377.180622554715      
17          -3356.6495076742826      
22          -10234.782138011587      
30          -17318.555234576041      
32          -18259.315689599265      
38          -30985.751390354515      
45          -36339.030684724392      
48          -39283.52388670302       
50          -40593.720390367009      
53          -44229.437522027016      
50          -48984.563133944954      
43          -39723.326998536169      
47          -45799.150146169937      
47          -43892.089525272844      
52          -40470.459227880623      
54          -50920.835506479889      
52          -47886.814475404375      
50          -48002.715750114614      
42          -31191.713260375702      
50          -45479.980197093908      
46          -38210.696220074758      
39          -36407.00149471702       
52          -47170.17684347766       
46          -31988.289937094232      
55          -55208.0053183856        
58          -65757.052829856926      
56          -55972.652193331262      
51          -48981.876874160014      
52          -48878.868634700055      
51          -47512.552672175036      
61          -60314.671525602411      
66          -71756.769013361714      
69          -77569.075994465413      
