510 1 -4127 35 35 35
115         -200627.94516417134      
121         -219515.52891689324      
111         -187389.6592192332       
112         -191227.97076541567      
116         -205247.90066395173      
110         -193501.36628410622      
104         -174710.63527853478      
93          -140610.09529608939      
94          -143545.04366897294      
91          -132488.31623168325      
98          -150982.41443920691      
104         -167742.03848564441      
115         -200042.74404109109      
115         -199585.99382135516      
118         -216221.737723912        
116         -214089.56668983668      
105         -180776.92258388569      
111         -199944.02005216578      
115         -207526.29540440673      
124         -239834.0787716448       
125         -246941.17499074052      
119         -222827.75720844013      
124         -238371.71270460563      
119         -225824.00208647855      
119         -227834.14060394754      
118         -226176.29767366653      
121         -229242.00505867146      
125         -246483.96864426773      
124         -240345.08638424301      
122         -229987.13920898421      
117         -221957.36213888222      
126         -247378.08136319372      
131         -261385.66767223013      
128         -256017.60916534215      
118         -214567.02542584986      
113         -203145.7004955803       
121         -234217.34851708481      
118         -227830.8065972247       
115         -211897.87253860399      
113         -200900.01591535565      
120         -224676.0572521248       
120         -223551.17045518427      
122         -234157.28351885031      
126         -249473.8394918057       
123         -234434.25656095162      
119         -216835.1088546823       
107         -180673.38293154992      
100         -158989.84492907504      
107         -183405.78813665226      
108         -184063.1571264049       
108         -177648.32847860092      
112         -182787.25470791786      
110         -181471.79327351123      
109         -184313.52751500375      
108         -183780.41077655178      
106         -172527.59851710655      
107         -184775.52011038328      
103         -172657.87325606917      
106         -176091.91326947024      
106         -184955.76578222343      
108         -187714.46290922197      
111         -204344.8943182588       
117         -223984.73710991273      
114         -211791.89218804755      
116         -214901.34530407473      
119         -218577.80834558231      
116         -216025.25935373091      
107         -187726.59971475819      
113         -201649.29883274419      
116         -210464.71828887067      
109         -184460.87350866242      
109         -187062.53789034678      
108         -184327.94119786969      
109         -195517.16046621982      
105         -179669.28776986356      
104         -162848.3347288545       
93          -138131.94349862752      
95          -145720.49718162359      
86          -122710.88439626973      
85          -118357.78913120029      
82          -109438.84847647522      
88          -126899.38729984791      
91          -134375.71610279367      
95          -146009.03627411957      
96          -150160.71454085381      
97          -151845.86211533649      
97          -151814.90189253792      
92          -133710.35333247748      
92          -140281.70839527232      
94          -140041.18849756173      
104         -172902.26460402497      
107         -179839.8757612445       
120         -220925.99462222986      
113         -196013.88856308351      
119         -212823.9120877583       
117         -218711.39570050678      
123         -235600.07819856057      
119         -221360.78322583257      
116         -214020.5819044206       
117         -219448.42169619733      
121         -235487.65881129642      
