510 1 -4127 35 35 35
82          -38644.800265739024      
87          -41585.28836584599       
90          -44990.874444779722      
84          -38881.362707246102      
84          -41710.824658234684      
86          -44369.223108543192      
94          -50968.639740836625      
94          -49460.331562336774      
87          -45279.148835199318      
92          -49020.498240988789      
88          -43739.234335416513      
94          -51786.966340445768      
84          -40098.291065455487      
82          -40212.347763171776      
83          -40833.106005219917      
78          -37538.594226173176      
77          -35170.787824529201      
86          -44165.685678737391      
92          -49252.81357441107       
92          -52128.189277970807      
88          -45134.921214815782      
93          -46663.935577737757      
84          -43632.562010238973      
88          -47236.235334538025      
76          -36219.610930921743      
80          -40073.845619652813      
87          -46899.068176833491      
103         -60831.236581235586      
100         -57149.986970131802      
97          -56256.944836633105      
100         -54240.4565500479        
103         -58127.617147362595      
95          -50634.893327945814      
94          -53258.59708791782       
85          -41642.003296483177      
82          -38558.667303256123      
76          -31723.758313290789      
87          -42737.861099968977      
81          -35042.299708907369      
85          -39586.149825778368      
80          -35119.676122465331      
67          -29281.776496885279      
61          -25609.96569939554       
64          -26644.256977906971      
56          -19398.840134326518      
70          -29511.954438196048      
71          -31129.155029141777      
75          -34772.596784840454      
83          -41969.812982298987      
88          -44856.025393553646      
97          -50062.72126236411       
102         -59268.610589231874      
98          -57397.400535758235      
96          -52432.644784098833      
101         -55572.168114593951      
93          -50275.710032284274      
85          -42918.533876566216      
87          -42242.625082079714      
92          -49029.971840510414      
87          -46445.739534897002      
86          -43504.683639875169      
86          -40486.201948752896      
89          -44628.47332421007       
92          -44790.238120567396      
93          -45492.36407233651       
93          -49278.1640173165        
97          -53381.94372295466       
84          -38282.332574728018      
75          -28460.688674905323      
68          -24776.952119370486      
52          -15983.063453904715      
69          -27937.743362419958      
67          -27159.890418451152      
70          -29763.745361375142      
81          -37399.020810090995      
71          -30826.494621085709      
65          -25182.036301618769      
73          -28593.15673426367       
72          -29434.415732254343      
69          -27555.457405673616      
65          -26275.109066267851      
46          -15069.801855012522      
38          -12005.964556793071      
49          -17082.860904919791      
43          -12866.485771669941      
35          -10457.92222956747       
19          -3544.5324173967979      
23          -2815.8227458668171      
17          -2852.3333033418912      
16          -1566.1920183548243      
30          -6081.6443072429201      
29          -4981.3171050744058      
12          -1400.3604732884801      
19          -2822.5012530566137      
15          -2525.556654646286       
30          -7362.1579938476707      
24          -3673.0806772772189      
37          -10640.044991115979      
16          -1169.5240288401792      
25          -3363.685332263824       
28          -5354.5895287967023      
