510 1 -4127 35 35 35
115         -70374.290558408218      
121         -73805.725897768585      
111         -65324.860726852938      
112         -67639.665199004055      
116         -71499.642004613532      
110         -66544.165139460354      
104         -62739.103749928305      
93          -50394.32500142404       
94          -48879.977625430205      
91          -46413.359945540957      
98          -53015.442255340793      
104         -60663.830386653091      
115         -73511.08536986704       
115         -73153.436758322103      
118         -79147.310311116598      
116         -79014.553054106669      
105         -64391.523534190841      
111         -70114.334404900423      
115         -72642.034334243581      
124         -84179.62205431459       
125         -87861.54384824702       
119         -78688.667626569571      
124         -85916.496956432209      
119         -81368.065170777132      
119         -81555.741839259004      
118         -79498.862273619088      
121         -81856.711769392743      
125         -88832.856669767905      
124         -87219.694145696762      
122         -82305.482790831375      
117         -78542.035695084371      
126         -90342.055279741631      
131         -95290.605631196857      
128         -92327.295558820799      
118         -76918.101609682111      
113         -72134.424111634929      
121         -84147.122295487701      
118         -81535.503033481713      
115         -74550.781563157958      
113         -72278.264731676376      
120         -79142.224877456436      
120         -78053.313012953135      
122         -83383.506052653596      
126         -88281.451955080047      
123         -82649.014731395073      
119         -75184.104032713818      
107         -62198.351332779712      
100         -55721.707018252171      
107         -62808.176022571206      
108         -62940.171171541573      
108         -60745.927943563147      
112         -61940.474926824842      
110         -62724.659052123337      
109         -64257.521319076906      
108         -64975.117328644599      
106         -63501.423248109946      
107         -64569.82185249473       
103         -57832.374556489463      
106         -58271.393772045463      
106         -63282.743616329899      
108         -65315.779513499991      
111         -71413.039708577591      
117         -78026.198825672618      
114         -75555.354854947189      
116         -77458.080562543342      
119         -80137.417603392634      
116         -77722.757670438092      
107         -65255.646858656313      
113         -70003.016613528845      
116         -74001.710690816879      
109         -65085.023018236177      
109         -66211.914503437816      
108         -64828.62450809899       
109         -68985.528191258083      
105         -64278.675466872242      
104         -57958.102276765443      
93          -48779.332230418848      
95          -50936.213565544647      
86          -42098.22116254385       
85          -40428.120820829077      
82          -38332.862132854185      
88          -44853.711145048888      
91          -47267.275523360018      
95          -51514.67266809698       
96          -52970.482862201454      
97          -53531.479737497095      
97          -54078.78660691157       
92          -47138.172595990938      
92          -49127.00836987111       
94          -48908.617921283956      
104         -60978.170593436909      
107         -61442.914621430144      
120         -78425.061535020199      
113         -70660.280452564344      
119         -76879.793789821764      
117         -75138.897324198333      
123         -84872.577160372632      
119         -79916.824478147028      
116         -77112.492031144735      
117         -80756.846983863885      
121         -81995.686157731499      
