510 1 -4127 35 35 35
101         -27511.155273384247      
103         -26184.740796765775      
105         -28041.461677165687      
115         -33138.887076673236      
118         -34410.147812796953      
113         -31711.928068722726      
120         -35463.675395838989      
122         -37978.512071340687      
122         -37005.55962329109       
117         -33642.499385026582      
104         -27552.187930036936      
101         -25084.81303440973       
93          -20555.425287523853      
90          -22279.862129513844      
94          -22468.890666687967      
104         -29532.487585475512      
111         -33719.320465034842      
120         -37724.024453390914      
117         -33950.157401264893      
124         -37444.023677805351      
122         -40153.55386750582       
124         -39702.435093350912      
119         -38784.828805389254      
118         -37563.23672109795       
119         -37658.897188912706      
116         -34400.509850085589      
115         -34667.57961875233       
116         -34450.690167014058      
122         -39240.29304274734       
129         -42309.037435955943      
125         -40422.6926133378        
124         -38694.455535482048      
125         -38411.685204119618      
122         -36067.195021424952      
124         -37774.819437719954      
123         -35600.362398042882      
127         -40574.135776209652      
123         -39500.09453492755       
129         -40623.963574494061      
126         -37264.642677679709      
115         -34252.058631488879      
113         -33182.377601085907      
110         -31680.181828492412      
116         -33033.492763982598      
110         -30134.162917220518      
101         -25815.724136096145      
94          -24655.708885228749      
97          -25261.951035315429      
93          -24026.740195968465      
82          -20743.492963695113      
82          -20456.264129279327      
88          -22384.949059312417      
83          -20190.633397485337      
90          -19774.020517313169      
87          -20510.928883323351      
100         -26603.788298957545      
93          -23716.039384212698      
100         -25464.132166505773      
97          -23990.405038767152      
97          -23287.923981507542      
96          -21308.36522113856       
97          -23257.869017207624      
99          -25787.256446529886      
97          -26386.613662324184      
104         -29824.547688945975      
97          -22881.313113322987      
108         -27870.78214729144       
109         -30290.838141795586      
115         -34048.381233449043      
114         -33600.59486648201       
121         -38410.734695857136      
111         -30298.231741200732      
108         -29861.674968420106      
109         -31629.337610278686      
106         -30254.107881510485      
106         -30406.398653667591      
101         -25869.838958434397      
97          -25157.418791913991      
99          -24910.545830262272      
96          -25750.718592477377      
90          -21931.6742339716        
93          -23094.313782493977      
97          -22925.76531929072       
102         -29411.948444441547      
93          -23252.566516019662      
88          -20399.567997456379      
87          -20571.025717822609      
93          -23294.905346738262      
96          -24861.676914680262      
98          -24679.995419697272      
103         -29410.620717163511      
105         -29876.245958022791      
105         -30369.235175148995      
108         -29482.762514091573      
111         -30565.314381907905      
109         -32684.937491877783      
105         -29357.824959560458      
103         -26519.951935065732      
109         -30139.538415622243      
107         -29054.957291050017      
115         -31145.034265025861      
