510 1 -4127 35 35 35
127         -42858.186816858797      
122         -40866.048019631482      
126         -41542.01158872449       
124         -38169.618567154757      
120         -35241.956520529566      
117         -36181.205770793902      
117         -35767.00655217233       
116         -35225.581157429588      
109         -32842.633101750122      
106         -31383.907700835196      
103         -28173.161955649459      
109         -32759.560104812583      
110         -32196.674121996606      
116         -31360.04238775279       
116         -33502.85814549325       
116         -33796.000795144515      
119         -35271.41679608266       
116         -33085.226923841554      
119         -36748.561073153163      
119         -35847.984219105194      
121         -35965.170074493093      
118         -35841.642301252083      
128         -41117.473067498147      
128         -42294.061817099326      
122         -36971.910511493013      
128         -41898.272395354848      
123         -39142.456837441496      
119         -38302.089504610231      
120         -37662.860946481444      
119         -39045.625470800311      
121         -40038.613187949479      
117         -36535.459110979529      
119         -37954.272428952099      
123         -37773.020516484845      
124         -37216.001809742098      
118         -33070.846937467184      
112         -31618.121471374609      
114         -34952.751876631643      
114         -34511.830895268802      
127         -41157.562175236439      
123         -38331.261781717905      
125         -37531.353906379729      
115         -34773.614196854192      
114         -34010.823364187672      
119         -37885.521588019074      
123         -37238.95184018623       
121         -34275.592161788409      
122         -35043.534395871444      
119         -34439.452779362284      
127         -39693.891094130275      
125         -39111.526811497126      
123         -38073.938859795933      
126         -43219.907349403795      
127         -44354.353496968026      
121         -39354.507811963849      
127         -41220.339337238649      
121         -35816.269105416788      
125         -37992.373828093936      
120         -37698.581647283645      
123         -41734.987864533468      
133         -47699.584605019569      
133         -47707.204961751813      
128         -45544.162669890749      
123         -41822.43838817822       
122         -40489.292967002453      
123         -41474.457270301478      
124         -40316.400237374721      
121         -39251.245304281787      
127         -41729.562894263821      
125         -42230.504193086956      
123         -41944.060797490842      
118         -37731.17740460737       
114         -36761.568803273301      
110         -34247.462926825829      
123         -42008.452575628209      
130         -46476.292466739993      
124         -42511.071374984138      
128         -44339.63628942256       
127         -45439.045646678613      
125         -41712.94779831198       
124         -42078.803107430998      
124         -39576.659456188863      
117         -38122.948378820045      
117         -38641.576589761236      
116         -37651.563656174658      
110         -32938.09090795205       
110         -32066.897530564253      
99          -26156.460331707054      
104         -29097.888052060029      
105         -31351.279860346232      
103         -30457.282382773679      
111         -32100.868944436104      
110         -30640.397609400661      
118         -32162.449825827709      
124         -38574.846608530846      
122         -37725.878434961189      
114         -32493.921503102534      
108         -30948.244800405431      
106         -30963.66183133117       
106         -31126.835639821253      
101         -27827.247455845925      
