510 1 -4127 35 35 35
31          -14414.021091269962      
36          -23509.349807392249      
33          -19901.52774561206       
31          -18242.135539458548      
33          -16707.905468307497      
23          -8956.737007403186       
32          -21107.507077028964      
26          -11904.719523303876      
21          -9439.7484016115595      
27          -12630.571191949075      
34          -22087.673123517376      
26          -10626.432103446157      
31          -21670.838787694003      
36          -25831.411835689385      
33          -21641.066387636907      
29          -14536.576952136364      
29          -24693.942557345905      
24          -10204.737518394644      
21          -7621.9217829856534      
25          -14828.8829683938        
26          -14009.173326602679      
27          -13161.595523778795      
40          -26276.566568447324      
36          -22740.226448063579      
27          -13163.298350277029      
27          -10338.214093869386      
20          -9402.854745787663       
21          -8875.0001625491332      
23          -11894.213413885571      
26          -16424.376900851556      
20          -11159.929939661874      
18          -7072.7895937635503      
21          -9059.2810948638617      
28          -12828.622344402173      
25          -12498.546191076166      
38          -31022.930038236667      
42          -31679.175758258207      
45          -40217.003285400337      
54          -44716.65975258925       
59          -55201.231722038807      
58          -49771.295381890239      
61          -62049.317827485749      
59          -54620.982806961307      
57          -52148.838256551695      
44          -33623.065466225926      
51          -49281.880186677648      
51          -49302.154758549979      
44          -41961.017198092974      
35          -26920.847646314385      
47          -33591.302304010263      
40          -28249.02415677538       
37          -24950.259861507562      
49          -38068.356405924693      
42          -29205.714332999742      
48          -35144.131254991684      
49          -43986.811329117932      
34          -22849.309910235756      
32          -14195.807008736612      
29          -11870.651583250625      
27          -12198.465706022513      
25          -8023.993809715098       
30          -15003.761421015904      
26          -13462.316253830795      
41          -25129.553868335428      
43          -28719.62276100805       
36          -24767.774646863159      
32          -17447.269298402414      
28          -13592.356985536266      
33          -14122.946594004288      
29          -15868.883715447186      
38          -23926.227773823666      
36          -24506.326470056189      
35          -25650.492519130243      
38          -25780.450665858451      
42          -30085.915391825401      
54          -52336.76581256956       
52          -49945.143075576343      
51          -54872.594837797471      
56          -59604.132585925196      
57          -59786.107375092572      
58          -63470.115809584575      
58          -61962.528764699629      
58          -54609.892670775494      
54          -48691.462977600175      
46          -33977.451317834035      
53          -46285.894242929906      
59          -64808.480514976407      
61          -66704.305880631538      
72          -82269.353020280774      
71          -80849.629181126802      
72          -82754.968008055366      
70          -81771.819161213527      
76          -96742.399312017456      
73          -94494.05245094448       
77          -99797.820687619213      
90          -129715.85314263939      
95          -145940.34367974172      
99          -155421.10999674597      
105         -176932.68280788296      
110         -192494.07057862828      
102         -168260.64904875407      
