510 1 -4127 35 35 35
110         -195226.73536063638      
107         -180104.6715639435       
98          -152339.35073130377      
96          -162308.23406300411      
99          -165462.4383072897       
97          -160094.19936723297      
88          -138367.75212873699      
93          -149755.08272941905      
102         -166456.45885857713      
100         -154166.01453965847      
102         -154515.67333641351      
102         -163945.4534161459       
94          -144132.01804253919      
102         -164187.62356626068      
96          -143347.99662987463      
104         -170302.87425941485      
104         -163893.02958753618      
101         -156698.21528996056      
88          -125660.76697143036      
85          -117571.74753616414      
80          -102797.3862669113       
74          -89383.581950095104      
80          -102672.53376035007      
102         -163253.47025584683      
91          -130361.68901444616      
90          -127821.24395953068      
90          -135603.76082012319      
89          -130765.79056134893      
84          -124678.19978615889      
78          -103573.03512473544      
74          -94451.521775555535      
87          -131144.35296662099      
96          -153205.51334486733      
105         -169460.04657073421      
112         -192498.40102326134      
108         -176866.76745984354      
100         -152167.65640789314      
89          -123846.8228515746       
90          -132305.84693649621      
92          -136474.43401884063      
87          -119338.92068426103      
87          -114443.09765891306      
89          -125674.70152151838      
79          -111217.89816900859      
86          -127953.8264936932       
97          -154904.65254917784      
105         -173237.65897920009      
101         -165859.79909163871      
102         -165623.10446303902      
117         -204110.04484703764      
101         -160442.20545343767      
103         -165891.03598389443      
108         -185347.40159507014      
107         -186477.82148373596      
106         -188048.36266542543      
110         -197476.66164362576      
110         -198690.44611727563      
100         -164566.26392767706      
101         -163729.04234665335      
104         -167157.54642586256      
105         -171354.1382506073       
107         -176969.68207231487      
113         -199422.32348251547      
106         -175442.55209075849      
110         -194789.44787065563      
104         -175963.76135369137      
107         -187583.81562202395      
98          -165084.93722099593      
98          -162275.07317544869      
100         -156386.57685677861      
107         -185157.23457372232      
100         -167634.75078275311      
113         -204655.87600702379      
114         -198576.29608948433      
116         -211050.50983964131      
122         -231717.69452831423      
121         -229410.01370941821      
113         -206206.96936817211      
114         -211189.48323459676      
116         -221117.54172738199      
118         -223612.91472734409      
122         -230956.13556445646      
120         -224544.45992379915      
116         -209640.91050607068      
116         -210497.25819076851      
114         -210427.80734671064      
119         -230479.69562877167      
123         -236533.3810136675       
116         -216382.16830397194      
116         -215247.94850440876      
119         -224135.25455991668      
117         -212411.74448805474      
118         -223955.3717321025       
117         -219674.77055864505      
111         -205208.37985869203      
105         -183004.38284735999      
97          -166039.36533676591      
99          -178659.39509509539      
102         -177799.57424948973      
94          -154014.57596075509      
97          -158120.7957321119       
