510 1 -4127 35 35 35
119         -219143.91751005096      
116         -214235.17131657733      
120         -229584.55040328586      
120         -218202.29306300031      
121         -225691.31009344061      
115         -210814.1632673227       
111         -195624.93960521364      
103         -172224.49046868196      
100         -164850.20493064597      
98          -152529.73087786546      
95          -144329.03030223807      
92          -144283.30768772945      
90          -135770.85126579195      
94          -134408.92438493582      
91          -129486.85581316776      
92          -133893.71070485527      
93          -143139.35860717067      
90          -138560.79820624         
92          -140295.30491871192      
93          -139749.09771968081      
84          -110095.06256701837      
74          -95838.816150118219      
66          -75749.411489715683      
64          -72022.332993134361      
66          -78889.503979756788      
60          -62149.286548655262      
55          -55098.838636719731      
60          -59191.789216615362      
63          -59575.192146347959      
68          -73506.305446282102      
53          -51158.543910191976      
51          -44869.095420740909      
55          -53842.913875548169      
55          -56657.637519452117      
53          -50603.119596431367      
54          -55633.273699593847      
43          -37272.292175808012      
54          -50668.995107654177      
64          -74510.487035018305      
60          -67005.146795661669      
64          -72154.120106982664      
78          -102150.33490352207      
76          -95714.345942683605      
86          -109907.43585497842      
79          -103220.84463788806      
89          -126466.60476447408      
90          -128738.11055261042      
90          -129239.60083228518      
85          -110993.6893938008       
89          -125966.38075334365      
95          -141233.29641709733      
100         -152504.05805792726      
95          -144585.21713230992      
107         -171588.14507160676      
106         -175760.36491815562      
103         -163732.69021955709      
94          -138727.044962135        
94          -135135.99751510896      
95          -142897.35168335741      
100         -157680.1417359637       
104         -161692.76714176696      
103         -166625.0089978202       
100         -162959.83741047684      
99          -154476.39136269828      
90          -134756.19276692998      
89          -129528.47274828539      
84          -114185.31543097488      
85          -117036.35657760871      
79          -105419.71290543368      
90          -130520.47438897124      
86          -125981.36806863178      
90          -132965.25440420373      
87          -120511.85216851186      
89          -121495.1976468607       
95          -139362.3495335372       
96          -144732.97633609158      
90          -126458.7629573926       
95          -140745.62286473718      
100         -155594.62644578039      
108         -183666.76405368626      
113         -204044.99369726668      
107         -183064.00419916521      
110         -197335.12877666025      
99          -160698.32349176731      
83          -124526.16495158573      
85          -120254.12695247827      
86          -127898.893507349        
89          -127609.9407859682       
94          -139488.80773440719      
87          -127444.97353500259      
82          -117713.13850878229      
77          -92148.954324706923      
83          -102795.73317884826      
85          -114011.19855774628      
88          -121729.88216770779      
85          -113922.57288003876      
73          -84710.420261905223      
71          -82984.745491258698      
69          -90532.256174013179      
66          -72265.182400878519      
73          -89381.072955131836      
