510 1 -4127 35 35 35
121         -37382.530001105362      
115         -37571.637837744289      
125         -40313.270423664733      
118         -38799.083835264944      
120         -37779.370225695086      
117         -35906.178292949095      
117         -35731.343221856638      
120         -38205.769706058054      
114         -34619.361097635745      
122         -39554.144538001201      
118         -36811.176027593174      
122         -38821.390188088772      
122         -37420.505737626307      
124         -38983.341804782045      
117         -34229.942568318715      
120         -35938.523358931227      
106         -29280.420667889633      
99          -26847.615115346765      
103         -28423.9101445698        
102         -25062.975013796862      
95          -22762.438365077182      
94          -24499.635962940298      
98          -26355.283008977523      
96          -26635.526175963627      
103         -30105.376778558191      
107         -27551.329790179308      
107         -28229.819678757551      
108         -28212.561006842083      
101         -25267.798703691144      
106         -29383.344100550097      
98          -26167.025722237475      
97          -26491.034838471325      
87          -21463.873936735097      
87          -21762.323586827908      
97          -26325.088898414997      
90          -22089.678713333051      
85          -22986.674238151045      
90          -23926.739050329226      
87          -21744.602253186844      
90          -23074.14127925285       
97          -25911.21405869085       
96          -22229.068776014632      
95          -24248.04040781784       
94          -23040.805289053595      
97          -22243.440966315589      
100         -25799.120832342796      
94          -24267.963055649008      
96          -26114.543133021223      
99          -24928.255390066006      
105         -27816.970847951241      
100         -26537.06021308462       
99          -27232.105825187329      
98          -24456.337680044478      
91          -22107.422472513186      
96          -22748.096644591438      
107         -26431.031901814622      
117         -31690.032867029717      
122         -36778.292253841268      
126         -40441.884430664126      
128         -40233.346269728834      
124         -38658.799041630336      
125         -38604.749898273905      
132         -40062.407972905246      
127         -39178.843610813317      
124         -37817.556812648902      
125         -39686.128848436383      
124         -38460.777935526035      
124         -39500.934644818059      
128         -42767.505655158464      
122         -40414.446073780695      
124         -40350.609094855608      
123         -39890.917757893447      
118         -35565.63482300505       
126         -37588.78760499246       
119         -37341.36192286486       
114         -33766.000844795621      
114         -32838.930502589006      
116         -33545.503890488915      
111         -28909.328689272697      
112         -29074.382173778184      
110         -30396.784473152718      
106         -27149.799600319129      
107         -27170.73862351049       
111         -28061.621127830727      
109         -25235.253039174269      
104         -24505.208513538626      
111         -26299.780595507822      
102         -25798.347097502141      
102         -26803.189447690344      
101         -26053.083635612224      
102         -28878.054143508136      
108         -30751.073203311957      
108         -32654.656980027292      
104         -30083.760136282272      
108         -32413.437653903769      
117         -38474.076093688673      
113         -31868.991491215507      
111         -31947.23082259066       
106         -31503.45219585461       
107         -29980.312373220248      
110         -31378.481795056865      
