510 1 -4127 35 35 35
94          -147401.64861915354      
100         -164887.66534461931      
102         -171210.218000302        
111         -202090.61087437364      
111         -199712.32360888043      
117         -212658.11915167849      
115         -204170.15274659696      
115         -206478.37129208582      
115         -208443.96477291291      
108         -189249.56483459604      
114         -212029.1189137566       
119         -224402.77248536094      
118         -223840.94044278233      
115         -209789.1236669319       
119         -214899.79424824592      
110         -191049.00568372561      
109         -184350.77800749932      
115         -205886.16074941237      
114         -207151.10554980882      
114         -207582.96191408174      
118         -222787.38078117644      
112         -202969.23757951293      
120         -232652.10068196428      
121         -234264.98802542055      
128         -247738.45620610175      
123         -232146.74849730084      
115         -204688.3680621894       
122         -229004.24418090296      
122         -231913.10276238885      
115         -214000.6119668693       
119         -227240.70496650386      
113         -212002.84311589823      
107         -191967.21259961696      
111         -201059.76976445093      
106         -185425.57909630518      
94          -148556.7363190953       
101         -162554.22402364376      
106         -183269.60016511232      
107         -187951.11800658255      
106         -180655.62442724977      
117         -212746.70395179049      
112         -195827.16424093427      
106         -175545.47513099358      
99          -160213.88848084927      
92          -136231.8135443175       
90          -133936.42381734584      
89          -131457.41022101673      
94          -147122.52003193376      
94          -146941.63900095789      
89          -133726.77378392674      
89          -125035.61601400899      
96          -147379.36198009996      
96          -151581.69949955668      
98          -153907.8231360114       
103         -174648.66628948055      
109         -194289.58719754583      
111         -199152.40333934975      
109         -188915.73464464434      
105         -172782.95261234866      
100         -155074.02468405032      
97          -149563.93459138452      
90          -137628.9689778696       
98          -157153.72812735292      
94          -143937.2944645563       
95          -139841.54180032294      
98          -152251.25999019734      
85          -120696.94131058542      
83          -114717.12630921268      
87          -125520.74478017548      
87          -123278.35827248133      
88          -128556.1833044329       
79          -111231.69915180231      
96          -156741.23180040932      
91          -133128.87216130728      
88          -120583.07308832114      
88          -124405.95628225891      
106         -179126.42138156737      
116         -212488.71374186288      
111         -201092.23259761315      
121         -225455.45054587399      
131         -263073.32096673566      
130         -259884.02683726003      
129         -256601.75232449279      
123         -234196.04152691708      
125         -241192.35916621305      
115         -211539.10212690308      
115         -214637.40921207648      
116         -214839.04559464983      
118         -220436.54814186873      
104         -179139.07087335447      
104         -173465.79946535826      
109         -189565.71243074336      
109         -185728.53570820048      
108         -178728.81696694327      
106         -177148.03408881539      
102         -163377.22862987913      
95          -143462.1680414076       
98          -153955.65129751427      
102         -162840.66140126967      
100         -159443.65827590227      
107         -174517.17114830558      
