510 1 -4127 35 35 35
71          -29843.723243718137      
68          -29855.023482189798      
71          -32747.83996201499       
79          -37102.498689834829      
73          -33315.741925421891      
84          -43015.212434407433      
89          -49640.692328181074      
96          -56727.492498560372      
92          -53404.327384124692      
87          -46259.980281912074      
98          -56359.481362284612      
87          -45460.251471756652      
90          -53845.007826648594      
92          -52932.012869382488      
87          -47010.286116025694      
84          -44478.547834240868      
76          -35523.799231927107      
79          -36384.320564021575      
75          -33872.631799554263      
77          -32306.828112303701      
78          -36614.241258260648      
81          -38717.070625543871      
81          -37315.065578283458      
74          -33875.71578252063       
74          -33251.542656496298      
77          -33059.911712561567      
72          -32360.190376147904      
68          -27919.946833405789      
65          -22348.472598388504      
77          -33892.809948315524      
83          -37416.753172899793      
79          -33088.784566376235      
80          -37044.819965899216      
90          -44066.792198742696      
93          -51260.59517806166       
92          -51707.911882526918      
80          -39897.460510292876      
84          -38562.136903008737      
96          -52402.956618541735      
98          -54056.287640424904      
103         -60209.102593070747      
107         -62583.949449475367      
107         -65418.855625511984      
114         -75302.190804249054      
107         -66643.656018899783      
107         -67417.473084858648      
105         -63600.664856709482      
106         -69310.943079934455      
109         -70489.278511249271      
111         -73574.353503425562      
103         -61139.414297433432      
104         -62043.205875662861      
106         -64933.037160531007      
91          -51108.465092305429      
84          -40875.699542072703      
82          -39507.319817866126      
80          -39941.544251089879      
72          -34616.821100112727      
75          -35427.774406034441      
77          -36647.583749743571      
73          -35928.928305452318      
75          -32309.673137123631      
76          -32924.302227778535      
77          -31283.413264358751      
77          -31762.652155795         
80          -35977.874750316158      
79          -36482.53999961324       
73          -34421.273386622946      
68          -32393.897709851746      
62          -27594.882335657378      
67          -29563.495339128734      
70          -31678.829864771957      
76          -36845.299330304355      
86          -43244.690016735876      
86          -43505.939401755662      
83          -37964.410090074642      
79          -37356.880674362088      
86          -40438.834008773985      
89          -45498.464229123405      
84          -39666.324002106645      
85          -41731.329046797728      
83          -39402.530962927071      
92          -48769.040241742347      
91          -45384.523534732471      
95          -51805.799741823474      
99          -56280.864620026958      
87          -41376.027308934907      
85          -39972.562507036127      
88          -45197.455776103518      
112         -70797.472394845914      
105         -63325.553393842274      
108         -68942.309025722163      
114         -75629.542102869425      
113         -75176.112123647807      
119         -82848.231760038034      
121         -85390.533954791099      
119         -82025.269412093156      
122         -87741.030208435172      
122         -85970.365905051716      
119         -81198.005264302265      
117         -79679.857739776126      
