510 1 -4127 35 35 35
87          -19590.30880384428       
87          -20769.404477215874      
83          -17543.550816478473      
71          -13454.34245537839       
74          -15603.814332068172      
70          -12328.111230816889      
65          -10738.834260251988      
69          -13739.583847080707      
71          -15648.29026030696       
74          -15743.704414338752      
74          -15734.705097928754      
78          -18105.578836819161      
83          -16399.968936281548      
87          -19467.901290114052      
90          -18149.261040716221      
79          -15011.05155024614       
70          -13053.984338546237      
69          -14535.508103264219      
75          -15929.586912250181      
78          -15603.109971566117      
83          -19138.867157344983      
88          -20649.957756354521      
92          -21100.403807206247      
94          -21388.44637296009       
95          -21285.84127870046       
92          -20823.128508663056      
90          -20070.147745820461      
90          -20287.596831502175      
94          -17519.746738078004      
93          -19770.509151069233      
89          -19715.120236022703      
99          -26237.399524322809      
102         -28256.906338578458      
99          -27968.974609017241      
92          -24724.900362323908      
97          -25855.910318378705      
98          -27265.815749773348      
93          -25752.648101402017      
94          -25116.292456669395      
89          -23649.365248578688      
93          -23328.238851390248      
87          -22354.8573955709        
87          -23228.152015652384      
88          -20082.048428457863      
88          -20767.204020809615      
82          -16221.937254027403      
77          -17490.638630404515      
80          -18342.613170181587      
85          -20105.194840200445      
91          -20452.536544182574      
77          -14929.281869769744      
81          -17413.152685765061      
83          -16739.233803998271      
76          -11877.787186188185      
71          -13633.679703620706      
80          -15887.984015316086      
90          -19571.813094997233      
92          -19973.156843865101      
107         -28913.035370250171      
103         -26633.907637280401      
105         -28386.59469026616       
89          -21682.507480259457      
90          -21731.232035312642      
85          -18923.957618749799      
88          -20514.839805072996      
84          -18470.16073387436       
91          -22566.32974827657       
93          -22702.221391008225      
95          -21277.040951826861      
86          -17695.526542790842      
92          -19135.463724762671      
86          -18754.86807266745       
97          -24773.965662107486      
91          -22413.886027828423      
77          -16657.63537897421       
86          -19537.327679242371      
82          -20625.223958120947      
83          -20282.840919245627      
96          -23241.308058929953      
100         -26755.98299835877       
103         -27845.419858780737      
105         -32944.818966660569      
109         -32526.781115892962      
108         -31868.759746237138      
116         -32513.662893298886      
107         -30578.241177732496      
105         -30075.909572550911      
108         -29133.493118112507      
114         -32537.77430436535       
119         -37878.23044355517       
115         -33558.279238148658      
112         -34086.406186678891      
110         -31606.896617485309      
112         -34059.127534082196      
105         -31306.599632408557      
108         -33525.499276948656      
116         -37533.22120542566       
125         -42967.985017350118      
130         -43549.937146684315      
128         -44594.518617510752      
124         -40834.10025689246       
