510 1 -4127 35 35 35
28          -3053.4182819715693      
28          -3009.4318545595502      
31          -3322.4564551210497      
22          -1786.0057179260255      
34          -3715.2672735112778      
36          -5494.7616243791572      
27          -2204.1918351257682      
28          -2381.3147619176193      
32          -3287.3786835733072      
42          -5231.4279351633922      
37          -4341.4460411997097      
27          -1680.2322788442962      
31          -2573.8757922836376      
42          -5184.4631460905848      
36          -3674.6166897045946      
39          -2909.2396343008454      
36          -4089.1124893958577      
49          -7251.5468821466384      
55          -7661.6155635448467      
45          -4927.1733781501516      
52          -5797.9036625544095      
39          -3157.2846667401159      
49          -6991.5190473275306      
47          -5339.2357656601062      
39          -3353.8930786212145      
37          -3939.3066637346069      
38          -3921.3545138009458      
34          -4258.4158931039883      
33          -3660.9131433631801      
38          -4320.8208169163854      
28          -3430.9323422016355      
32          -3554.6916248062803      
44          -5664.5315511851004      
42          -5276.5287643010697      
44          -5639.5857834480867      
45          -4897.7197557273139      
41          -5539.6839267962378      
38          -5022.4193426054417      
46          -6729.9202270953247      
38          -3604.1222585934852      
27          -2103.58936676858        
14          -493.15411447941875      
26          -2040.8259725680221      
22          -1703.9660277211883      
31          -2384.2241178883046      
21          -1557.8758485623816      
30          -2495.2583072907346      
25          -1535.1925797938986      
37          -4643.6814186091224      
37          -4457.4591856714951      
27          -1567.1404126824696      
25          -1598.3683682506385      
28          -2254.2904685872422      
28          -3483.5922302261097      
31          -3708.3964182497584      
17          -1349.2039336875557      
26          -1725.565833510567       
34          -3151.0493758335415      
26          -1727.4892099733338      
26          -2108.682917093588       
24          -2436.622437845303       
34          -2666.621267226757       
33          -4044.8609109487948      
27          -331.91878489539158      
44          -5748.8780314306732      
29          -2594.2786362657112      
29          -697.17676643291713      
36          -4389.7140121942693      
44          -5100.674187096628       
59          -9434.2996847522154      
47          -6756.0555939157548      
54          -7372.6390098019028      
67          -11751.131063444829      
75          -16627.039634544177      
65          -13364.6521444625        
69          -14854.017539030572      
65          -13051.064615535861      
57          -8904.8738332411795      
69          -13009.721816364088      
67          -13173.820068996964      
79          -16013.069170938903      
79          -16986.223336210016      
82          -20113.754645554716      
85          -19081.798308097514      
83          -20289.075831287635      
89          -21515.617965620553      
82          -18090.267682263515      
91          -22378.403044794159      
88          -21521.783512748738      
88          -18914.924638405755      
91          -20639.860461101147      
96          -23161.983381845261      
86          -16922.846647566701      
90          -19089.495959927772      
94          -24178.711178719106      
96          -22633.694356342647      
98          -24775.116897413951      
84          -19571.705106530622      
76          -16860.376096400865      
82          -19733.196029024035      
78          -17562.771486209524      
