510 1 -4127 35 35 35
101         -27827.247455845929      
111         -32009.224675992515      
118         -32779.855773279691      
116         -32395.971514998862      
123         -33998.287752153505      
125         -37185.831137315945      
122         -37979.332249739571      
112         -32162.133481301302      
110         -32749.107878490991      
116         -32983.864715713244      
110         -30843.838662530248      
108         -32121.218750883618      
102         -26531.349860796912      
98          -22288.971315975301      
103         -27958.465544036237      
110         -31278.477136056077      
117         -35176.473988764912      
113         -31464.713896615394      
108         -29482.294847496101      
99          -26072.161027651138      
97          -25303.841734689264      
95          -23845.880222688091      
94          -24041.78553417826       
92          -23837.599193154765      
94          -21983.092032439374      
86          -18260.899505087626      
81          -14805.237952109856      
72          -13709.475403119699      
68          -13546.708818606066      
59          -10791.312914970669      
56          -10743.908798902026      
55          -9563.1584216670763      
58          -9398.9103357887689      
62          -8747.1846305778199      
67          -11633.281172886256      
65          -10721.995644718949      
65          -10820.562377526454      
64          -11975.661552035859      
49          -6417.5082977903085      
37          -2316.7278793584487      
30          -2961.631064050745       
23          -2277.1493804739303      
35          -3651.1387519489163      
40          -4553.0527746969137      
30          -3381.3194345806387      
20          -1213.0355635164103      
29          -2459.8100680140333      
32          -2266.9337584378873      
31          -2743.207041203771       
28          -777.24118937892842      
32          -2719.5432872756487      
25          -1775.5040319755647      
35          -3415.6438679099319      
32          -3599.3555702994881      
29          -2229.6562587303106      
27          -2695.7383524214415      
33          -3378.2783434846774      
33          -2779.0947348362956      
38          -4467.3428857434001      
44          -6947.4728684048278      
42          -6406.7200068377288      
37          -4016.386168319681       
37          -3559.3906544790598      
37          -3643.7042321936019      
32          -3135.8191350555689      
30          -3177.6006209656866      
29          -2199.5456552189412      
34          -2726.050510916381       
33          -3372.7548938112291      
21          -1564.0675451612728      
29          -1854.6008265395237      
28          -1215.8388880544221      
18          -1001.9360409097123      
10          -135.89382814431843      
25          -1660.9190135195397      
16          -642.27980260881191      
18          -1479.402623578414       
24          -1647.7338802312026      
26          -1997.1382918039537      
25          -1196.1855227417598      
37          -2829.1746091603695      
31          -2547.7235120314099      
26          -1877.202353900715       
17          -981.91380301874756      
24          -1563.3321470985391      
26          -2443.5509735444498      
24          -1995.9321802360394      
26          -1915.2316383928728      
13          -376.52516669406299      
26          -1642.6566084366871      
31          -3077.4632232931699      
27          -1982.872640340772       
33          -2599.4521495506215      
22          -1511.7705334653201      
29          -2183.2416908711348      
29          -2015.7285428102034      
29          -1218.6288552888204      
23          -2102.7048341932355      
25          -1883.0436903569064      
33          -3883.3335200284364      
33          -2676.831202948923       
