510 1 -4127 35 35 35
82          -108187.81132373755      
87          -116202.52665680643      
90          -128311.90767904099      
84          -112371.69586772932      
84          -116092.80213942236      
86          -119735.35537462262      
94          -140251.36254094064      
94          -137253.81649827023      
87          -125302.98568954018      
92          -138352.5463103193       
88          -124862.53393005747      
94          -141417.67921990622      
84          -109797.92573948206      
82          -105675.06006131764      
83          -110022.79712664768      
78          -97439.942003933073      
77          -95669.143201849263      
86          -120436.46977175721      
92          -136914.40199210026      
92          -141883.99829127445      
88          -126315.85420321567      
93          -130709.98664276341      
84          -123233.64986956632      
88          -134618.99568435879      
76          -99253.49356135352       
80          -114462.2626956153       
87          -135564.38193359162      
103         -171443.75009841876      
100         -157741.36038397026      
97          -153994.76117005301      
100         -156340.97042595744      
103         -164982.14170252928      
95          -144512.74927199731      
94          -148971.71750721967      
85          -119355.48672595379      
82          -107728.9341643799       
76          -87051.964216669861      
87          -119096.0705143293       
81          -97155.050981845357      
85          -112324.28895775149      
80          -101603.26255197402      
67          -80748.211311438499      
61          -69534.15302441566       
64          -77052.27660609156       
56          -57235.976686174617      
70          -81424.39272009948       
71          -85941.574294348698      
75          -98082.868899270616      
83          -113548.68944740926      
88          -130219.63318038255      
97          -151893.70205929468      
102         -170905.33431258003      
98          -163877.3352152369       
96          -151012.10214828199      
101         -162811.40422518685      
93          -146517.09914968727      
85          -122834.64568177065      
87          -119017.1053945382       
92          -137499.59369750804      
87          -128932.04627889156      
86          -123038.69836428144      
86          -117962.36956695106      
89          -129579.27128997224      
92          -134266.73915442787      
93          -133704.22347180115      
93          -138476.6018469588       
97          -146972.79620394451      
84          -105796.36289154325      
75          -82427.262646976742      
68          -73217.582464089399      
52          -44513.617255789381      
69          -81084.856403022175      
67          -76455.20187700972       
70          -82291.967440402077      
81          -101847.67530549499      
71          -85122.304462192129      
65          -74956.627976811287      
73          -85903.4341354059        
72          -84845.259829092829      
69          -77304.637833510409      
65          -74867.484253326169      
46          -44621.466453005552      
38          -31199.116660488795      
49          -47282.355756235738      
43          -34262.056348927195      
35          -27861.673019079732      
19          -11237.178375234003      
23          -9094.4537553713544      
17          -8387.4912103541246      
16          -4533.7683794443246      
30          -17100.213216368593      
29          -15396.331712002097      
12          -3389.1759442627908      
19          -6759.0212397447585      
15          -7378.4955860377304      
30          -21165.611817875462      
24          -10666.564610044967      
37          -27085.661754462184      
16          -2895.8721151299005      
25          -10336.183040607799      
28          -15601.229088875281      
