510 1 -4127 35 35 35
27          -13446.343440661081      
25          -8355.3854686457471      
25          -13158.738395648395      
24          -10398.537843391076      
33          -15923.11284343441       
25          -9798.8869772628768      
39          -26907.087334332959      
46          -33236.134394776171      
29          -16258.173609470399      
22          -7378.2854409229194      
26          -9370.6619829299125      
26          -11845.535854326074      
27          -12182.433760389991      
21          -9507.0748491592039      
23          -8020.5237395505374      
20          -6833.7337262353658      
11          -3492.856799075751       
17          -7320.6540546888273      
27          -12944.847496857203      
25          -12498.770484766117      
29          -15698.453528876595      
19          -9020.9136419879396      
17          -5383.1960829988811      
12          -3194.0639409008859      
18          -4425.2303517713608      
20          -5421.0712297328591      
28          -11679.967050756331      
16          -2986.5541551271249      
21          -7250.2851344480296      
37          -23009.20110907956       
35          -22640.125952045295      
35          -24570.136113986417      
51          -47045.843681117374      
56          -51984.338950636316      
63          -62269.389982201021      
56          -55682.420297034478      
38          -29197.587607736892      
36          -26195.605235384261      
39          -31690.488050389918      
45          -32373.462951102589      
46          -37766.194724359353      
54          -48714.475696295238      
44          -30504.041736884948      
39          -27099.857049207625      
34          -24467.431594870595      
39          -28624.545899602163      
25          -15802.090815539583      
25          -15748.995029225327      
25          -15407.163460795362      
43          -32968.807953873758      
42          -36055.350884384447      
47          -40896.782382691476      
37          -25485.544188581531      
41          -26942.070537515498      
37          -27879.565060242861      
41          -30678.804514062587      
48          -42932.79561821212       
43          -34256.432373463867      
38          -36909.622605455457      
38          -30773.710589383889      
41          -31952.182293653092      
54          -48740.892968183267      
51          -50987.766832213965      
40          -29820.541905007791      
42          -28611.197057459918      
36          -23269.239872511513      
35          -23318.207071630502      
20          -7813.6277530890247      
28          -14867.130139717883      
31          -12995.380704562633      
35          -22620.567348293098      
24          -13952.393438443152      
34          -23846.181767997736      
30          -18420.381612625461      
31          -14387.963905264896      
31          -20660.650392238407      
29          -15295.895719885173      
21          -8179.6491511905142      
29          -14049.803072162098      
30          -12985.174410540363      
30          -17143.175486454344      
37          -27213.159542557147      
48          -46428.768735941958      
50          -46002.993995899749      
56          -57886.517560605396      
51          -42538.802102264366      
57          -54544.493047203679      
72          -78661.786547454773      
81          -99325.813621285997      
78          -97329.071719025902      
68          -86541.394948441302      
90          -134706.6425736309       
88          -128053.47637782957      
82          -106062.63690506596      
81          -107780.66110586685      
83          -121760.44683916465      
87          -125537.91342117937      
86          -117302.18139361951      
89          -123615.30043000868      
87          -121344.31995856337      
95          -144557.91547311377      
