510 1 -4127 35 35 35
87          -125362.665557022        
88          -127353.77742209265      
95          -146038.42862096796      
96          -146497.06603796556      
99          -149482.19071274699      
96          -146300.84283564557      
84          -113642.80998297111      
86          -124121.25337899619      
79          -103264.90766017447      
73          -90953.334550133892      
83          -117030.57863566444      
88          -126909.87526728114      
78          -99917.828526290003      
78          -107532.33765732174      
74          -96480.256732557886      
73          -91660.82012278396       
82          -116622.64329742722      
90          -129262.1195141285       
101         -159370.8295483001       
94          -139428.65451398375      
97          -140171.07918341339      
101         -156652.78925328949      
101         -152123.35920132746      
99          -151811.04396967197      
107         -173690.75258620273      
105         -169828.77568192242      
102         -159163.19432961885      
109         -187028.60400827214      
109         -181210.88594639138      
105         -182080.74270617263      
96          -154618.94627497884      
101         -165223.90363093751      
103         -175956.07030999725      
113         -203694.51091835686      
120         -225046.13973563677      
112         -199377.38689481045      
117         -224171.92289409906      
124         -243996.49361268964      
122         -235182.94585840357      
124         -244423.87953878028      
123         -237236.51125738767      
120         -230208.41817385051      
123         -241556.49849892897      
124         -241228.01900810751      
121         -227808.6823890068       
117         -218476.7816273749       
126         -244025.82882728541      
123         -234873.9216368222       
128         -259262.10124666378      
129         -261068.1157556434       
130         -263557.57460530562      
127         -251148.68262717876      
123         -237983.07771518527      
123         -241418.8217101864       
124         -247627.96346709231      
118         -228750.1657982507       
126         -259269.6731714273       
127         -263081.1979981098       
129         -267864.66571697535      
124         -254011.38402635153      
128         -269507.43521708064      
132         -276378.13071552629      
126         -248407.02725426207      
123         -243265.74652567127      
126         -252337.06313764566      
124         -246912.74632572773      
121         -231124.48454759485      
116         -214626.49329699686      
116         -213741.96290155384      
114         -203234.89736512996      
111         -194687.74840667582      
112         -202073.29459860019      
119         -230344.17593729231      
114         -216995.1184051568       
110         -197296.32401027298      
110         -194516.30041706905      
118         -228776.73693488108      
123         -241664.65107574832      
124         -242985.97776323499      
123         -245021.0208783136       
122         -242551.49162610638      
123         -246940.24862178098      
118         -234194.26633562901      
116         -227876.80562047393      
113         -218958.379632528        
121         -246042.86069359441      
119         -238246.89428673912      
118         -230376.41531610687      
113         -218589.56022549127      
113         -217244.03537458373      
110         -203158.70332895286      
114         -210765.9171706982       
115         -208220.18414896523      
110         -192305.96522125858      
113         -199185.83286649091      
108         -187250.87187490039      
106         -184798.59194909781      
111         -197632.06442041579      
108         -192171.13061774988      
107         -192060.32459847294      
108         -187069.86566954356      
