510 1 -4127 35 35 35
84          -116435.08374675644      
88          -122044.87384376343      
85          -123869.90665172163      
80          -103875.76349230876      
88          -120904.99599065645      
90          -129578.28530302718      
94          -135419.10379410954      
94          -134166.4307264174       
95          -139920.21638806578      
92          -132797.05129799966      
95          -146094.2749464951       
94          -147305.74320164268      
90          -135228.00103052141      
89          -132731.17735097467      
85          -125331.46422484872      
91          -139781.68626037781      
91          -136636.43664094663      
78          -104356.15779152844      
70          -88213.674541438391      
68          -86109.706849633163      
71          -89088.949700478828      
77          -94565.975289640803      
79          -100476.58541099276      
61          -64393.974500104654      
59          -64238.620445215536      
46          -41865.675090138997      
47          -46622.471669112434      
48          -40474.227580944411      
58          -61010.164365372744      
51          -46129.320935241682      
48          -41238.679806494962      
54          -49837.120965209957      
60          -56221.136780596127      
57          -50527.383354358462      
59          -52551.414712156002      
63          -62945.000987632484      
63          -64881.374128839539      
69          -78385.223240741499      
68          -77308.007106919802      
68          -78146.01543709448       
72          -86937.805146384606      
69          -76817.214751930223      
49          -43480.157233289327      
47          -37589.870264582321      
46          -34588.763130216728      
52          -45531.060201417371      
43          -32210.595752269699      
34          -21757.661780791375      
33          -19405.099303868868      
25          -9312.1544769068059      
23          -9710.7991143103591      
28          -11218.700929736828      
32          -19891.617965704445      
23          -13259.28607565263       
41          -33578.398181021032      
47          -47427.233591399417      
39          -26749.369811775949      
31          -14795.879326061831      
26          -15651.839523089708      
25          -9312.7589369997604      
28          -13526.289326411032      
21          -9440.0588024252847      
19          -6549.3380781365931      
28          -10123.675440594317      
25          -9335.3462986663799      
26          -12911.575094760699      
31          -15250.391623237758      
32          -20384.684186931019      
31          -17913.990194572838      
31          -22372.674602560506      
40          -34179.946744900655      
41          -35083.91060371101       
37          -22032.739650312767      
21          -13081.452577600312      
35          -21656.299584774082      
26          -17388.58965335535       
28          -16286.938332824935      
33          -19486.011950096225      
35          -19083.706303489882      
43          -31961.103633323779      
29          -18001.205081917848      
26          -12366.505257272023      
36          -24117.203827861151      
26          -15094.790769859677      
25          -14716.622934497527      
35          -25219.498637759974      
33          -21531.277533282442      
19          -6074.5009535707768      
24          -9915.908534072616       
25          -9767.7819674010061      
33          -17092.267500346385      
23          -10139.166332693705      
23          -9620.749172869735       
22          -10047.053774070999      
30          -15789.24949225174       
28          -16280.44204787663       
26          -9873.2653225495123      
28          -14273.656620218153      
37          -24269.503008062973      
37          -22370.813193661317      
38          -23668.174551921362      
